time_epoch,time,temp_c,temp_f,is_day,condition,wind_mph,wind_kph,wind_degree,wind_dir,pressure_mb,pressure_in,precip_mm,precip_in,snow_cm,humidity,cloud,feelslike_c,feelslike_f,windchill_c,windchill_f,heatindex_c,heatindex_f,dewpoint_c,dewpoint_f,will_it_rain,chance_of_rain,will_it_snow,chance_of_snow,vis_km,vis_miles,gust_mph,gust_kph,uv
1735488000,2024-12-30 00:00,25.2,77.3,0,"{'text': 'Overcast', 'icon': '//cdn.weatherapi.com/weather/64x64/night/122.png', 'code': 1009}",11.6,18.7,53,NE,1012.0,29.89,0.0,0.0,0.0,85,90,27.7,81.8,25.2,77.3,27.7,81.8,22.6,72.6,0,0,0,0,10.0,6.0,18.2,29.3,0.0
1735491600,2024-12-30 01:00,25.0,77.1,0,"{'text': 'Cloudy', 'icon': '//cdn.weatherapi.com/weather/64x64/night/119.png', 'code': 1006}",11.4,18.4,53,NE,1012.0,29.88,0.0,0.0,0.0,86,82,27.5,81.5,25.0,77.1,27.5,81.5,22.5,72.5,0,0,0,0,10.0,6.0,17.9,28.8,0.0
1735495200,2024-12-30 02:00,25.0,77.0,0,"{'text': 'Patchy rain possible', 'icon': '//cdn.weatherapi.com/weather/64x64/night/176.png', 'code': 1063}",11.4,18.4,54,NE,1011.0,29.86,0.06,0.0,0.0,86,73,27.4,81.3,25.0,77.0,27.4,81.3,22.4,72.3,0,45,0,0,10.0,6.0,17.7,28.5,0.0
1735498800,2024-12-30 03:00,24.9,76.7,0,"{'text': 'Cloudy', 'icon': '//cdn.weatherapi.com/weather/64x64/night/119.png', 'code': 1006}",11.0,17.6,57,ENE,1011.0,29.84,0.0,0.0,0.0,86,80,27.2,81.0,24.9,76.7,27.2,81.0,22.3,72.2,0,0,0,0,10.0,6.0,17.0,27.4,0.0
1735502400,2024-12-30 04:00,24.8,76.7,0,"{'text': 'Patchy rain possible', 'icon': '//cdn.weatherapi.com/weather/64x64/night/176.png', 'code': 1063}",10.1,16.2,61,ENE,1010.0,29.83,0.06,0.0,0.0,86,87,27.2,80.9,24.8,76.7,27.2,80.9,22.2,72.0,0,45,0,0,10.0,6.0,15.6,25.2,0.0
1735506000,2024-12-30 05:00,24.7,76.5,0,"{'text': 'Patchy rain possible', 'icon': '//cdn.weatherapi.com/weather/64x64/night/176.png', 'code': 1063}",9.2,14.8,63,ENE,1010.0,29.83,0.09,0.0,0.0,86,90,27.1,80.7,24.7,76.5,27.1,80.7,22.2,72.0,1,100,0,0,10.0,6.0,14.3,23.0,0.0
1735509600,2024-12-30 06:00,24.7,76.5,0,"{'text': 'Patchy rain possible', 'icon': '//cdn.weatherapi.com/weather/64x64/night/176.png', 'code': 1063}",8.1,13.0,67,ENE,1011.0,29.85,0.11,0.0,0.0,86,77,27.1,80.7,24.7,76.5,27.1,80.7,22.2,71.9,1,100,0,0,10.0,6.0,12.6,20.2,0.0
1735513200,2024-12-30 07:00,24.6,76.3,0,"{'text': 'Light rain shower', 'icon': '//cdn.weatherapi.com/weather/64x64/night/353.png', 'code': 1240}",6.3,10.1,76,ENE,1011.0,29.87,0.26,0.01,0.0,86,93,26.9,80.5,24.6,76.3,26.9,80.5,22.2,71.9,1,100,0,0,10.0,6.0,9.9,15.9,0.0
1735516800,2024-12-30 08:00,24.3,75.8,1,"{'text': 'Light drizzle', 'icon': '//cdn.weatherapi.com/weather/64x64/day/266.png', 'code': 1153}",4.5,7.2,83,E,1012.0,29.89,0.72,0.03,0.0,89,100,26.7,80.1,24.4,75.8,26.7,80.1,22.4,72.2,1,100,0,0,2.0,1.0,7.2,11.6,5.0
1735520400,2024-12-30 09:00,24.7,76.4,1,"{'text': 'Patchy rain possible', 'icon': '//cdn.weatherapi.com/weather/64x64/day/176.png', 'code': 1063}",4.0,6.5,91,E,1013.0,29.92,0.11,0.0,0.0,89,93,27.1,80.9,24.7,76.4,27.1,80.9,22.6,72.8,1,100,0,0,10.0,6.0,6.2,10.0,5.0
1735524000,2024-12-30 10:00,25.2,77.4,1,"{'text': 'Overcast', 'icon': '//cdn.weatherapi.com/weather/64x64/day/122.png', 'code': 1009}",4.3,6.8,88,E,1014.0,29.94,0.0,0.0,0.0,87,100,27.9,82.1,25.2,77.4,27.9,82.1,22.9,73.2,0,0,0,0,10.0,6.0,6.1,9.8,6.0
1735527600,2024-12-30 11:00,25.6,78.1,1,"{'text': 'Cloudy', 'icon': '//cdn.weatherapi.com/weather/64x64/day/119.png', 'code': 1006}",5.1,8.3,59,ENE,1014.0,29.93,0.0,0.0,0.0,85,81,28.4,83.1,25.6,78.1,28.4,83.1,23.0,73.4,0,0,0,0,10.0,6.0,7.1,11.4,6.0
1735531200,2024-12-30 12:00,26.1,79.0,1,"{'text': 'Patchy rain possible', 'icon': '//cdn.weatherapi.com/weather/64x64/day/176.png', 'code': 1063}",5.6,9.0,51,NE,1013.0,29.91,0.08,0.0,0.0,83,51,29.0,84.1,26.1,79.0,29.0,84.1,23.0,73.3,0,45,0,0,10.0,6.0,7.6,12.3,6.0
1735534800,2024-12-30 13:00,27.8,82.1,1,"{'text': 'Patchy rain possible', 'icon': '//cdn.weatherapi.com/weather/64x64/day/176.png', 'code': 1063}",6.7,10.8,50,NE,1012.0,29.87,0.01,0.0,0.0,72,78,30.9,87.6,27.8,82.1,30.9,87.6,22.4,72.4,0,45,0,0,10.0,6.0,8.5,13.7,6.0
1735538400,2024-12-30 14:00,29.7,85.5,1,"{'text': 'Patchy rain possible', 'icon': '//cdn.weatherapi.com/weather/64x64/day/176.png', 'code': 1063}",6.9,11.2,56,ENE,1010.0,29.84,0.15,0.01,0.0,62,72,32.9,91.3,29.7,85.5,32.9,91.3,21.7,71.1,1,100,0,0,10.0,6.0,8.3,13.4,6.0
1735542000,2024-12-30 15:00,30.3,86.5,1,"{'text': 'Light rain shower', 'icon': '//cdn.weatherapi.com/weather/64x64/day/353.png', 'code': 1240}",6.3,10.1,58,ENE,1009.0,29.8,0.19,0.01,0.0,60,60,33.5,92.3,30.3,86.5,33.5,92.3,21.5,70.7,1,100,0,0,10.0,6.0,7.8,12.5,7.0
1735545600,2024-12-30 16:00,29.6,85.3,1,"{'text': 'Patchy rain possible', 'icon': '//cdn.weatherapi.com/weather/64x64/day/176.png', 'code': 1063}",5.6,9.0,56,ENE,1008.0,29.78,0.04,0.0,0.0,64,53,33.1,91.5,29.6,85.3,33.1,91.5,22.1,71.8,0,45,0,0,10.0,6.0,7.7,12.3,6.0
1735549200,2024-12-30 17:00,28.7,83.6,1,"{'text': 'Patchy rain possible', 'icon': '//cdn.weatherapi.com/weather/64x64/day/176.png', 'code': 1063}",6.7,10.8,50,NE,1008.0,29.77,0.01,0.0,0.0,69,87,31.9,89.5,28.7,83.6,31.9,89.5,22.4,72.2,0,45,0,0,10.0,6.0,9.8,15.8,6.0
1735552800,2024-12-30 18:00,27.5,81.5,1,"{'text': 'Sunny', 'icon': '//cdn.weatherapi.com/weather/64x64/day/113.png', 'code': 1000}",8.5,13.7,45,NE,1009.0,29.79,0.0,0.0,0.0,73,19,30.4,86.7,27.5,81.5,30.4,86.7,22.3,72.1,0,45,0,0,10.0,6.0,13.2,21.2,7.0
1735556400,2024-12-30 19:00,26.1,79.0,1,"{'text': 'Partly cloudy', 'icon': '//cdn.weatherapi.com/weather/64x64/day/116.png', 'code': 1003}",8.7,14.0,40,NE,1010.0,29.81,0.0,0.0,0.0,77,26,28.5,83.2,26.1,79.0,28.5,83.2,21.7,71.1,0,0,0,0,10.0,6.0,14.4,23.2,7.0
1735560000,2024-12-30 20:00,25.4,77.8,0,"{'text': 'Partly cloudy', 'icon': '//cdn.weatherapi.com/weather/64x64/night/116.png', 'code': 1003}",8.3,13.3,40,NE,1010.0,29.83,0.0,0.0,0.0,78,31,27.6,81.6,25.4,77.8,27.6,81.6,21.4,70.4,0,0,0,0,10.0,6.0,13.7,22.0,0.0
1735563600,2024-12-30 21:00,24.9,76.9,0,"{'text': 'Partly cloudy', 'icon': '//cdn.weatherapi.com/weather/64x64/night/116.png', 'code': 1003}",7.6,12.2,43,NE,1011.0,29.87,0.0,0.0,0.0,81,34,27.1,80.7,24.9,76.9,27.1,80.7,21.5,70.6,0,0,0,0,10.0,6.0,12.9,20.8,0.0
1735567200,2024-12-30 22:00,24.5,76.2,0,"{'text': 'Partly cloudy', 'icon': '//cdn.weatherapi.com/weather/64x64/night/116.png', 'code': 1003}",7.6,12.2,45,NE,1012.0,29.89,0.0,0.0,0.0,84,43,26.7,80.1,24.5,76.2,26.7,80.1,21.7,71.0,0,0,0,0,10.0,6.0,13.3,21.4,0.0
1735570800,2024-12-30 23:00,24.5,76.2,0,"{'text': 'Partly cloudy', 'icon': '//cdn.weatherapi.com/weather/64x64/night/116.png', 'code': 1003}",7.2,11.5,44,NE,1013.0,29.9,0.0,0.0,0.0,85,32,26.8,80.2,24.6,76.2,26.8,80.2,21.8,71.2,0,0,0,0,10.0,6.0,12.3,19.8,0.0
