time_epoch,time,temp_c,temp_f,is_day,condition,wind_mph,wind_kph,wind_degree,wind_dir,pressure_mb,pressure_in,precip_mm,precip_in,snow_cm,humidity,cloud,feelslike_c,feelslike_f,windchill_c,windchill_f,heatindex_c,heatindex_f,dewpoint_c,dewpoint_f,will_it_rain,chance_of_rain,will_it_snow,chance_of_snow,vis_km,vis_miles,gust_mph,gust_kph,uv
1735401600,2024-12-29 00:00,24.1,75.4,0,"{'text': 'Patchy rain possible', 'icon': '//cdn.weatherapi.com/weather/64x64/night/176.png', 'code': 1063}",5.8,9.4,41,NE,1013.0,29.9,0.18,0.01,0.0,92,81,26.6,79.8,24.1,75.4,26.6,79.8,22.8,73.0,1,100,0,0,9.0,5.0,10.3,16.6,0.0
1735405200,2024-12-29 01:00,23.8,74.9,0,"{'text': 'Patchy rain possible', 'icon': '//cdn.weatherapi.com/weather/64x64/night/176.png', 'code': 1063}",5.6,9.0,50,NE,1012.0,29.89,0.04,0.0,0.0,93,72,26.3,79.3,23.8,74.9,26.3,79.3,22.7,72.8,0,45,0,0,10.0,6.0,9.9,15.9,0.0
1735408800,2024-12-29 02:00,23.6,74.5,0,"{'text': 'Patchy rain possible', 'icon': '//cdn.weatherapi.com/weather/64x64/night/176.png', 'code': 1063}",5.8,9.4,60,ENE,1011.0,29.87,0.02,0.0,0.0,94,82,26.1,78.9,23.6,74.5,26.1,78.9,22.6,72.7,0,45,0,0,10.0,6.0,10.2,16.5,0.0
1735412400,2024-12-29 03:00,23.5,74.3,0,"{'text': 'Mist', 'icon': '//cdn.weatherapi.com/weather/64x64/night/143.png', 'code': 1030}",5.6,9.0,72,ENE,1011.0,29.85,0.01,0.0,0.0,94,74,25.9,78.7,23.5,74.3,25.9,78.7,22.5,72.6,0,45,0,0,2.0,1.0,9.8,15.8,0.0
1735416000,2024-12-29 04:00,23.4,74.1,0,"{'text': 'Mist', 'icon': '//cdn.weatherapi.com/weather/64x64/night/143.png', 'code': 1030}",5.1,8.3,75,ENE,1010.0,29.83,0.09,0.0,0.0,94,88,25.8,78.4,23.4,74.1,25.8,78.4,22.4,72.3,0,45,0,0,2.0,1.0,9.0,14.5,0.0
1735419600,2024-12-29 05:00,23.3,74.0,0,"{'text': 'Mist', 'icon': '//cdn.weatherapi.com/weather/64x64/night/143.png', 'code': 1030}",4.9,7.9,81,E,1010.0,29.83,0.0,0.0,0.0,94,31,25.7,78.3,23.3,74.0,25.7,78.3,22.3,72.2,0,0,0,0,2.0,1.0,8.5,13.7,0.0
1735423200,2024-12-29 06:00,23.2,73.8,0,"{'text': 'Mist', 'icon': '//cdn.weatherapi.com/weather/64x64/night/143.png', 'code': 1030}",5.1,8.3,73,ENE,1011.0,29.85,0.0,0.0,0.0,94,32,25.6,78.1,23.2,73.8,25.6,78.1,22.2,72.0,0,0,0,0,2.0,1.0,9.0,14.4,0.0
1735426800,2024-12-29 07:00,23.1,73.6,0,"{'text': 'Mist', 'icon': '//cdn.weatherapi.com/weather/64x64/night/143.png', 'code': 1030}",4.7,7.6,70,ENE,1011.0,29.87,0.0,0.0,0.0,94,32,25.5,77.9,23.1,73.6,25.5,77.9,22.1,71.8,0,0,0,0,2.0,1.0,8.2,13.2,0.0
1735430400,2024-12-29 08:00,23.5,74.2,1,"{'text': 'Patchy rain possible', 'icon': '//cdn.weatherapi.com/weather/64x64/day/176.png', 'code': 1063}",4.5,7.2,63,ENE,1012.0,29.89,0.01,0.0,0.0,93,78,25.8,78.5,23.5,74.2,25.8,78.5,22.3,72.1,0,45,0,0,10.0,6.0,7.4,11.9,5.0
1735434000,2024-12-29 09:00,24.8,76.6,1,"{'text': 'Patchy rain possible', 'icon': '//cdn.weatherapi.com/weather/64x64/day/176.png', 'code': 1063}",5.4,8.6,74,ENE,1013.0,29.91,0.07,0.0,0.0,88,75,27.3,81.1,24.8,76.6,27.3,81.1,22.7,72.9,0,45,0,0,10.0,6.0,7.4,11.9,5.0
1735437600,2024-12-29 10:00,26.4,79.5,1,"{'text': 'Patchy rain possible', 'icon': '//cdn.weatherapi.com/weather/64x64/day/176.png', 'code': 1063}",4.9,7.9,75,ENE,1013.0,29.93,0.01,0.0,0.0,80,79,29.3,84.7,26.4,79.5,29.3,84.7,22.8,73.0,0,45,0,0,10.0,6.0,6.1,9.8,6.0
1735441200,2024-12-29 11:00,28.2,82.8,1,"{'text': 'Patchy light drizzle', 'icon': '//cdn.weatherapi.com/weather/64x64/day/263.png', 'code': 1150}",5.4,8.6,71,ENE,1013.0,29.93,0.25,0.01,0.0,71,51,31.5,88.7,28.3,82.9,31.5,88.7,22.5,72.5,1,100,0,0,5.0,3.0,6.2,10.0,6.0
1735444800,2024-12-29 12:00,29.6,85.2,1,"{'text': 'Patchy rain possible', 'icon': '//cdn.weatherapi.com/weather/64x64/day/176.png', 'code': 1063}",4.0,6.5,78,ENE,1013.0,29.9,0.54,0.02,0.0,65,78,33.2,91.7,29.6,85.2,33.2,91.7,22.4,72.3,1,100,0,0,9.0,5.0,4.6,7.5,6.0
1735448400,2024-12-29 13:00,30.3,86.6,1,"{'text': 'Patchy rain possible', 'icon': '//cdn.weatherapi.com/weather/64x64/day/176.png', 'code': 1063}",2.0,3.2,101,ESE,1011.0,29.86,0.23,0.01,0.0,62,87,34.1,93.3,30.3,86.6,34.1,93.3,22.2,71.9,1,100,0,0,9.0,5.0,2.6,4.1,7.0
1735452000,2024-12-29 14:00,30.1,86.3,1,"{'text': 'Patchy light drizzle', 'icon': '//cdn.weatherapi.com/weather/64x64/day/263.png', 'code': 1150}",1.3,2.2,132,SE,1010.0,29.83,0.66,0.03,0.0,63,75,33.9,93.1,30.2,86.3,33.9,93.1,22.4,72.2,1,100,0,0,5.0,3.0,1.7,2.7,7.0
1735455600,2024-12-29 15:00,28.6,83.6,1,"{'text': 'Light rain shower', 'icon': '//cdn.weatherapi.com/weather/64x64/day/353.png', 'code': 1240}",2.5,4.0,64,ENE,1009.0,29.8,1.18,0.05,0.0,73,81,32.5,90.5,28.6,83.6,32.5,90.5,23.3,73.9,1,100,0,0,10.0,6.0,3.6,5.8,6.0
1735459200,2024-12-29 16:00,28.3,82.9,1,"{'text': 'Patchy light rain', 'icon': '//cdn.weatherapi.com/weather/64x64/day/293.png', 'code': 1180}",5.1,8.3,44,NE,1009.0,29.78,1.27,0.05,0.0,76,85,32.3,90.2,28.3,82.9,32.3,90.2,23.7,74.7,1,100,0,0,9.0,5.0,7.1,11.4,6.0
1735462800,2024-12-29 17:00,27.4,81.3,1,"{'text': 'Light rain shower', 'icon': '//cdn.weatherapi.com/weather/64x64/day/353.png', 'code': 1240}",6.7,10.8,39,NE,1008.0,29.78,1.04,0.04,0.0,82,87,31.3,88.3,27.4,81.3,31.3,88.3,24.0,75.2,1,100,0,0,10.0,6.0,11.0,17.7,6.0
1735466400,2024-12-29 18:00,26.3,79.3,1,"{'text': 'Patchy light drizzle', 'icon': '//cdn.weatherapi.com/weather/64x64/day/263.png', 'code': 1150}",8.3,13.3,42,NE,1009.0,29.8,0.39,0.02,0.0,86,73,29.6,85.3,26.3,79.3,29.6,85.3,23.7,74.7,1,100,0,0,5.0,3.0,13.1,21.1,6.0
1735470000,2024-12-29 19:00,25.3,77.5,1,"{'text': 'Light rain shower', 'icon': '//cdn.weatherapi.com/weather/64x64/day/353.png', 'code': 1240}",11.0,17.6,50,NE,1010.0,29.82,0.25,0.01,0.0,88,74,28.1,82.5,25.3,77.5,28.1,82.5,23.2,73.7,1,100,0,0,10.0,6.0,19.5,31.3,6.0
1735473600,2024-12-29 20:00,24.8,76.6,0,"{'text': 'Cloudy', 'icon': '//cdn.weatherapi.com/weather/64x64/night/119.png', 'code': 1006}",12.3,19.8,55,NE,1011.0,29.84,0.0,0.0,0.0,89,69,27.4,81.2,24.8,76.6,27.4,81.2,22.8,73.1,0,45,0,0,10.0,6.0,19.4,31.3,0.0
1735477200,2024-12-29 21:00,24.9,76.8,0,"{'text': 'Cloudy', 'icon': '//cdn.weatherapi.com/weather/64x64/night/119.png', 'code': 1006}",12.5,20.2,57,ENE,1012.0,29.87,0.0,0.0,0.0,88,64,27.4,81.3,24.9,76.7,27.4,81.3,22.7,72.8,0,0,0,0,10.0,6.0,19.8,31.8,0.0
1735480800,2024-12-29 22:00,25.0,77.0,0,"{'text': 'Partly cloudy', 'icon': '//cdn.weatherapi.com/weather/64x64/night/116.png', 'code': 1003}",12.5,20.2,59,ENE,1012.0,29.89,0.0,0.0,0.0,86,55,27.5,81.5,25.0,77.0,27.5,81.5,22.6,72.6,0,0,0,0,10.0,6.0,19.7,31.6,0.0
1735484400,2024-12-29 23:00,25.0,77.1,0,"{'text': 'Partly cloudy', 'icon': '//cdn.weatherapi.com/weather/64x64/night/116.png', 'code': 1003}",11.9,19.1,59,ENE,1012.0,29.9,0.0,0.0,0.0,86,41,27.5,81.5,25.0,77.1,27.5,81.5,22.5,72.5,0,0,0,0,10.0,6.0,18.7,30.1,0.0
