time_epoch,time,temp_c,temp_f,is_day,condition,wind_mph,wind_kph,wind_degree,wind_dir,pressure_mb,pressure_in,precip_mm,precip_in,snow_cm,humidity,cloud,feelslike_c,feelslike_f,windchill_c,windchill_f,heatindex_c,heatindex_f,dewpoint_c,dewpoint_f,will_it_rain,chance_of_rain,will_it_snow,chance_of_snow,vis_km,vis_miles,gust_mph,gust_kph,uv
1734883200,2024-12-23 00:00,23.8,74.8,0,"{'text': 'Clear', 'icon': '//cdn.weatherapi.com/weather/64x64/night/113.png', 'code': 1000}",8.1,13.0,41,NE,1010.0,29.84,0.0,0.0,0.0,84,21,25.8,78.5,23.8,74.8,25.8,78.5,20.9,69.7,0,0,0,0,10.0,6.0,14.0,22.5,0.0
1734886800,2024-12-23 01:00,23.5,74.2,0,"{'text': 'Clear', 'icon': '//cdn.weatherapi.com/weather/64x64/night/113.png', 'code': 1000}",8.1,13.0,44,NE,1010.0,29.84,0.0,0.0,0.0,85,22,25.6,78.0,23.5,74.2,25.6,78.0,20.8,69.4,0,0,0,0,10.0,6.0,14.3,23.0,0.0
1734890400,2024-12-23 02:00,23.2,73.8,0,"{'text': 'Clear', 'icon': '//cdn.weatherapi.com/weather/64x64/night/113.png', 'code': 1000}",7.6,12.2,46,NE,1010.0,29.82,0.0,0.0,0.0,86,20,25.4,77.6,23.2,73.8,25.4,77.6,20.7,69.3,0,0,0,0,10.0,6.0,13.6,21.9,0.0
1734894000,2024-12-23 03:00,23.0,73.5,0,"{'text': 'Clear', 'icon': '//cdn.weatherapi.com/weather/64x64/night/113.png', 'code': 1000}",7.4,11.9,44,NE,1009.0,29.8,0.0,0.0,0.0,87,20,25.2,77.4,23.0,73.5,25.2,77.4,20.7,69.3,0,0,0,0,10.0,6.0,13.1,21.1,0.0
1734897600,2024-12-23 04:00,22.9,73.1,0,"{'text': 'Clear', 'icon': '//cdn.weatherapi.com/weather/64x64/night/113.png', 'code': 1000}",7.2,11.5,42,NE,1009.0,29.78,0.0,0.0,0.0,87,22,25.1,77.1,22.9,73.1,25.1,77.1,20.6,69.1,0,0,0,0,10.0,6.0,12.7,20.4,0.0
1734901200,2024-12-23 05:00,22.7,72.9,0,"{'text': 'Partly cloudy', 'icon': '//cdn.weatherapi.com/weather/64x64/night/116.png', 'code': 1003}",6.9,11.2,52,NE,1009.0,29.78,0.0,0.0,0.0,88,26,25.0,76.9,22.7,72.9,25.0,76.9,20.6,69.1,0,0,0,0,10.0,6.0,12.3,19.7,0.0
1734904800,2024-12-23 06:00,22.6,72.6,0,"{'text': 'Clear', 'icon': '//cdn.weatherapi.com/weather/64x64/night/113.png', 'code': 1000}",6.9,11.2,51,NE,1009.0,29.79,0.0,0.0,0.0,88,25,24.9,76.8,22.6,72.6,24.9,76.8,20.6,69.0,0,0,0,0,10.0,6.0,12.4,20.0,0.0
1734908400,2024-12-23 07:00,22.5,72.5,0,"{'text': 'Clear', 'icon': '//cdn.weatherapi.com/weather/64x64/night/113.png', 'code': 1000}",6.7,10.8,51,NE,1009.0,29.8,0.0,0.0,0.0,89,22,24.8,76.7,22.5,72.5,24.8,76.7,20.5,68.9,0,0,0,0,10.0,6.0,12.1,19.5,0.0
1734912000,2024-12-23 08:00,22.8,73.1,1,"{'text': 'Sunny', 'icon': '//cdn.weatherapi.com/weather/64x64/day/113.png', 'code': 1000}",6.5,10.4,57,ENE,1010.0,29.83,0.0,0.0,0.0,88,24,25.1,77.1,22.8,73.1,25.1,77.1,20.8,69.5,0,0,0,0,10.0,6.0,11.1,17.8,6.0
1734915600,2024-12-23 09:00,24.2,75.6,1,"{'text': 'Partly cloudy', 'icon': '//cdn.weatherapi.com/weather/64x64/day/116.png', 'code': 1003}",7.4,11.9,62,ENE,1011.0,29.85,0.0,0.0,0.0,84,25,26.3,79.3,24.2,75.6,26.3,79.3,21.3,70.3,0,0,0,0,10.0,6.0,10.4,16.8,6.0
1734919200,2024-12-23 10:00,25.9,78.7,1,"{'text': 'Sunny', 'icon': '//cdn.weatherapi.com/weather/64x64/day/113.png', 'code': 1000}",8.1,13.0,57,ENE,1011.0,29.86,0.0,0.0,0.0,77,21,28.2,82.7,25.9,78.7,28.2,82.7,21.6,70.8,0,0,0,0,10.0,6.0,10.1,16.2,7.0
1734922800,2024-12-23 11:00,27.4,81.3,1,"{'text': 'Sunny', 'icon': '//cdn.weatherapi.com/weather/64x64/day/113.png', 'code': 1000}",9.2,14.8,52,NE,1011.0,29.85,0.0,0.0,0.0,71,21,29.9,85.9,27.4,81.2,29.9,85.9,21.7,71.0,0,0,0,0,10.0,6.0,11.1,17.8,7.0
1734926400,2024-12-23 12:00,28.6,83.5,1,"{'text': 'Sunny', 'icon': '//cdn.weatherapi.com/weather/64x64/day/113.png', 'code': 1000}",9.2,14.8,47,NE,1010.0,29.82,0.0,0.0,0.0,66,25,31.5,88.6,28.6,83.5,31.5,88.6,21.7,71.0,0,0,0,0,10.0,6.0,10.7,17.3,7.0
1734930000,2024-12-23 13:00,29.4,85.0,1,"{'text': 'Sunny', 'icon': '//cdn.weatherapi.com/weather/64x64/day/113.png', 'code': 1000}",8.3,13.3,45,NE,1009.0,29.8,0.0,0.0,0.0,63,15,32.5,90.6,29.4,85.0,32.5,90.6,21.7,71.0,0,0,0,0,10.0,6.0,9.8,15.7,7.0
1734933600,2024-12-23 14:00,30.1,86.2,1,"{'text': 'Sunny', 'icon': '//cdn.weatherapi.com/weather/64x64/day/113.png', 'code': 1000}",6.9,11.2,38,NE,1008.0,29.77,0.0,0.0,0.0,61,14,33.5,92.3,30.1,86.2,33.5,92.3,21.8,71.3,0,0,0,0,10.0,6.0,8.2,13.2,8.0
1734937200,2024-12-23 15:00,30.4,86.7,1,"{'text': 'Sunny', 'icon': '//cdn.weatherapi.com/weather/64x64/day/113.png', 'code': 1000}",7.2,11.5,27,NNE,1007.0,29.73,0.0,0.0,0.0,61,21,34.0,93.2,30.4,86.7,34.0,93.2,22.0,71.6,0,45,0,0,10.0,6.0,8.7,14.0,8.0
1734940800,2024-12-23 16:00,29.9,85.8,1,"{'text': 'Patchy rain possible', 'icon': '//cdn.weatherapi.com/weather/64x64/day/176.png', 'code': 1063}",8.3,13.3,19,NNE,1006.0,29.7,0.01,0.0,0.0,64,53,33.6,92.6,29.9,85.8,33.6,92.6,22.4,72.4,0,45,0,0,10.0,6.0,10.6,17.1,6.0
1734944400,2024-12-23 17:00,29.0,84.2,1,"{'text': 'Patchy rain possible', 'icon': '//cdn.weatherapi.com/weather/64x64/day/176.png', 'code': 1063}",9.4,15.1,19,NNE,1006.0,29.7,0.04,0.0,0.0,71,82,32.9,91.2,29.0,84.2,32.9,91.2,23.1,73.6,0,45,0,0,10.0,6.0,12.3,19.8,6.0
1734948000,2024-12-23 18:00,28.0,82.4,1,"{'text': 'Patchy rain possible', 'icon': '//cdn.weatherapi.com/weather/64x64/day/176.png', 'code': 1063}",9.4,15.1,24,NNE,1006.0,29.71,0.03,0.0,0.0,75,70,31.6,88.9,28.0,82.4,31.6,88.9,23.2,73.7,0,45,0,0,10.0,6.0,13.2,21.2,6.0
1734951600,2024-12-23 19:00,26.4,79.5,1,"{'text': 'Patchy rain possible', 'icon': '//cdn.weatherapi.com/weather/64x64/day/176.png', 'code': 1063}",8.9,14.4,23,NNE,1007.0,29.74,0.02,0.0,0.0,79,89,29.2,84.5,26.4,79.5,29.2,84.5,22.6,72.6,0,45,0,0,10.0,6.0,14.9,24.0,6.0
1734955200,2024-12-23 20:00,25.5,77.9,0,"{'text': 'Partly cloudy', 'icon': '//cdn.weatherapi.com/weather/64x64/night/116.png', 'code': 1003}",8.7,14.0,27,NNE,1008.0,29.77,0.0,0.0,0.0,81,30,27.8,82.1,25.5,77.8,27.8,82.1,22.0,71.6,0,0,0,0,10.0,6.0,14.8,23.8,0.0
1734958800,2024-12-23 21:00,24.7,76.5,0,"{'text': 'Partly cloudy', 'icon': '//cdn.weatherapi.com/weather/64x64/night/116.png', 'code': 1003}",7.8,12.6,35,NE,1009.0,29.81,0.0,0.0,0.0,84,32,26.9,80.4,24.7,76.5,26.9,80.4,21.8,71.2,0,0,0,0,10.0,6.0,13.4,21.5,0.0
1734962400,2024-12-23 22:00,24.2,75.5,0,"{'text': 'Partly cloudy', 'icon': '//cdn.weatherapi.com/weather/64x64/night/116.png', 'code': 1003}",7.4,11.9,42,NE,1010.0,29.84,0.0,0.0,0.0,85,33,26.3,79.4,24.2,75.5,26.3,79.4,21.6,70.8,0,0,0,0,10.0,6.0,12.8,20.6,0.0
1734966000,2024-12-23 23:00,23.8,74.9,0,"{'text': 'Partly cloudy', 'icon': '//cdn.weatherapi.com/weather/64x64/night/116.png', 'code': 1003}",7.2,11.5,41,NE,1010.0,29.84,0.0,0.0,0.0,87,26,26.0,78.8,23.8,74.9,26.0,78.8,21.5,70.6,0,0,0,0,10.0,6.0,12.5,20.1,0.0
