time_epoch,time,temp_c,temp_f,is_day,condition,wind_mph,wind_kph,wind_degree,wind_dir,pressure_mb,pressure_in,precip_mm,precip_in,snow_cm,humidity,cloud,feelslike_c,feelslike_f,windchill_c,windchill_f,heatindex_c,heatindex_f,dewpoint_c,dewpoint_f,will_it_rain,chance_of_rain,will_it_snow,chance_of_snow,vis_km,vis_miles,gust_mph,gust_kph,uv
1734969600,2024-12-24 00:00,23.9,75.0,0,"{'text': 'Partly cloudy', 'icon': '//cdn.weatherapi.com/weather/64x64/night/116.png', 'code': 1003}",6.5,10.4,39,NE,1010.0,29.82,0.0,0.0,0.0,89,27,26.1,79.0,23.9,75.0,26.1,79.0,21.9,71.4,0,0,0,0,10.0,6.0,11.6,18.7,0.0
1734973200,2024-12-24 01:00,23.7,74.7,0,"{'text': 'Clear', 'icon': '//cdn.weatherapi.com/weather/64x64/night/113.png', 'code': 1000}",6.7,10.8,38,NE,1010.0,29.81,0.0,0.0,0.0,89,15,25.9,78.7,23.7,74.7,25.9,78.7,21.8,71.2,0,0,0,0,10.0,6.0,12.0,19.3,0.0
1734976800,2024-12-24 02:00,23.6,74.4,0,"{'text': 'Clear', 'icon': '//cdn.weatherapi.com/weather/64x64/night/113.png', 'code': 1000}",6.3,10.1,45,NE,1009.0,29.8,0.0,0.0,0.0,89,16,25.8,78.4,23.6,74.4,25.8,78.4,21.6,70.9,0,0,0,0,10.0,6.0,11.1,17.9,0.0
1734980400,2024-12-24 03:00,23.4,74.1,0,"{'text': 'Partly cloudy', 'icon': '//cdn.weatherapi.com/weather/64x64/night/116.png', 'code': 1003}",5.8,9.4,54,NE,1009.0,29.79,0.0,0.0,0.0,89,28,25.6,78.1,23.4,74.1,25.6,78.1,21.5,70.7,0,0,0,0,10.0,6.0,10.2,16.5,0.0
1734984000,2024-12-24 04:00,23.3,73.9,0,"{'text': 'Partly cloudy', 'icon': '//cdn.weatherapi.com/weather/64x64/night/116.png', 'code': 1003}",5.8,9.4,55,NE,1008.0,29.77,0.0,0.0,0.0,89,41,25.5,77.9,23.3,73.9,25.5,77.9,21.4,70.6,0,0,0,0,10.0,6.0,10.1,16.3,0.0
1734987600,2024-12-24 05:00,23.1,73.7,0,"{'text': 'Partly cloudy', 'icon': '//cdn.weatherapi.com/weather/64x64/night/116.png', 'code': 1003}",6.3,10.1,55,NE,1008.0,29.77,0.0,0.0,0.0,90,59,25.4,77.7,23.2,73.7,25.4,77.7,21.4,70.5,0,0,0,0,10.0,6.0,10.9,17.6,0.0
1734991200,2024-12-24 06:00,23.0,73.5,0,"{'text': 'Cloudy', 'icon': '//cdn.weatherapi.com/weather/64x64/night/119.png', 'code': 1006}",6.5,10.4,56,ENE,1008.0,29.78,0.0,0.0,0.0,90,64,25.3,77.5,23.0,73.5,25.3,77.5,21.3,70.3,0,45,0,0,10.0,6.0,11.4,18.4,0.0
1734994800,2024-12-24 07:00,23.0,73.3,0,"{'text': 'Partly cloudy', 'icon': '//cdn.weatherapi.com/weather/64x64/night/116.png', 'code': 1003}",6.3,10.1,56,ENE,1009.0,29.79,0.0,0.0,0.0,90,61,25.2,77.4,23.0,73.3,25.2,77.4,21.2,70.1,0,0,0,0,10.0,6.0,11.1,17.9,0.0
1734998400,2024-12-24 08:00,23.2,73.8,1,"{'text': 'Cloudy', 'icon': '//cdn.weatherapi.com/weather/64x64/day/119.png', 'code': 1006}",6.3,10.1,52,NE,1010.0,29.81,0.0,0.0,0.0,89,63,25.5,77.8,23.3,73.9,25.5,77.8,21.4,70.5,0,0,0,0,10.0,6.0,10.6,17.0,5.0
1735002000,2024-12-24 09:00,24.8,76.6,1,"{'text': 'Partly cloudy', 'icon': '//cdn.weatherapi.com/weather/64x64/day/116.png', 'code': 1003}",6.5,10.4,51,NE,1010.0,29.83,0.0,0.0,0.0,83,59,27.0,80.5,24.8,76.6,27.0,80.5,21.8,71.2,0,0,0,0,10.0,6.0,8.9,14.4,6.0
1735005600,2024-12-24 10:00,26.5,79.8,1,"{'text': 'Partly cloudy', 'icon': '//cdn.weatherapi.com/weather/64x64/day/116.png', 'code': 1003}",7.2,11.5,48,NE,1011.0,29.85,0.0,0.0,0.0,76,57,29.1,84.4,26.6,79.8,29.1,84.4,22.0,71.6,0,0,0,0,10.0,6.0,8.8,14.1,7.0
1735009200,2024-12-24 11:00,28.2,82.8,1,"{'text': 'Patchy rain possible', 'icon': '//cdn.weatherapi.com/weather/64x64/day/176.png', 'code': 1063}",7.2,11.5,46,NE,1010.0,29.84,0.01,0.0,0.0,70,57,31.2,88.2,28.2,82.8,31.2,88.2,22.1,71.8,0,45,0,0,10.0,6.0,8.3,13.4,6.0
1735012800,2024-12-24 12:00,29.5,85.1,1,"{'text': 'Patchy rain possible', 'icon': '//cdn.weatherapi.com/weather/64x64/day/176.png', 'code': 1063}",7.2,11.5,36,NE,1010.0,29.81,0.02,0.0,0.0,65,60,32.9,91.2,29.5,85.0,32.9,91.2,22.1,71.9,0,45,0,0,10.0,6.0,8.2,13.2,6.0
1735016400,2024-12-24 13:00,30.3,86.5,1,"{'text': 'Patchy rain possible', 'icon': '//cdn.weatherapi.com/weather/64x64/day/176.png', 'code': 1063}",6.9,11.2,26,NNE,1009.0,29.79,0.12,0.0,0.0,62,70,34.1,93.4,30.3,86.5,34.1,93.4,22.3,72.2,1,100,0,0,10.0,6.0,8.0,12.9,7.0
1735020000,2024-12-24 14:00,29.7,85.5,1,"{'text': 'Light rain shower', 'icon': '//cdn.weatherapi.com/weather/64x64/day/353.png', 'code': 1240}",6.9,11.2,25,NNE,1008.0,29.76,1.18,0.05,0.0,67,54,33.8,92.8,29.7,85.5,33.8,92.8,22.9,73.3,1,100,0,0,10.0,6.0,9.1,14.7,6.0
1735023600,2024-12-24 15:00,29.4,84.9,1,"{'text': 'Light rain shower', 'icon': '//cdn.weatherapi.com/weather/64x64/day/353.png', 'code': 1240}",7.8,12.6,31,NNE,1007.0,29.73,0.89,0.04,0.0,70,61,33.7,92.7,29.4,84.9,33.7,92.7,23.4,74.2,1,100,0,0,10.0,6.0,10.4,16.7,6.0
1735027200,2024-12-24 16:00,29.0,84.2,1,"{'text': 'Light rain shower', 'icon': '//cdn.weatherapi.com/weather/64x64/day/353.png', 'code': 1240}",8.7,14.0,33,NNE,1006.0,29.71,1.31,0.05,0.0,73,73,33.3,91.9,29.0,84.2,33.3,91.9,23.6,74.5,1,100,0,0,10.0,6.0,13.0,20.9,6.0
1735030800,2024-12-24 17:00,27.7,81.9,1,"{'text': 'Light rain shower', 'icon': '//cdn.weatherapi.com/weather/64x64/day/353.png', 'code': 1240}",10.3,16.6,36,NE,1006.0,29.71,0.89,0.03,0.0,79,70,31.6,88.8,27.7,81.9,31.6,88.8,23.8,74.8,1,100,0,0,10.0,6.0,17.3,27.9,6.0
1735034400,2024-12-24 18:00,26.9,80.5,1,"{'text': 'Light rain shower', 'icon': '//cdn.weatherapi.com/weather/64x64/day/353.png', 'code': 1240}",10.5,16.9,38,NE,1007.0,29.74,0.23,0.01,0.0,81,62,30.3,86.5,27.0,80.5,30.3,86.5,23.3,74.0,1,100,0,0,10.0,6.0,18.4,29.7,6.0
1735038000,2024-12-24 19:00,25.5,77.9,1,"{'text': 'Patchy rain possible', 'icon': '//cdn.weatherapi.com/weather/64x64/day/176.png', 'code': 1063}",9.8,15.8,40,NE,1008.0,29.77,0.01,0.0,0.0,83,70,28.0,82.5,25.5,77.9,28.0,82.5,22.4,72.4,0,45,0,0,10.0,6.0,17.4,28.0,6.0
1735041600,2024-12-24 20:00,24.5,76.0,0,"{'text': 'Partly cloudy', 'icon': '//cdn.weatherapi.com/weather/64x64/night/116.png', 'code': 1003}",8.7,14.0,40,NE,1009.0,29.8,0.0,0.0,0.0,85,39,26.7,80.0,24.5,76.0,26.7,80.0,21.8,71.3,0,0,0,0,10.0,6.0,15.9,25.6,0.0
1735045200,2024-12-24 21:00,24.0,75.3,0,"{'text': 'Cloudy', 'icon': '//cdn.weatherapi.com/weather/64x64/night/119.png', 'code': 1006}",8.3,13.3,41,NE,1010.0,29.83,0.0,0.0,0.0,85,82,26.2,79.1,24.0,75.3,26.2,79.1,21.4,70.6,0,45,0,0,10.0,6.0,15.1,24.2,0.0
1735048800,2024-12-24 22:00,23.9,74.9,0,"{'text': 'Patchy rain possible', 'icon': '//cdn.weatherapi.com/weather/64x64/night/176.png', 'code': 1063}",8.3,13.3,43,NE,1011.0,29.86,0.03,0.0,0.0,85,69,26.0,78.7,23.9,74.9,26.0,78.7,21.2,70.2,0,45,0,0,10.0,6.0,14.9,23.9,0.0
1735052400,2024-12-24 23:00,23.7,74.6,0,"{'text': 'Patchy rain possible', 'icon': '//cdn.weatherapi.com/weather/64x64/night/176.png', 'code': 1063}",8.1,13.0,47,NE,1011.0,29.87,0.03,0.0,0.0,86,66,25.8,78.4,23.7,74.6,25.8,78.4,21.2,70.1,0,45,0,0,10.0,6.0,14.5,23.4,0.0
