time_epoch,time,temp_c,temp_f,is_day,condition,wind_mph,wind_kph,wind_degree,wind_dir,pressure_mb,pressure_in,precip_mm,precip_in,snow_cm,humidity,cloud,feelslike_c,feelslike_f,windchill_c,windchill_f,heatindex_c,heatindex_f,dewpoint_c,dewpoint_f,will_it_rain,chance_of_rain,will_it_snow,chance_of_snow,vis_km,vis_miles,gust_mph,gust_kph,uv
1735142400,2024-12-26 00:00,23.5,74.2,0,"{'text': 'Clear', 'icon': '//cdn.weatherapi.com/weather/64x64/night/113.png', 'code': 1000}",8.1,13.0,38,NE,1012.0,29.88,0.0,0.0,0.0,89,6,25.7,78.2,23.5,74.2,25.7,78.2,21.5,70.8,0,0,0,0,10.0,6.0,14.2,22.8,0.0
1735146000,2024-12-26 01:00,23.2,73.8,0,"{'text': 'Clear', 'icon': '//cdn.weatherapi.com/weather/64x64/night/113.png', 'code': 1000}",7.6,12.2,40,NE,1012.0,29.88,0.0,0.0,0.0,90,7,25.5,77.8,23.2,73.8,25.5,77.8,21.5,70.8,0,0,0,0,10.0,6.0,13.6,21.9,0.0
1735149600,2024-12-26 02:00,23.1,73.5,0,"{'text': 'Clear', 'icon': '//cdn.weatherapi.com/weather/64x64/night/113.png', 'code': 1000}",7.2,11.5,40,NE,1012.0,29.87,0.0,0.0,0.0,91,8,25.3,77.6,23.1,73.5,25.3,77.6,21.5,70.7,0,0,0,0,10.0,6.0,13.0,20.9,0.0
1735153200,2024-12-26 03:00,23.0,73.3,0,"{'text': 'Clear', 'icon': '//cdn.weatherapi.com/weather/64x64/night/113.png', 'code': 1000}",7.2,11.5,38,NE,1011.0,29.86,0.0,0.0,0.0,91,9,25.2,77.4,23.0,73.3,25.2,77.4,21.5,70.7,0,0,0,0,10.0,6.0,13.0,21.0,0.0
1735156800,2024-12-26 04:00,22.8,73.0,0,"{'text': 'Clear', 'icon': '//cdn.weatherapi.com/weather/64x64/night/113.png', 'code': 1000}",6.7,10.8,38,NE,1011.0,29.84,0.0,0.0,0.0,92,10,25.1,77.2,22.8,73.0,25.1,77.2,21.4,70.5,0,0,0,0,10.0,6.0,12.3,19.8,0.0
1735160400,2024-12-26 05:00,22.6,72.7,0,"{'text': 'Clear', 'icon': '//cdn.weatherapi.com/weather/64x64/night/113.png', 'code': 1000}",6.5,10.4,41,NE,1010.0,29.84,0.0,0.0,0.0,92,12,25.0,77.0,22.6,72.8,25.0,77.0,21.4,70.4,0,0,0,0,10.0,6.0,11.9,19.2,0.0
1735164000,2024-12-26 06:00,22.6,72.7,0,"{'text': 'Clear', 'icon': '//cdn.weatherapi.com/weather/64x64/night/113.png', 'code': 1000}",6.0,9.7,40,NE,1011.0,29.85,0.0,0.0,0.0,92,11,25.0,76.9,22.6,72.7,25.0,76.9,21.3,70.3,0,0,0,0,10.0,6.0,11.1,17.9,0.0
1735167600,2024-12-26 07:00,22.5,72.5,0,"{'text': 'Clear', 'icon': '//cdn.weatherapi.com/weather/64x64/night/113.png', 'code': 1000}",6.0,9.7,46,NE,1011.0,29.86,0.0,0.0,0.0,93,11,24.9,76.8,22.5,72.5,24.9,76.8,21.2,70.2,0,0,0,0,10.0,6.0,11.2,18.0,0.0
1735171200,2024-12-26 08:00,22.9,73.3,1,"{'text': 'Sunny', 'icon': '//cdn.weatherapi.com/weather/64x64/day/113.png', 'code': 1000}",6.0,9.7,39,NE,1012.0,29.88,0.0,0.0,0.0,91,11,25.2,77.4,22.9,73.3,25.2,77.4,21.4,70.6,0,0,0,0,10.0,6.0,10.4,16.8,6.0
1735174800,2024-12-26 09:00,24.8,76.6,1,"{'text': 'Sunny', 'icon': '//cdn.weatherapi.com/weather/64x64/day/113.png', 'code': 1000}",6.3,10.1,41,NE,1013.0,29.91,0.0,0.0,0.0,84,8,27.0,80.7,24.8,76.6,27.0,80.7,21.9,71.4,0,0,0,0,10.0,6.0,8.5,13.6,6.0
1735178400,2024-12-26 10:00,26.5,79.8,1,"{'text': 'Sunny', 'icon': '//cdn.weatherapi.com/weather/64x64/day/113.png', 'code': 1000}",7.2,11.5,43,NE,1013.0,29.93,0.0,0.0,0.0,76,8,29.0,84.3,26.5,79.8,29.0,84.3,22.0,71.5,0,0,0,0,10.0,6.0,8.9,14.3,7.0
1735182000,2024-12-26 11:00,28.2,82.8,1,"{'text': 'Sunny', 'icon': '//cdn.weatherapi.com/weather/64x64/day/113.png', 'code': 1000}",8.1,13.0,47,NE,1013.0,29.92,0.0,0.0,0.0,68,9,31.1,87.9,28.2,82.8,31.1,87.9,21.8,71.3,0,0,0,0,10.0,6.0,9.6,15.5,7.0
1735185600,2024-12-26 12:00,29.7,85.5,1,"{'text': 'Sunny', 'icon': '//cdn.weatherapi.com/weather/64x64/day/113.png', 'code': 1000}",8.3,13.3,45,NE,1012.0,29.9,0.0,0.0,0.0,62,15,32.9,91.2,29.7,85.5,32.9,91.2,21.7,71.0,0,0,0,0,10.0,6.0,9.5,15.3,7.0
1735189200,2024-12-26 13:00,30.8,87.5,1,"{'text': 'Partly cloudy', 'icon': '//cdn.weatherapi.com/weather/64x64/day/116.png', 'code': 1003}",6.9,11.2,39,NE,1011.0,29.87,0.0,0.0,0.0,58,30,34.3,93.8,30.8,87.5,34.3,93.8,21.6,70.9,0,0,0,0,10.0,6.0,8.0,12.9,8.0
1735192800,2024-12-26 14:00,31.4,88.6,1,"{'text': 'Partly cloudy', 'icon': '//cdn.weatherapi.com/weather/64x64/day/116.png', 'code': 1003}",6.3,10.1,22,NNE,1010.0,29.83,0.0,0.0,0.0,56,38,35.1,95.2,31.4,88.6,35.1,95.2,21.6,70.9,0,0,0,0,10.0,6.0,7.4,12.0,8.0
1735196400,2024-12-26 15:00,31.6,88.9,1,"{'text': 'Partly cloudy', 'icon': '//cdn.weatherapi.com/weather/64x64/day/116.png', 'code': 1003}",6.5,10.4,14,NNE,1009.0,29.79,0.0,0.0,0.0,56,38,35.3,95.6,31.6,88.9,35.3,95.6,21.6,70.9,0,45,0,0,10.0,6.0,8.0,12.9,8.0
1735200000,2024-12-26 16:00,31.1,88.0,1,"{'text': 'Partly cloudy', 'icon': '//cdn.weatherapi.com/weather/64x64/day/116.png', 'code': 1003}",7.6,12.2,14,NNE,1008.0,29.77,0.0,0.0,0.0,59,43,35.1,95.1,31.1,88.0,35.1,95.1,22.2,71.9,0,45,0,0,10.0,6.0,9.8,15.8,8.0
1735203600,2024-12-26 17:00,30.0,86.0,1,"{'text': 'Patchy rain possible', 'icon': '//cdn.weatherapi.com/weather/64x64/day/176.png', 'code': 1063}",8.5,13.7,24,NNE,1008.0,29.76,0.05,0.0,0.0,65,83,34.0,93.2,30.0,86.0,34.0,93.2,22.7,72.8,0,45,0,0,10.0,6.0,11.7,18.9,6.0
1735207200,2024-12-26 18:00,28.7,83.7,1,"{'text': 'Patchy rain possible', 'icon': '//cdn.weatherapi.com/weather/64x64/day/176.png', 'code': 1063}",7.6,12.2,29,NNE,1008.0,29.78,0.08,0.0,0.0,71,89,32.5,90.4,28.7,83.7,32.5,90.4,23.0,73.4,0,45,0,0,10.0,6.0,12.1,19.5,6.0
1735210800,2024-12-26 19:00,27.3,81.1,1,"{'text': 'Patchy rain possible', 'icon': '//cdn.weatherapi.com/weather/64x64/day/176.png', 'code': 1063}",7.6,12.2,34,NE,1009.0,29.8,0.04,0.0,0.0,76,88,30.3,86.6,27.3,81.1,30.3,86.6,22.8,73.0,0,45,0,0,10.0,6.0,13.3,21.5,6.0
1735214400,2024-12-26 20:00,26.2,79.1,0,"{'text': 'Patchy rain possible', 'icon': '//cdn.weatherapi.com/weather/64x64/night/176.png', 'code': 1063}",7.8,12.6,36,NE,1010.0,29.83,0.02,0.0,0.0,81,89,28.9,84.0,26.2,79.1,28.9,84.0,22.6,72.7,0,45,0,0,10.0,6.0,13.6,21.8,0.0
1735218000,2024-12-26 21:00,25.5,77.9,0,"{'text': 'Patchy rain possible', 'icon': '//cdn.weatherapi.com/weather/64x64/night/176.png', 'code': 1063}",7.4,11.9,41,NE,1011.0,29.87,0.01,0.0,0.0,84,71,28.1,82.6,25.5,77.9,28.1,82.6,22.7,72.8,0,45,0,0,10.0,6.0,12.4,20.0,0.0
1735221600,2024-12-26 22:00,25.1,77.1,0,"{'text': 'Partly cloudy', 'icon': '//cdn.weatherapi.com/weather/64x64/night/116.png', 'code': 1003}",6.5,10.4,37,NE,1012.0,29.89,0.0,0.0,0.0,87,31,27.6,81.7,25.1,77.1,27.6,81.7,22.7,72.8,0,45,0,0,10.0,6.0,10.9,17.5,0.0
1735225200,2024-12-26 23:00,24.8,76.7,0,"{'text': 'Partly cloudy', 'icon': '//cdn.weatherapi.com/weather/64x64/night/116.png', 'code': 1003}",5.8,9.4,34,NE,1012.0,29.89,0.0,0.0,0.0,88,41,27.4,81.2,24.8,76.7,27.4,81.2,22.7,72.9,0,45,0,0,10.0,6.0,9.6,15.5,0.0
