time_epoch,time,temp_c,temp_f,is_day,condition,wind_mph,wind_kph,wind_degree,wind_dir,pressure_mb,pressure_in,precip_mm,precip_in,snow_cm,humidity,cloud,feelslike_c,feelslike_f,windchill_c,windchill_f,heatindex_c,heatindex_f,dewpoint_c,dewpoint_f,will_it_rain,chance_of_rain,will_it_snow,chance_of_snow,vis_km,vis_miles,gust_mph,gust_kph,uv
1735228800,2024-12-27 00:00,24.1,75.3,0,"{'text': 'Partly cloudy', 'icon': '//cdn.weatherapi.com/weather/64x64/night/116.png', 'code': 1003}",6.3,10.1,45,NE,1012.0,29.88,0.0,0.0,0.0,90,50,26.4,79.6,24.1,75.3,26.4,79.6,22.3,72.1,0,0,0,0,10.0,6.0,10.8,17.3,0.0
1735232400,2024-12-27 01:00,24.1,75.3,0,"{'text': 'Partly cloudy', 'icon': '//cdn.weatherapi.com/weather/64x64/night/116.png', 'code': 1003}",6.0,9.7,45,NE,1012.0,29.88,0.0,0.0,0.0,90,49,26.4,79.5,24.1,75.3,26.4,79.5,22.3,72.2,0,0,0,0,10.0,6.0,10.3,16.6,0.0
1735236000,2024-12-27 02:00,23.9,75.0,0,"{'text': 'Partly cloudy', 'icon': '//cdn.weatherapi.com/weather/64x64/night/116.png', 'code': 1003}",6.0,9.7,45,NE,1011.0,29.86,0.0,0.0,0.0,91,27,26.2,79.2,23.9,75.0,26.2,79.2,22.3,72.2,0,0,0,0,10.0,6.0,10.3,16.6,0.0
1735239600,2024-12-27 03:00,23.7,74.6,0,"{'text': 'Clear', 'icon': '//cdn.weatherapi.com/weather/64x64/night/113.png', 'code': 1000}",6.0,9.7,49,NE,1011.0,29.85,0.0,0.0,0.0,92,23,26.0,78.9,23.7,74.6,26.0,78.9,22.3,72.1,0,0,0,0,10.0,6.0,10.3,16.6,0.0
1735243200,2024-12-27 04:00,23.5,74.3,0,"{'text': 'Clear', 'icon': '//cdn.weatherapi.com/weather/64x64/night/113.png', 'code': 1000}",5.6,9.0,48,NE,1010.0,29.84,0.0,0.0,0.0,92,23,25.8,78.5,23.5,74.3,25.8,78.5,22.2,71.9,0,0,0,0,10.0,6.0,9.7,15.6,0.0
1735246800,2024-12-27 05:00,23.4,74.1,0,"{'text': 'Clear', 'icon': '//cdn.weatherapi.com/weather/64x64/night/113.png', 'code': 1000}",4.9,7.9,58,ENE,1010.0,29.83,0.0,0.0,0.0,92,24,25.7,78.3,23.4,74.1,25.7,78.3,22.1,71.8,0,0,0,0,10.0,6.0,8.5,13.7,0.0
1735250400,2024-12-27 06:00,23.4,74.1,0,"{'text': 'Clear', 'icon': '//cdn.weatherapi.com/weather/64x64/night/113.png', 'code': 1000}",4.5,7.2,62,ENE,1011.0,29.85,0.0,0.0,0.0,92,23,25.7,78.2,23.4,74.1,25.7,78.2,22.0,71.6,0,0,0,0,10.0,6.0,7.7,12.4,0.0
1735254000,2024-12-27 07:00,23.3,73.9,0,"{'text': 'Clear', 'icon': '//cdn.weatherapi.com/weather/64x64/night/113.png', 'code': 1000}",4.3,6.8,65,ENE,1011.0,29.87,0.0,0.0,0.0,92,20,25.6,78.0,23.3,73.9,25.6,78.0,21.9,71.4,0,0,0,0,10.0,6.0,7.4,12.0,0.0
1735257600,2024-12-27 08:00,23.6,74.6,1,"{'text': 'Sunny', 'icon': '//cdn.weatherapi.com/weather/64x64/day/113.png', 'code': 1000}",4.5,7.2,58,ENE,1012.0,29.88,0.0,0.0,0.0,91,21,25.9,78.7,23.6,74.6,25.9,78.7,22.1,71.7,0,0,0,0,10.0,6.0,7.4,11.9,6.0
1735261200,2024-12-27 09:00,25.2,77.3,1,"{'text': 'Sunny', 'icon': '//cdn.weatherapi.com/weather/64x64/day/113.png', 'code': 1000}",4.5,7.2,67,ENE,1013.0,29.91,0.0,0.0,0.0,85,15,27.6,81.7,25.2,77.3,27.6,81.7,22.4,72.3,0,45,0,0,10.0,6.0,6.0,9.7,7.0
1735264800,2024-12-27 10:00,26.9,80.3,1,"{'text': 'Sunny', 'icon': '//cdn.weatherapi.com/weather/64x64/day/113.png', 'code': 1000}",4.5,7.2,66,ENE,1014.0,29.93,0.0,0.0,0.0,77,13,29.7,85.4,26.9,80.3,29.7,85.4,22.5,72.5,0,0,0,0,10.0,6.0,5.4,8.7,7.0
1735268400,2024-12-27 11:00,28.5,83.3,1,"{'text': 'Sunny', 'icon': '//cdn.weatherapi.com/weather/64x64/day/113.png', 'code': 1000}",3.4,5.4,59,ENE,1013.0,29.92,0.0,0.0,0.0,69,9,31.8,89.2,28.5,83.3,31.8,89.2,22.4,72.3,0,0,0,0,10.0,6.0,3.9,6.2,7.0
1735272000,2024-12-27 12:00,29.9,85.8,1,"{'text': 'Patchy rain possible', 'icon': '//cdn.weatherapi.com/weather/64x64/day/176.png', 'code': 1063}",1.6,2.5,84,E,1013.0,29.9,0.01,0.0,0.0,64,78,33.5,92.4,29.9,85.8,33.5,92.4,22.3,72.1,0,45,0,0,10.0,6.0,1.8,2.9,6.0
1735275600,2024-12-27 13:00,30.6,87.1,1,"{'text': 'Patchy rain possible', 'icon': '//cdn.weatherapi.com/weather/64x64/day/176.png', 'code': 1063}",0.7,1.1,263,W,1011.0,29.87,0.07,0.0,0.0,61,72,34.5,94.1,30.6,87.1,34.5,94.1,22.3,72.1,0,45,0,0,10.0,6.0,0.8,1.3,7.0
1735279200,2024-12-27 14:00,29.7,85.5,1,"{'text': 'Patchy light drizzle', 'icon': '//cdn.weatherapi.com/weather/64x64/day/263.png', 'code': 1150}",2.0,3.2,303,WNW,1010.0,29.84,0.41,0.02,0.0,66,72,33.7,92.7,29.7,85.5,33.7,92.7,22.8,73.0,1,100,0,0,5.0,3.0,2.6,4.1,6.0
1735282800,2024-12-27 15:00,29.2,84.5,1,"{'text': 'Patchy rain possible', 'icon': '//cdn.weatherapi.com/weather/64x64/day/176.png', 'code': 1063}",2.2,3.6,309,NW,1010.0,29.82,0.44,0.02,0.0,71,72,33.4,92.1,29.2,84.5,33.4,92.1,23.4,74.2,1,100,0,0,9.0,5.0,3.0,4.8,6.0
1735286400,2024-12-27 16:00,28.9,84.0,1,"{'text': 'Patchy rain possible', 'icon': '//cdn.weatherapi.com/weather/64x64/day/176.png', 'code': 1063}",3.1,5.0,336,NNW,1009.0,29.79,0.49,0.02,0.0,73,74,33.2,91.7,28.9,84.0,33.2,91.7,23.6,74.5,1,100,0,0,9.0,5.0,4.1,6.6,6.0
1735290000,2024-12-27 17:00,28.5,83.3,1,"{'text': 'Patchy rain possible', 'icon': '//cdn.weatherapi.com/weather/64x64/day/176.png', 'code': 1063}",4.0,6.5,357,N,1009.0,29.78,0.65,0.03,0.0,76,82,32.7,90.9,28.5,83.3,32.7,90.9,23.8,74.8,1,100,0,0,9.0,5.0,5.6,9.0,6.0
1735293600,2024-12-27 18:00,27.9,82.3,1,"{'text': 'Patchy rain possible', 'icon': '//cdn.weatherapi.com/weather/64x64/day/176.png', 'code': 1063}",4.0,6.5,1,N,1009.0,29.8,0.29,0.01,0.0,81,84,32.2,90.0,27.9,82.3,32.2,90.0,24.3,75.7,1,100,0,0,9.0,5.0,5.6,9.1,6.0
1735297200,2024-12-27 19:00,26.6,79.9,1,"{'text': 'Patchy rain possible', 'icon': '//cdn.weatherapi.com/weather/64x64/day/176.png', 'code': 1063}",3.8,6.1,12,NNE,1010.0,29.82,0.02,0.0,0.0,85,79,30.2,86.3,26.6,79.9,30.2,86.3,24.0,75.1,0,45,0,0,10.0,6.0,6.4,10.4,6.0
1735300800,2024-12-27 20:00,25.8,78.5,0,"{'text': 'Patchy rain possible', 'icon': '//cdn.weatherapi.com/weather/64x64/night/176.png', 'code': 1063}",3.6,5.8,23,NNE,1011.0,29.84,0.01,0.0,0.0,87,80,28.9,84.0,25.8,78.5,28.9,84.0,23.6,74.4,0,45,0,0,10.0,6.0,6.5,10.5,0.0
1735304400,2024-12-27 21:00,25.4,77.8,0,"{'text': 'Partly cloudy', 'icon': '//cdn.weatherapi.com/weather/64x64/night/116.png', 'code': 1003}",4.5,7.2,31,NNE,1011.0,29.87,0.0,0.0,0.0,89,55,28.4,83.1,25.4,77.8,28.4,83.1,23.5,74.2,0,45,0,0,10.0,6.0,8.1,13.1,0.0
1735308000,2024-12-27 22:00,25.1,77.2,0,"{'text': 'Partly cloudy', 'icon': '//cdn.weatherapi.com/weather/64x64/night/116.png', 'code': 1003}",5.4,8.6,37,NE,1012.0,29.89,0.0,0.0,0.0,90,57,27.9,82.3,25.1,77.2,27.9,82.3,23.4,74.1,0,45,0,0,10.0,6.0,9.7,15.6,0.0
1735311600,2024-12-27 23:00,24.8,76.6,0,"{'text': 'Partly cloudy', 'icon': '//cdn.weatherapi.com/weather/64x64/night/116.png', 'code': 1003}",5.6,9.0,40,NE,1012.0,29.9,0.0,0.0,0.0,91,50,27.5,81.6,24.8,76.6,27.5,81.6,23.3,74.0,0,45,0,0,10.0,6.0,10.0,16.1,0.0
