time_epoch,time,temp_c,temp_f,is_day,condition,wind_mph,wind_kph,wind_degree,wind_dir,pressure_mb,pressure_in,precip_mm,precip_in,snow_cm,humidity,cloud,feelslike_c,feelslike_f,windchill_c,windchill_f,heatindex_c,heatindex_f,dewpoint_c,dewpoint_f,will_it_rain,chance_of_rain,will_it_snow,chance_of_snow,vis_km,vis_miles,gust_mph,gust_kph,uv
1735315200,2024-12-28 00:00,24.8,76.6,0,"{'text': 'Patchy rain possible', 'icon': '//cdn.weatherapi.com/weather/64x64/night/176.png', 'code': 1063}",5.4,8.6,43,NE,1012.0,29.89,0.39,0.02,0.0,92,85,27.6,81.6,24.8,76.6,27.6,81.6,23.4,74.1,1,100,0,0,9.0,5.0,9.6,15.4,0.0
1735318800,2024-12-28 01:00,24.5,76.1,0,"{'text': 'Patchy rain possible', 'icon': '//cdn.weatherapi.com/weather/64x64/night/176.png', 'code': 1063}",5.4,8.6,46,NE,1012.0,29.88,0.12,0.0,0.0,93,73,27.2,81.0,24.5,76.1,27.2,81.0,23.3,73.9,1,100,0,0,10.0,6.0,9.4,15.1,0.0
1735322400,2024-12-28 02:00,24.2,75.6,0,"{'text': 'Patchy rain possible', 'icon': '//cdn.weatherapi.com/weather/64x64/night/176.png', 'code': 1063}",5.1,8.3,52,NE,1011.0,29.86,0.03,0.0,0.0,94,86,26.9,80.3,24.2,75.6,26.9,80.3,23.1,73.6,0,45,0,0,10.0,6.0,8.9,14.4,0.0
1735326000,2024-12-28 03:00,24.1,75.3,0,"{'text': 'Patchy rain possible', 'icon': '//cdn.weatherapi.com/weather/64x64/night/176.png', 'code': 1063}",4.9,7.9,55,NE,1011.0,29.84,0.07,0.0,0.0,94,82,26.6,79.9,24.1,75.3,26.6,79.9,23.0,73.3,0,45,0,0,10.0,6.0,8.5,13.6,0.0
1735329600,2024-12-28 04:00,23.8,74.9,0,"{'text': 'Patchy rain possible', 'icon': '//cdn.weatherapi.com/weather/64x64/night/176.png', 'code': 1063}",5.4,8.6,52,NE,1010.0,29.83,0.39,0.02,0.0,94,73,26.3,79.4,23.8,74.9,26.3,79.4,22.8,73.1,1,100,0,0,9.0,5.0,9.3,14.9,0.0
1735333200,2024-12-28 05:00,23.6,74.5,0,"{'text': 'Mist', 'icon': '//cdn.weatherapi.com/weather/64x64/night/143.png', 'code': 1030}",5.1,8.3,55,NE,1010.0,29.83,0.14,0.01,0.0,94,71,26.1,78.9,23.6,74.5,26.1,78.9,22.7,72.8,1,100,0,0,2.0,1.0,8.9,14.3,0.0
1735336800,2024-12-28 06:00,23.5,74.4,0,"{'text': 'Mist', 'icon': '//cdn.weatherapi.com/weather/64x64/night/143.png', 'code': 1030}",4.5,7.2,58,ENE,1011.0,29.84,0.12,0.0,0.0,94,72,26.0,78.7,23.5,74.4,26.0,78.7,22.6,72.6,1,100,0,0,2.0,1.0,7.7,12.5,0.0
1735340400,2024-12-28 07:00,23.5,74.2,0,"{'text': 'Mist', 'icon': '//cdn.weatherapi.com/weather/64x64/night/143.png', 'code': 1030}",4.9,7.9,68,ENE,1011.0,29.87,0.09,0.0,0.0,94,71,25.9,78.6,23.5,74.2,25.9,78.6,22.5,72.5,0,45,0,0,2.0,1.0,8.5,13.7,0.0
1735344000,2024-12-28 08:00,23.9,75.0,1,"{'text': 'Patchy rain possible', 'icon': '//cdn.weatherapi.com/weather/64x64/day/176.png', 'code': 1063}",4.7,7.6,68,ENE,1012.0,29.89,0.05,0.0,0.0,93,85,26.3,79.4,23.9,74.9,26.3,79.4,22.7,72.9,0,45,0,0,10.0,6.0,7.7,12.3,5.0
1735347600,2024-12-28 09:00,25.2,77.4,1,"{'text': 'Patchy rain possible', 'icon': '//cdn.weatherapi.com/weather/64x64/day/176.png', 'code': 1063}",5.1,8.3,78,ENE,1013.0,29.91,0.01,0.0,0.0,88,70,28.0,82.3,25.2,77.4,28.0,82.3,23.2,73.7,0,45,0,0,10.0,6.0,7.0,11.3,6.0
1735351200,2024-12-28 10:00,26.6,79.9,1,"{'text': 'Sunny', 'icon': '//cdn.weatherapi.com/weather/64x64/day/113.png', 'code': 1000}",4.9,7.9,83,E,1013.0,29.92,0.0,0.0,0.0,82,13,29.8,85.6,26.6,79.9,29.8,85.6,23.3,74.0,0,45,0,0,10.0,6.0,6.1,9.8,7.0
1735354800,2024-12-28 11:00,28.2,82.8,1,"{'text': 'Sunny', 'icon': '//cdn.weatherapi.com/weather/64x64/day/113.png', 'code': 1000}",4.3,6.8,79,E,1013.0,29.92,0.0,0.0,0.0,74,16,31.9,89.4,28.2,82.8,31.9,89.4,23.2,73.7,0,0,0,0,10.0,6.0,4.9,7.9,7.0
1735358400,2024-12-28 12:00,29.7,85.5,1,"{'text': 'Patchy rain possible', 'icon': '//cdn.weatherapi.com/weather/64x64/day/176.png', 'code': 1063}",3.1,5.0,69,ENE,1012.0,29.89,0.08,0.0,0.0,67,70,33.8,92.8,29.7,85.5,33.8,92.8,23.0,73.3,0,45,0,0,10.0,6.0,3.6,5.8,6.0
1735362000,2024-12-28 13:00,30.7,87.3,1,"{'text': 'Patchy rain possible', 'icon': '//cdn.weatherapi.com/weather/64x64/day/176.png', 'code': 1063}",0.9,1.4,79,E,1011.0,29.85,0.16,0.01,0.0,63,78,35.0,95.0,30.7,87.3,35.0,95.0,22.8,73.0,1,100,0,0,9.0,5.0,1.0,1.7,7.0
1735365600,2024-12-28 14:00,31.2,88.2,1,"{'text': 'Patchy rain possible', 'icon': '//cdn.weatherapi.com/weather/64x64/day/176.png', 'code': 1063}",2.7,4.3,230,SW,1010.0,29.82,0.07,0.0,0.0,61,79,35.7,96.3,31.2,88.2,35.7,96.3,22.8,73.0,0,45,0,0,10.0,6.0,3.1,5.0,7.0
1735369200,2024-12-28 15:00,30.2,86.4,1,"{'text': 'Light rain shower', 'icon': '//cdn.weatherapi.com/weather/64x64/day/353.png', 'code': 1240}",5.8,9.4,233,SW,1009.0,29.79,0.29,0.01,0.0,66,83,34.6,94.2,30.2,86.4,34.6,94.2,23.1,73.5,1,100,0,0,10.0,6.0,7.4,12.0,7.0
1735372800,2024-12-28 16:00,28.4,83.2,1,"{'text': 'Light rain shower', 'icon': '//cdn.weatherapi.com/weather/64x64/day/353.png', 'code': 1240}",6.7,10.8,229,SW,1008.0,29.78,1.14,0.04,0.0,75,80,32.5,90.5,28.4,83.2,32.5,90.5,23.6,74.5,1,100,0,0,10.0,6.0,10.0,16.1,6.0
1735376400,2024-12-28 17:00,27.4,81.3,1,"{'text': 'Light rain shower', 'icon': '//cdn.weatherapi.com/weather/64x64/day/353.png', 'code': 1240}",3.8,6.1,235,SW,1008.0,29.77,1.05,0.04,0.0,81,62,31.2,88.1,27.4,81.3,31.2,88.1,23.9,75.0,1,100,0,0,10.0,6.0,6.2,10.0,6.0
1735380000,2024-12-28 18:00,27.1,80.8,1,"{'text': 'Light rain shower', 'icon': '//cdn.weatherapi.com/weather/64x64/day/353.png', 'code': 1240}",1.3,2.2,294,WNW,1009.0,29.79,0.72,0.03,0.0,82,64,30.7,87.3,27.1,80.7,30.7,87.3,23.8,74.8,1,100,0,0,10.0,6.0,2.3,3.6,6.0
1735383600,2024-12-28 19:00,26.4,79.5,1,"{'text': 'Light rain shower', 'icon': '//cdn.weatherapi.com/weather/64x64/day/353.png', 'code': 1240}",2.0,3.2,358,N,1010.0,29.81,0.42,0.02,0.0,83,63,29.6,85.2,26.4,79.5,29.6,85.2,23.4,74.0,1,100,0,0,10.0,6.0,3.6,5.8,6.0
1735387200,2024-12-28 20:00,25.7,78.3,0,"{'text': 'Patchy rain possible', 'icon': '//cdn.weatherapi.com/weather/64x64/night/176.png', 'code': 1063}",3.4,5.4,20,NNE,1010.0,29.83,0.07,0.0,0.0,85,56,28.5,83.3,25.7,78.3,28.5,83.3,23.1,73.5,0,45,0,0,10.0,6.0,6.3,10.1,0.0
1735390800,2024-12-28 21:00,25.3,77.5,0,"{'text': 'Partly cloudy', 'icon': '//cdn.weatherapi.com/weather/64x64/night/116.png', 'code': 1003}",4.0,6.5,34,NE,1011.0,29.86,0.0,0.0,0.0,88,37,28.0,82.4,25.3,77.5,28.0,82.4,23.1,73.5,0,0,0,0,10.0,6.0,7.5,12.1,0.0
1735394400,2024-12-28 22:00,25.0,76.9,0,"{'text': 'Partly cloudy', 'icon': '//cdn.weatherapi.com/weather/64x64/night/116.png', 'code': 1003}",4.7,7.6,38,NE,1012.0,29.88,0.0,0.0,0.0,89,56,27.6,81.8,25.0,76.9,27.6,81.8,23.1,73.5,0,0,0,0,10.0,6.0,8.6,13.9,0.0
1735398000,2024-12-28 23:00,24.6,76.3,0,"{'text': 'Partly cloudy', 'icon': '//cdn.weatherapi.com/weather/64x64/night/116.png', 'code': 1003}",5.1,8.3,39,NE,1012.0,29.89,0.0,0.0,0.0,91,39,27.2,81.0,24.6,76.3,27.2,81.0,23.0,73.4,0,0,0,0,10.0,6.0,9.3,15.0,0.0
