time_epoch,time,temp_c,temp_f,is_day,condition,wind_mph,wind_kph,wind_degree,wind_dir,pressure_mb,pressure_in,precip_mm,precip_in,snow_cm,humidity,cloud,feelslike_c,feelslike_f,windchill_c,windchill_f,heatindex_c,heatindex_f,dewpoint_c,dewpoint_f,will_it_rain,chance_of_rain,will_it_snow,chance_of_snow,vis_km,vis_miles,gust_mph,gust_kph,uv
1735056000,2024-12-25 00:00,23.7,74.7,0,"{'text': 'Partly cloudy', 'icon': '//cdn.weatherapi.com/weather/64x64/night/116.png', 'code': 1003}",8.9,14.4,46,NE,1012.0,29.87,0.0,0.0,0.0,84,27,25.8,78.4,23.8,74.8,25.8,78.4,20.8,69.5,0,0,0,0,10.0,6.0,15.4,24.7,0.0
1735059600,2024-12-25 01:00,23.7,74.6,0,"{'text': 'Partly cloudy', 'icon': '//cdn.weatherapi.com/weather/64x64/night/116.png', 'code': 1003}",9.2,14.8,43,NE,1011.0,29.86,0.0,0.0,0.0,84,28,25.8,78.4,23.7,74.6,25.8,78.4,20.9,69.6,0,0,0,0,10.0,6.0,15.6,25.1,0.0
1735063200,2024-12-25 02:00,23.5,74.2,0,"{'text': 'Partly cloudy', 'icon': '//cdn.weatherapi.com/weather/64x64/night/116.png', 'code': 1003}",8.9,14.4,44,NE,1011.0,29.85,0.0,0.0,0.0,86,33,25.6,78.0,23.5,74.2,25.6,78.0,20.9,69.6,0,0,0,0,10.0,6.0,15.3,24.7,0.0
1735066800,2024-12-25 03:00,23.1,73.6,0,"{'text': 'Partly cloudy', 'icon': '//cdn.weatherapi.com/weather/64x64/night/116.png', 'code': 1003}",8.3,13.3,43,NE,1010.0,29.83,0.0,0.0,0.0,87,34,25.3,77.5,23.1,73.6,25.3,77.5,20.9,69.6,0,0,0,0,10.0,6.0,14.6,23.4,0.0
1735070400,2024-12-25 04:00,22.9,73.3,0,"{'text': 'Partly cloudy', 'icon': '//cdn.weatherapi.com/weather/64x64/night/116.png', 'code': 1003}",8.1,13.0,43,NE,1010.0,29.81,0.0,0.0,0.0,88,34,25.1,77.3,22.9,73.3,25.1,77.3,20.9,69.6,0,0,0,0,10.0,6.0,14.2,22.9,0.0
1735074000,2024-12-25 05:00,22.8,73.1,0,"{'text': 'Partly cloudy', 'icon': '//cdn.weatherapi.com/weather/64x64/night/116.png', 'code': 1003}",7.6,12.2,42,NE,1009.0,29.8,0.0,0.0,0.0,89,31,25.1,77.1,22.8,73.1,25.1,77.1,20.9,69.6,0,0,0,0,10.0,6.0,13.4,21.6,0.0
1735077600,2024-12-25 06:00,22.7,72.9,0,"{'text': 'Partly cloudy', 'icon': '//cdn.weatherapi.com/weather/64x64/night/116.png', 'code': 1003}",7.6,12.2,41,NE,1010.0,29.81,0.0,0.0,0.0,89,29,25.0,77.0,22.7,72.9,25.0,77.0,20.9,69.6,0,0,0,0,10.0,6.0,13.5,21.7,0.0
1735081200,2024-12-25 07:00,22.7,72.8,0,"{'text': 'Clear', 'icon': '//cdn.weatherapi.com/weather/64x64/night/113.png', 'code': 1000}",7.6,12.2,42,NE,1010.0,29.83,0.0,0.0,0.0,90,12,25.0,76.9,22.7,72.8,25.0,76.9,20.9,69.7,0,0,0,0,10.0,6.0,13.5,21.8,0.0
1735084800,2024-12-25 08:00,22.9,73.2,1,"{'text': 'Sunny', 'icon': '//cdn.weatherapi.com/weather/64x64/day/113.png', 'code': 1000}",6.3,10.1,46,NE,1011.0,29.84,0.0,0.0,0.0,90,11,25.2,77.3,22.9,73.2,25.2,77.3,21.1,70.0,0,0,0,0,10.0,6.0,10.8,17.3,6.0
1735088400,2024-12-25 09:00,24.4,75.8,1,"{'text': 'Sunny', 'icon': '//cdn.weatherapi.com/weather/64x64/day/113.png', 'code': 1000}",6.0,9.7,44,NE,1011.0,29.87,0.0,0.0,0.0,84,18,26.5,79.7,24.4,75.8,26.5,79.7,21.5,70.7,0,0,0,0,10.0,6.0,8.5,13.7,6.0
1735092000,2024-12-25 10:00,26.1,79.1,1,"{'text': 'Sunny', 'icon': '//cdn.weatherapi.com/weather/64x64/day/113.png', 'code': 1000}",7.2,11.5,43,NE,1012.0,29.88,0.0,0.0,0.0,76,8,28.4,83.1,26.1,79.1,28.4,83.1,21.5,70.7,0,0,0,0,10.0,6.0,9.0,14.4,7.0
1735095600,2024-12-25 11:00,27.9,82.2,1,"{'text': 'Sunny', 'icon': '//cdn.weatherapi.com/weather/64x64/day/113.png', 'code': 1000}",8.3,13.3,39,NE,1012.0,29.87,0.0,0.0,0.0,67,5,30.3,86.5,27.9,82.1,30.3,86.5,21.1,70.0,0,0,0,0,10.0,6.0,9.9,15.9,7.0
1735099200,2024-12-25 12:00,29.2,84.6,1,"{'text': 'Sunny', 'icon': '//cdn.weatherapi.com/weather/64x64/day/113.png', 'code': 1000}",9.6,15.5,35,NE,1011.0,29.85,0.0,0.0,0.0,60,4,31.7,89.1,29.2,84.6,31.7,89.1,20.7,69.2,0,0,0,0,10.0,6.0,11.4,18.3,7.0
1735102800,2024-12-25 13:00,30.1,86.1,1,"{'text': 'Sunny', 'icon': '//cdn.weatherapi.com/weather/64x64/day/113.png', 'code': 1000}",9.6,15.5,35,NE,1010.0,29.83,0.0,0.0,0.0,57,3,32.7,90.8,30.1,86.1,32.7,90.8,20.6,69.1,0,0,0,0,10.0,6.0,11.4,18.4,8.0
1735106400,2024-12-25 14:00,30.7,87.2,1,"{'text': 'Sunny', 'icon': '//cdn.weatherapi.com/weather/64x64/day/113.png', 'code': 1000}",9.2,14.8,34,NE,1009.0,29.8,0.0,0.0,0.0,55,3,33.5,92.2,30.7,87.2,33.5,92.2,20.6,69.1,0,0,0,0,10.0,6.0,11.1,17.9,8.0
1735110000,2024-12-25 15:00,30.9,87.6,1,"{'text': 'Sunny', 'icon': '//cdn.weatherapi.com/weather/64x64/day/113.png', 'code': 1000}",8.5,13.7,34,NE,1008.0,29.77,0.0,0.0,0.0,56,8,34.0,93.2,30.9,87.6,34.0,93.2,21.0,69.9,0,0,0,0,10.0,6.0,10.9,17.5,8.0
1735113600,2024-12-25 16:00,30.6,87.0,1,"{'text': 'Sunny', 'icon': '//cdn.weatherapi.com/weather/64x64/day/113.png', 'code': 1000}",8.7,14.0,29,NNE,1007.0,29.74,0.0,0.0,0.0,59,10,34.0,93.2,30.6,87.0,34.0,93.2,21.7,71.0,0,45,0,0,10.0,6.0,11.9,19.2,8.0
1735117200,2024-12-25 17:00,29.8,85.6,1,"{'text': 'Patchy rain possible', 'icon': '//cdn.weatherapi.com/weather/64x64/day/176.png', 'code': 1063}",8.9,14.4,22,NNE,1007.0,29.74,0.01,0.0,0.0,64,81,33.3,92.0,29.8,85.6,33.3,92.0,22.2,72.0,0,45,0,0,10.0,6.0,12.9,20.8,6.0
1735120800,2024-12-25 18:00,28.5,83.4,1,"{'text': 'Patchy rain possible', 'icon': '//cdn.weatherapi.com/weather/64x64/day/176.png', 'code': 1063}",10.1,16.2,26,NNE,1008.0,29.77,0.02,0.0,0.0,69,78,31.8,89.2,28.5,83.4,31.8,89.2,22.4,72.3,0,45,0,0,10.0,6.0,15.5,25.0,6.0
1735124400,2024-12-25 19:00,26.4,79.6,1,"{'text': 'Sunny', 'icon': '//cdn.weatherapi.com/weather/64x64/day/113.png', 'code': 1000}",9.2,14.8,26,NNE,1009.0,29.79,0.0,0.0,0.0,77,9,29.0,84.1,26.4,79.6,29.0,84.1,22.1,71.7,0,45,0,0,10.0,6.0,16.5,26.5,7.0
1735128000,2024-12-25 20:00,25.3,77.6,0,"{'text': 'Clear', 'icon': '//cdn.weatherapi.com/weather/64x64/night/113.png', 'code': 1000}",8.7,14.0,25,NNE,1010.0,29.82,0.0,0.0,0.0,80,9,27.5,81.6,25.3,77.6,27.5,81.6,21.6,70.9,0,0,0,0,10.0,6.0,16.0,25.7,0.0
1735131600,2024-12-25 21:00,24.9,76.7,0,"{'text': 'Clear', 'icon': '//cdn.weatherapi.com/weather/64x64/night/113.png', 'code': 1000}",8.7,14.0,26,NNE,1010.0,29.84,0.0,0.0,0.0,82,12,27.0,80.6,24.9,76.7,27.0,80.6,21.5,70.8,0,0,0,0,10.0,6.0,15.7,25.2,0.0
1735135200,2024-12-25 22:00,24.6,76.3,0,"{'text': 'Clear', 'icon': '//cdn.weatherapi.com/weather/64x64/night/113.png', 'code': 1000}",8.1,13.0,28,NNE,1011.0,29.87,0.0,0.0,0.0,83,12,26.7,80.1,24.6,76.3,26.7,80.1,21.5,70.7,0,0,0,0,10.0,6.0,14.5,23.3,0.0
1735138800,2024-12-25 23:00,24.4,75.9,0,"{'text': 'Clear', 'icon': '//cdn.weatherapi.com/weather/64x64/night/113.png', 'code': 1000}",8.1,13.0,28,NNE,1012.0,29.88,0.0,0.0,0.0,84,13,26.5,79.7,24.4,75.9,26.5,79.7,21.5,70.8,0,0,0,0,10.0,6.0,14.5,23.4,0.0
