time_epoch,time,temp_c,temp_f,is_day,condition,wind_mph,wind_kph,wind_degree,wind_dir,pressure_mb,pressure_in,precip_mm,precip_in,snow_cm,humidity,cloud,feelslike_c,feelslike_f,windchill_c,windchill_f,heatindex_c,heatindex_f,dewpoint_c,dewpoint_f,will_it_rain,chance_of_rain,will_it_snow,chance_of_snow,vis_km,vis_miles,gust_mph,gust_kph,uv
1735228800,2024-12-27 00:00,27.8,82.1,0,"{'text': 'Clear', 'icon': '//cdn.weatherapi.com/weather/64x64/night/113.png', 'code': 1000}",2.7,4.3,90,E,1012.0,29.87,0.0,0.0,0.0,78,21,31.6,88.9,27.8,82.1,31.6,88.9,23.6,74.4,0,0,0,0,10.0,6.0,3.1,5.0,0.0
1735232400,2024-12-27 01:00,27.9,82.2,0,"{'text': 'Partly cloudy', 'icon': '//cdn.weatherapi.com/weather/64x64/night/116.png', 'code': 1003}",3.4,5.4,89,E,1012.0,29.87,0.0,0.0,0.0,79,43,32.0,89.5,27.9,82.2,32.0,89.5,24.0,75.2,0,0,0,0,10.0,6.0,3.9,6.2,0.0
1735236000,2024-12-27 02:00,28.0,82.3,0,"{'text': 'Partly cloudy', 'icon': '//cdn.weatherapi.com/weather/64x64/night/116.png', 'code': 1003}",4.0,6.5,109,ESE,1011.0,29.86,0.0,0.0,0.0,81,27,32.4,90.3,28.0,82.3,32.4,90.3,24.4,75.9,0,45,0,0,10.0,6.0,4.6,7.5,0.0
1735239600,2024-12-27 03:00,27.8,82.1,0,"{'text': 'Partly cloudy', 'icon': '//cdn.weatherapi.com/weather/64x64/night/116.png', 'code': 1003}",3.8,6.1,104,ESE,1011.0,29.84,0.0,0.0,0.0,82,52,32.2,89.9,27.8,82.1,32.2,89.9,24.4,75.9,0,0,0,0,10.0,6.0,4.4,7.1,0.0
1735243200,2024-12-27 04:00,27.7,81.8,0,"{'text': 'Partly cloudy', 'icon': '//cdn.weatherapi.com/weather/64x64/night/116.png', 'code': 1003}",4.0,6.5,104,ESE,1010.0,29.83,0.0,0.0,0.0,83,34,32.0,89.5,27.7,81.8,32.0,89.5,24.4,76.0,0,45,0,0,10.0,6.0,4.6,7.5,0.0
1735246800,2024-12-27 05:00,27.5,81.6,0,"{'text': 'Partly cloudy', 'icon': '//cdn.weatherapi.com/weather/64x64/night/116.png', 'code': 1003}",3.4,5.4,97,E,1010.0,29.83,0.0,0.0,0.0,83,34,31.8,89.2,27.5,81.6,31.8,89.2,24.4,75.9,0,0,0,0,10.0,6.0,3.9,6.2,0.0
1735250400,2024-12-27 06:00,27.5,81.4,0,"{'text': 'Partly cloudy', 'icon': '//cdn.weatherapi.com/weather/64x64/night/116.png', 'code': 1003}",4.0,6.5,80,E,1011.0,29.84,0.0,0.0,0.0,84,40,31.7,89.1,27.5,81.4,31.7,89.1,24.5,76.0,0,45,0,0,10.0,6.0,4.6,7.5,0.0
1735254000,2024-12-27 07:00,27.3,81.2,0,"{'text': 'Partly cloudy', 'icon': '//cdn.weatherapi.com/weather/64x64/night/116.png', 'code': 1003}",4.3,6.8,83,E,1011.0,29.86,0.0,0.0,0.0,85,40,31.6,88.8,27.3,81.2,31.6,88.8,24.5,76.1,0,45,0,0,10.0,6.0,4.9,7.9,0.0
1735257600,2024-12-27 08:00,27.5,81.5,1,"{'text': 'Partly cloudy', 'icon': '//cdn.weatherapi.com/weather/64x64/day/116.png', 'code': 1003}",4.7,7.6,95,E,1012.0,29.88,0.0,0.0,0.0,85,52,31.9,89.5,27.5,81.5,31.9,89.5,24.7,76.5,0,0,0,0,10.0,6.0,5.4,8.7,7.0
1735261200,2024-12-27 09:00,28.2,82.7,1,"{'text': 'Patchy rain possible', 'icon': '//cdn.weatherapi.com/weather/64x64/day/176.png', 'code': 1063}",5.1,8.3,102,ESE,1013.0,29.91,0.14,0.01,0.0,83,81,33.1,91.6,28.2,82.7,33.1,91.6,24.9,76.9,1,100,0,0,10.0,6.0,5.9,9.5,6.0
1735264800,2024-12-27 10:00,29.1,84.3,1,"{'text': 'Patchy rain possible', 'icon': '//cdn.weatherapi.com/weather/64x64/day/176.png', 'code': 1063}",4.0,6.5,105,ESE,1013.0,29.93,0.01,0.0,0.0,79,82,34.7,94.4,29.1,84.3,34.7,94.4,25.1,77.2,0,45,0,0,10.0,6.0,4.6,7.5,6.0
1735268400,2024-12-27 11:00,29.8,85.7,1,"{'text': 'Patchy rain possible', 'icon': '//cdn.weatherapi.com/weather/64x64/day/176.png', 'code': 1063}",2.5,4.0,116,ESE,1013.0,29.92,0.57,0.02,0.0,77,77,36.0,96.8,29.8,85.7,36.0,96.8,25.3,77.5,1,100,0,0,9.0,5.0,2.9,4.7,6.0
1735272000,2024-12-27 12:00,30.3,86.5,1,"{'text': 'Patchy rain possible', 'icon': '//cdn.weatherapi.com/weather/64x64/day/176.png', 'code': 1063}",2.0,3.2,167,SSE,1013.0,29.91,0.84,0.03,0.0,76,74,37.0,98.6,30.3,86.5,37.0,98.6,25.5,78.0,1,100,0,0,9.0,5.0,2.6,4.2,7.0
1735275600,2024-12-27 13:00,30.5,87.0,1,"{'text': 'Patchy rain possible', 'icon': '//cdn.weatherapi.com/weather/64x64/day/176.png', 'code': 1063}",2.7,4.3,211,SSW,1012.0,29.88,1.04,0.04,0.0,76,74,37.6,99.7,30.5,87.0,37.6,99.7,25.7,78.3,1,100,0,0,9.0,5.0,3.9,6.3,7.0
1735279200,2024-12-27 14:00,30.5,86.9,1,"{'text': 'Light rain shower', 'icon': '//cdn.weatherapi.com/weather/64x64/day/353.png', 'code': 1240}",3.8,6.1,217,SW,1011.0,29.85,1.26,0.05,0.0,76,81,37.7,99.9,30.5,86.9,37.7,99.9,25.9,78.6,1,100,0,0,10.0,6.0,6.3,10.1,7.0
1735282800,2024-12-27 15:00,30.5,87.0,1,"{'text': 'Light rain shower', 'icon': '//cdn.weatherapi.com/weather/64x64/day/353.png', 'code': 1240}",4.0,6.5,224,SW,1010.0,29.82,0.61,0.02,0.0,77,68,37.9,100.1,30.5,87.0,37.9,100.1,25.9,78.7,1,100,0,0,10.0,6.0,5.3,8.5,7.0
1735286400,2024-12-27 16:00,30.5,86.9,1,"{'text': 'Light rain shower', 'icon': '//cdn.weatherapi.com/weather/64x64/day/353.png', 'code': 1240}",3.4,5.4,233,SW,1009.0,29.79,0.86,0.03,0.0,76,55,37.8,100.0,30.5,86.9,37.8,100.0,25.9,78.6,1,100,0,0,10.0,6.0,4.9,8.0,7.0
1735290000,2024-12-27 17:00,30.0,85.9,1,"{'text': 'Light rain shower', 'icon': '//cdn.weatherapi.com/weather/64x64/day/353.png', 'code': 1240}",3.4,5.4,245,WSW,1009.0,29.78,1.21,0.05,0.0,77,76,36.4,97.5,30.0,85.9,36.4,97.5,25.5,77.8,1,100,0,0,10.0,6.0,5.6,9.0,6.0
1735293600,2024-12-27 18:00,27.6,81.7,1,"{'text': 'Patchy rain possible', 'icon': '//cdn.weatherapi.com/weather/64x64/day/176.png', 'code': 1063}",3.8,6.1,257,WSW,1009.0,29.79,0.72,0.03,0.0,79,82,31.4,88.5,27.6,81.7,31.4,88.5,23.7,74.6,1,100,0,0,9.0,5.0,6.8,11.0,6.0
1735297200,2024-12-27 19:00,26.0,78.8,1,"{'text': 'Patchy rain possible', 'icon': '//cdn.weatherapi.com/weather/64x64/day/176.png', 'code': 1063}",3.4,5.4,273,W,1010.0,29.82,0.07,0.0,0.0,79,52,28.5,83.3,26.0,78.8,28.5,83.3,22.2,71.9,0,45,0,0,10.0,6.0,6.2,10.0,6.0
1735300800,2024-12-27 20:00,25.7,78.3,0,"{'text': 'Patchy rain possible', 'icon': '//cdn.weatherapi.com/weather/64x64/night/176.png', 'code': 1063}",2.5,4.0,306,NW,1011.0,29.84,0.01,0.0,0.0,79,58,28.0,82.5,25.7,78.3,28.0,82.5,21.9,71.4,0,45,0,0,10.0,6.0,4.7,7.5,0.0
1735304400,2024-12-27 21:00,25.6,78.0,0,"{'text': 'Patchy rain possible', 'icon': '//cdn.weatherapi.com/weather/64x64/night/176.png', 'code': 1063}",1.8,2.9,9,N,1012.0,29.87,0.03,0.0,0.0,80,76,27.9,82.1,25.6,78.0,27.9,82.1,21.8,71.2,0,45,0,0,10.0,6.0,3.4,5.5,0.0
1735308000,2024-12-27 22:00,26.4,79.6,0,"{'text': 'Patchy rain possible', 'icon': '//cdn.weatherapi.com/weather/64x64/night/176.png', 'code': 1063}",1.8,2.9,37,NE,1012.0,29.89,0.03,0.0,0.0,80,75,29.2,84.6,26.4,79.6,29.2,84.6,22.7,72.8,0,45,0,0,10.0,6.0,3.0,4.8,0.0
1735311600,2024-12-27 23:00,28.5,83.2,0,"{'text': 'Light rain shower', 'icon': '//cdn.weatherapi.com/weather/64x64/night/353.png', 'code': 1240}",2.2,3.6,57,ENE,1012.0,29.9,0.51,0.02,0.0,81,65,33.6,92.5,28.5,83.2,33.6,92.5,25.0,76.9,1,100,0,0,10.0,6.0,2.8,4.5,0.0
