time_epoch,time,temp_c,temp_f,is_day,condition,wind_mph,wind_kph,wind_degree,wind_dir,pressure_mb,pressure_in,precip_mm,precip_in,snow_cm,humidity,cloud,feelslike_c,feelslike_f,windchill_c,windchill_f,heatindex_c,heatindex_f,dewpoint_c,dewpoint_f,will_it_rain,chance_of_rain,will_it_snow,chance_of_snow,vis_km,vis_miles,gust_mph,gust_kph,uv
1734883200,2024-12-23 00:00,24.5,76.2,0,"{'text': 'Partly cloudy', 'icon': '//cdn.weatherapi.com/weather/64x64/night/116.png', 'code': 1003}",6.7,10.8,35,NE,1010.0,29.83,0.0,0.0,0.0,83,41,26.7,80.0,24.5,76.2,26.7,80.0,21.6,70.8,0,0,0,0,10.0,6.0,12.4,19.9,0.0
1734886800,2024-12-23 01:00,24.2,75.6,0,"{'text': 'Partly cloudy', 'icon': '//cdn.weatherapi.com/weather/64x64/night/116.png', 'code': 1003}",6.9,11.2,32,NNE,1010.0,29.82,0.0,0.0,0.0,85,40,26.4,79.5,24.2,75.6,26.4,79.5,21.5,70.7,0,0,0,0,10.0,6.0,12.6,20.3,0.0
1734890400,2024-12-23 02:00,23.7,74.7,0,"{'text': 'Patchy rain possible', 'icon': '//cdn.weatherapi.com/weather/64x64/night/176.png', 'code': 1063}",6.9,11.2,42,NE,1010.0,29.81,0.25,0.01,0.0,86,82,25.9,78.5,23.7,74.7,25.9,78.5,21.3,70.3,1,100,0,0,9.0,5.0,12.9,20.8,0.0
1734894000,2024-12-23 03:00,23.4,74.1,0,"{'text': 'Patchy rain possible', 'icon': '//cdn.weatherapi.com/weather/64x64/night/176.png', 'code': 1063}",6.0,9.7,53,NE,1009.0,29.79,0.21,0.01,0.0,87,71,25.5,77.9,23.4,74.0,25.5,77.9,21.1,70.0,1,100,0,0,9.0,5.0,11.4,18.3,0.0
1734897600,2024-12-23 04:00,23.0,73.5,0,"{'text': 'Patchy rain possible', 'icon': '//cdn.weatherapi.com/weather/64x64/night/176.png', 'code': 1063}",5.6,9.0,59,ENE,1008.0,29.77,0.2,0.01,0.0,88,87,25.3,77.5,23.1,73.5,25.3,77.5,21.0,69.8,1,100,0,0,9.0,5.0,10.7,17.2,0.0
1734901200,2024-12-23 05:00,23.0,73.3,0,"{'text': 'Patchy rain possible', 'icon': '//cdn.weatherapi.com/weather/64x64/night/176.png', 'code': 1063}",6.0,9.7,57,ENE,1008.0,29.77,0.22,0.01,0.0,89,76,25.2,77.3,23.0,73.3,25.2,77.3,21.0,69.8,1,100,0,0,9.0,5.0,11.5,18.6,0.0
1734904800,2024-12-23 06:00,22.9,73.2,0,"{'text': 'Patchy rain possible', 'icon': '//cdn.weatherapi.com/weather/64x64/night/176.png', 'code': 1063}",6.3,10.1,52,NE,1009.0,29.78,0.05,0.0,0.0,88,79,25.1,77.2,22.9,73.2,25.1,77.2,20.9,69.6,0,45,0,0,10.0,6.0,11.9,19.2,0.0
1734908400,2024-12-23 07:00,22.8,73.0,0,"{'text': 'Patchy rain possible', 'icon': '//cdn.weatherapi.com/weather/64x64/night/176.png', 'code': 1063}",5.6,9.0,55,NE,1009.0,29.8,0.05,0.0,0.0,88,78,25.0,77.1,22.8,73.0,25.0,77.1,20.7,69.3,0,45,0,0,10.0,6.0,10.7,17.2,0.0
1734912000,2024-12-23 08:00,23.0,73.4,1,"{'text': 'Sunny', 'icon': '//cdn.weatherapi.com/weather/64x64/day/113.png', 'code': 1000}",5.4,8.6,61,ENE,1010.0,29.82,0.0,0.0,0.0,87,22,25.2,77.3,23.0,73.4,25.2,77.3,20.8,69.4,0,0,0,0,10.0,6.0,10.0,16.1,6.0
1734915600,2024-12-23 09:00,23.6,74.5,1,"{'text': 'Sunny', 'icon': '//cdn.weatherapi.com/weather/64x64/day/113.png', 'code': 1000}",5.6,9.0,67,ENE,1011.0,29.84,0.0,0.0,0.0,85,21,25.7,78.3,23.6,74.5,25.7,78.3,21.0,69.9,0,0,0,0,10.0,6.0,9.6,15.5,6.0
1734919200,2024-12-23 10:00,24.7,76.4,1,"{'text': 'Sunny', 'icon': '//cdn.weatherapi.com/weather/64x64/day/113.png', 'code': 1000}",5.6,9.0,65,ENE,1011.0,29.85,0.0,0.0,0.0,83,19,26.8,80.3,24.7,76.4,26.8,80.3,21.5,70.8,0,0,0,0,10.0,6.0,8.7,14.0,6.0
1734922800,2024-12-23 11:00,25.5,77.9,1,"{'text': 'Partly cloudy', 'icon': '//cdn.weatherapi.com/weather/64x64/day/116.png', 'code': 1003}",5.4,8.6,56,ENE,1011.0,29.84,0.0,0.0,0.0,79,34,27.7,81.9,25.5,77.9,27.7,81.9,21.6,70.9,0,0,0,0,10.0,6.0,8.4,13.5,7.0
1734926400,2024-12-23 12:00,26.3,79.4,1,"{'text': 'Sunny', 'icon': '//cdn.weatherapi.com/weather/64x64/day/113.png', 'code': 1000}",4.3,6.8,45,NE,1010.0,29.82,0.0,0.0,0.0,76,21,28.7,83.7,26.3,79.4,28.7,83.7,21.7,71.0,0,45,0,0,10.0,6.0,6.6,10.7,7.0
1734930000,2024-12-23 13:00,26.9,80.5,1,"{'text': 'Patchy rain possible', 'icon': '//cdn.weatherapi.com/weather/64x64/day/176.png', 'code': 1063}",2.5,4.0,349,N,1009.0,29.8,0.02,0.0,0.0,73,71,29.4,84.9,26.9,80.5,29.4,84.9,21.7,71.0,0,45,0,0,10.0,6.0,3.8,6.2,6.0
1734933600,2024-12-23 14:00,27.1,80.7,1,"{'text': 'Patchy light drizzle', 'icon': '//cdn.weatherapi.com/weather/64x64/day/263.png', 'code': 1150}",4.9,7.9,305,NW,1008.0,29.77,0.46,0.02,0.0,73,71,29.7,85.4,27.1,80.7,29.7,85.4,21.8,71.3,1,100,0,0,5.0,3.0,7.7,12.3,6.0
1734937200,2024-12-23 15:00,27.0,80.6,1,"{'text': 'Patchy rain possible', 'icon': '//cdn.weatherapi.com/weather/64x64/day/176.png', 'code': 1063}",5.8,9.4,295,WNW,1007.0,29.74,0.18,0.01,0.0,74,87,29.6,85.3,27.0,80.7,29.6,85.3,21.9,71.4,1,100,0,0,9.0,5.0,9.1,14.7,6.0
1734940800,2024-12-23 16:00,26.9,80.4,1,"{'text': 'Patchy rain possible', 'icon': '//cdn.weatherapi.com/weather/64x64/day/176.png', 'code': 1063}",6.0,9.7,282,WNW,1006.0,29.71,0.22,0.01,0.0,74,84,29.4,84.9,26.9,80.4,29.4,84.9,21.8,71.3,1,100,0,0,9.0,5.0,9.7,15.6,6.0
1734944400,2024-12-23 17:00,26.7,80.1,1,"{'text': 'Patchy rain possible', 'icon': '//cdn.weatherapi.com/weather/64x64/day/176.png', 'code': 1063}",5.6,9.0,276,W,1006.0,29.7,0.07,0.0,0.0,74,78,29.2,84.5,26.7,80.1,29.2,84.5,21.8,71.2,0,45,0,0,10.0,6.0,9.2,14.8,6.0
1734948000,2024-12-23 18:00,26.6,79.9,1,"{'text': 'Patchy rain possible', 'icon': '//cdn.weatherapi.com/weather/64x64/day/176.png', 'code': 1063}",4.9,7.9,271,W,1006.0,29.71,0.07,0.0,0.0,75,87,29.1,84.3,26.6,79.9,29.1,84.3,21.8,71.3,0,45,0,0,10.0,6.0,8.3,13.4,6.0
1734951600,2024-12-23 19:00,25.9,78.7,1,"{'text': 'Patchy rain possible', 'icon': '//cdn.weatherapi.com/weather/64x64/day/176.png', 'code': 1063}",3.8,6.1,283,WNW,1007.0,29.74,0.2,0.01,0.0,77,84,28.2,82.8,25.9,78.7,28.2,82.8,21.6,70.9,1,100,0,0,9.0,5.0,7.1,11.5,6.0
1734955200,2024-12-23 20:00,25.7,78.3,0,"{'text': 'Partly cloudy', 'icon': '//cdn.weatherapi.com/weather/64x64/night/116.png', 'code': 1003}",2.5,4.0,310,NW,1008.0,29.77,0.0,0.0,0.0,79,40,28.0,82.3,25.7,78.3,28.0,82.3,21.7,71.0,0,45,0,0,10.0,6.0,4.8,7.7,0.0
1734958800,2024-12-23 21:00,25.6,78.0,0,"{'text': 'Patchy rain possible', 'icon': '//cdn.weatherapi.com/weather/64x64/night/176.png', 'code': 1063}",2.5,4.0,2,N,1009.0,29.8,0.02,0.0,0.0,79,74,27.8,82.0,25.6,78.0,27.8,82.0,21.6,70.9,0,45,0,0,10.0,6.0,4.8,7.7,0.0
1734962400,2024-12-23 22:00,25.3,77.5,0,"{'text': 'Partly cloudy', 'icon': '//cdn.weatherapi.com/weather/64x64/night/116.png', 'code': 1003}",4.5,7.2,30,NNE,1010.0,29.82,0.0,0.0,0.0,80,39,27.5,81.4,25.3,77.5,27.5,81.4,21.6,70.9,0,0,0,0,10.0,6.0,8.6,13.9,0.0
1734966000,2024-12-23 23:00,24.9,76.9,0,"{'text': 'Partly cloudy', 'icon': '//cdn.weatherapi.com/weather/64x64/night/116.png', 'code': 1003}",6.7,10.8,39,NE,1010.0,29.82,0.0,0.0,0.0,83,28,27.1,80.9,24.9,76.9,27.1,80.9,21.8,71.2,0,0,0,0,10.0,6.0,12.6,20.2,0.0
