time_epoch,time,temp_c,temp_f,is_day,condition,wind_mph,wind_kph,wind_degree,wind_dir,pressure_mb,pressure_in,precip_mm,precip_in,snow_cm,humidity,cloud,feelslike_c,feelslike_f,windchill_c,windchill_f,heatindex_c,heatindex_f,dewpoint_c,dewpoint_f,will_it_rain,chance_of_rain,will_it_snow,chance_of_snow,vis_km,vis_miles,gust_mph,gust_kph,uv
1735401600,2024-12-29 00:00,28.8,83.9,0,"{'text': 'Patchy rain possible', 'icon': '//cdn.weatherapi.com/weather/64x64/night/176.png', 'code': 1063}",0.4,0.7,7,N,1012.0,29.89,0.39,0.02,0.0,79,71,34.0,93.2,28.9,83.9,34.0,93.2,24.7,76.5,1,100,0,0,9.0,5.0,0.7,1.2,0.0
1735405200,2024-12-29 01:00,28.5,83.3,0,"{'text': 'Patchy rain possible', 'icon': '//cdn.weatherapi.com/weather/64x64/night/176.png', 'code': 1063}",1.6,2.5,86,E,1012.0,29.88,0.54,0.02,0.0,81,89,33.6,92.4,28.5,83.3,33.6,92.4,24.9,76.8,1,100,0,0,9.0,5.0,2.6,4.1,0.0
1735408800,2024-12-29 02:00,27.8,82.0,0,"{'text': 'Patchy rain possible', 'icon': '//cdn.weatherapi.com/weather/64x64/night/176.png', 'code': 1063}",3.8,6.1,144,SE,1011.0,29.87,1.3,0.05,0.0,86,72,32.9,91.1,27.8,82.0,32.9,91.1,25.3,77.5,1,100,0,0,9.0,5.0,6.4,10.3,0.0
1735412400,2024-12-29 03:00,27.3,81.1,0,"{'text': 'Patchy rain possible', 'icon': '//cdn.weatherapi.com/weather/64x64/night/176.png', 'code': 1063}",4.9,7.9,164,SSE,1011.0,29.85,1.59,0.06,0.0,90,75,32.2,90.0,27.3,81.1,32.2,90.0,25.5,77.8,1,100,0,0,9.0,5.0,5.9,9.5,0.0
1735416000,2024-12-29 04:00,27.1,80.7,0,"{'text': 'Light rain shower', 'icon': '//cdn.weatherapi.com/weather/64x64/night/353.png', 'code': 1240}",4.5,7.2,164,SSE,1010.0,29.83,1.06,0.04,0.0,91,80,31.9,89.4,27.1,80.7,31.9,89.4,25.4,77.8,1,100,0,0,10.0,6.0,5.6,9.1,0.0
1735419600,2024-12-29 05:00,27.0,80.7,0,"{'text': 'Patchy rain possible', 'icon': '//cdn.weatherapi.com/weather/64x64/night/176.png', 'code': 1063}",4.0,6.5,177,S,1010.0,29.83,0.56,0.02,0.0,91,78,31.8,89.3,27.0,80.7,31.8,89.3,25.4,77.7,1,100,0,0,9.0,5.0,5.3,8.5,0.0
1735423200,2024-12-29 06:00,27.0,80.6,0,"{'text': 'Patchy rain possible', 'icon': '//cdn.weatherapi.com/weather/64x64/night/176.png', 'code': 1063}",3.1,5.0,146,SSE,1011.0,29.84,0.31,0.01,0.0,90,84,31.7,89.0,27.0,80.6,31.7,89.0,25.3,77.5,1,100,0,0,9.0,5.0,4.3,6.9,0.0
1735426800,2024-12-29 07:00,27.1,80.7,0,"{'text': 'Patchy rain possible', 'icon': '//cdn.weatherapi.com/weather/64x64/night/176.png', 'code': 1063}",3.4,5.4,102,ESE,1011.0,29.86,0.75,0.03,0.0,90,72,31.8,89.2,27.1,80.7,31.8,89.2,25.3,77.5,1,100,0,0,9.0,5.0,4.8,7.7,0.0
1735430400,2024-12-29 08:00,27.2,81.0,1,"{'text': 'Light rain shower', 'icon': '//cdn.weatherapi.com/weather/64x64/day/353.png', 'code': 1240}",3.8,6.1,93,E,1012.0,29.88,1.04,0.04,0.0,89,80,32.0,89.6,27.2,81.0,32.0,89.6,25.3,77.5,1,100,0,0,10.0,6.0,5.9,9.5,6.0
1735434000,2024-12-29 09:00,27.8,82.0,1,"{'text': 'Patchy rain possible', 'icon': '//cdn.weatherapi.com/weather/64x64/day/176.png', 'code': 1063}",5.1,8.3,90,E,1013.0,29.91,1.28,0.05,0.0,87,74,32.9,91.3,27.8,82.0,32.9,91.3,25.4,77.7,1,100,0,0,9.0,5.0,6.8,10.9,6.0
1735437600,2024-12-29 10:00,28.7,83.6,1,"{'text': 'Patchy rain possible', 'icon': '//cdn.weatherapi.com/weather/64x64/day/176.png', 'code': 1063}",4.3,6.8,87,E,1013.0,29.93,0.87,0.03,0.0,82,72,34.3,93.7,28.7,83.6,34.3,93.7,25.3,77.6,1,100,0,0,9.0,5.0,6.2,10.0,6.0
1735441200,2024-12-29 11:00,29.6,85.3,1,"{'text': 'Light rain shower', 'icon': '//cdn.weatherapi.com/weather/64x64/day/353.png', 'code': 1240}",3.1,5.0,82,E,1013.0,29.93,0.56,0.02,0.0,77,86,35.6,96.1,29.6,85.3,35.6,96.1,25.2,77.4,1,100,0,0,10.0,6.0,4.9,7.8,6.0
1735444800,2024-12-29 12:00,30.4,86.7,1,"{'text': 'Patchy rain possible', 'icon': '//cdn.weatherapi.com/weather/64x64/day/176.png', 'code': 1063}",1.3,2.2,50,NE,1013.0,29.9,0.12,0.0,0.0,73,77,36.6,97.9,30.4,86.7,36.6,97.9,25.0,77.1,1,100,0,0,10.0,6.0,2.1,3.5,7.0
1735448400,2024-12-29 13:00,30.6,87.2,1,"{'text': 'Light rain shower', 'icon': '//cdn.weatherapi.com/weather/64x64/day/353.png', 'code': 1240}",1.6,2.5,338,NNW,1012.0,29.87,0.51,0.02,0.0,72,76,37.1,98.7,30.6,87.2,37.1,98.7,25.1,77.2,1,100,0,0,10.0,6.0,2.6,4.2,7.0
1735452000,2024-12-29 14:00,30.7,87.3,1,"{'text': 'Patchy rain possible', 'icon': '//cdn.weatherapi.com/weather/64x64/day/176.png', 'code': 1063}",2.9,4.7,315,NW,1010.0,29.84,0.13,0.01,0.0,72,55,37.2,99.0,30.7,87.3,37.2,99.0,25.1,77.2,1,100,0,0,10.0,6.0,4.9,7.9,7.0
1735455600,2024-12-29 15:00,30.8,87.4,1,"{'text': 'Light rain shower', 'icon': '//cdn.weatherapi.com/weather/64x64/day/353.png', 'code': 1240}",2.9,4.7,303,WNW,1009.0,29.81,0.4,0.02,0.0,72,62,37.4,99.3,30.8,87.4,37.4,99.3,25.2,77.3,1,100,0,0,10.0,6.0,3.4,5.5,7.0
1735459200,2024-12-29 16:00,30.7,87.2,1,"{'text': 'Light rain shower', 'icon': '//cdn.weatherapi.com/weather/64x64/day/353.png', 'code': 1240}",2.7,4.3,289,WNW,1008.0,29.78,0.17,0.01,0.0,72,54,37.1,98.8,30.7,87.2,37.1,98.8,25.1,77.1,1,100,0,0,10.0,6.0,3.3,5.4,7.0
1735462800,2024-12-29 17:00,28.7,83.6,1,"{'text': 'Patchy rain possible', 'icon': '//cdn.weatherapi.com/weather/64x64/day/176.png', 'code': 1063}",2.9,4.7,304,NW,1008.0,29.77,0.37,0.01,0.0,73,71,32.7,90.8,28.7,83.6,32.7,90.8,23.4,74.2,1,100,0,0,9.0,5.0,3.8,6.2,6.0
1735466400,2024-12-29 18:00,26.5,79.7,1,"{'text': 'Patchy rain possible', 'icon': '//cdn.weatherapi.com/weather/64x64/day/176.png', 'code': 1063}",3.4,5.4,322,NW,1009.0,29.79,0.59,0.02,0.0,77,81,29.0,84.3,26.5,79.7,29.0,84.3,22.1,71.8,1,100,0,0,9.0,5.0,5.8,9.4,6.0
1735470000,2024-12-29 19:00,25.8,78.4,1,"{'text': 'Light rain shower', 'icon': '//cdn.weatherapi.com/weather/64x64/day/353.png', 'code': 1240}",4.5,7.2,339,NNW,1010.0,29.81,0.66,0.03,0.0,78,50,28.1,82.5,25.8,78.4,28.1,82.5,21.7,71.1,1,100,0,0,10.0,6.0,8.5,13.7,6.0
1735473600,2024-12-29 20:00,25.5,77.9,0,"{'text': 'Patchy rain possible', 'icon': '//cdn.weatherapi.com/weather/64x64/night/176.png', 'code': 1063}",5.1,8.3,349,N,1010.0,29.83,0.46,0.02,0.0,80,72,27.7,81.9,25.5,77.8,27.7,81.9,21.8,71.2,1,100,0,0,9.0,5.0,9.9,15.9,0.0
1735477200,2024-12-29 21:00,25.2,77.4,0,"{'text': 'Patchy rain possible', 'icon': '//cdn.weatherapi.com/weather/64x64/night/176.png', 'code': 1063}",4.7,7.6,1,N,1011.0,29.86,0.59,0.02,0.0,82,75,27.5,81.5,25.2,77.4,27.5,81.5,21.9,71.5,1,100,0,0,9.0,5.0,9.1,14.6,0.0
1735480800,2024-12-29 22:00,25.1,77.2,0,"{'text': 'Light rain shower', 'icon': '//cdn.weatherapi.com/weather/64x64/night/353.png', 'code': 1240}",3.4,5.4,25,NNE,1012.0,29.88,0.29,0.01,0.0,82,86,27.4,81.2,25.1,77.2,27.4,81.2,21.9,71.3,1,100,0,0,10.0,6.0,6.5,10.5,0.0
1735484400,2024-12-29 23:00,27.2,81.0,0,"{'text': 'Partly cloudy', 'icon': '//cdn.weatherapi.com/weather/64x64/night/116.png', 'code': 1003}",3.8,6.1,47,NE,1012.0,29.88,0.0,0.0,0.0,82,61,31.0,87.8,27.2,81.0,31.0,87.8,23.9,75.0,0,0,0,0,10.0,6.0,5.1,8.3,0.0
