time_epoch,time,temp_c,temp_f,is_day,condition,wind_mph,wind_kph,wind_degree,wind_dir,pressure_mb,pressure_in,precip_mm,precip_in,snow_cm,humidity,cloud,feelslike_c,feelslike_f,windchill_c,windchill_f,heatindex_c,heatindex_f,dewpoint_c,dewpoint_f,will_it_rain,chance_of_rain,will_it_snow,chance_of_snow,vis_km,vis_miles,gust_mph,gust_kph,uv
1735488000,2024-12-30 00:00,28.2,82.7,0,"{'text': 'Patchy rain possible', 'icon': '//cdn.weatherapi.com/weather/64x64/night/176.png', 'code': 1063}",4.7,7.6,68,ENE,1012.0,29.88,0.01,0.0,0.0,84,72,33.4,92.1,28.2,82.7,33.4,92.1,25.2,77.4,0,45,0,0,10.0,6.0,5.4,8.7,0.0
1735491600,2024-12-30 01:00,28.0,82.4,0,"{'text': 'Patchy rain possible', 'icon': '//cdn.weatherapi.com/weather/64x64/night/176.png', 'code': 1063}",5.4,8.6,71,ENE,1011.0,29.87,0.1,0.0,0.0,86,67,33.3,91.9,28.0,82.4,33.3,91.9,25.4,77.6,1,100,0,0,10.0,6.0,6.2,9.9,0.0
1735495200,2024-12-30 02:00,27.7,81.8,0,"{'text': 'Light rain shower', 'icon': '//cdn.weatherapi.com/weather/64x64/night/353.png', 'code': 1240}",5.1,8.3,65,ENE,1011.0,29.85,0.53,0.02,0.0,87,62,32.7,90.8,27.7,81.8,32.7,90.8,25.2,77.4,1,100,0,0,10.0,6.0,6.1,9.8,0.0
1735498800,2024-12-30 03:00,27.6,81.6,0,"{'text': 'Light rain shower', 'icon': '//cdn.weatherapi.com/weather/64x64/night/353.png', 'code': 1240}",5.6,9.0,63,ENE,1010.0,29.83,0.57,0.02,0.0,87,81,32.4,90.4,27.6,81.6,32.4,90.4,25.2,77.3,1,100,0,0,10.0,6.0,6.6,10.7,0.0
1735502400,2024-12-30 04:00,27.3,81.2,0,"{'text': 'Light rain shower', 'icon': '//cdn.weatherapi.com/weather/64x64/night/353.png', 'code': 1240}",5.6,9.0,66,ENE,1010.0,29.83,0.71,0.03,0.0,87,90,31.9,89.5,27.3,81.2,31.9,89.5,25.0,77.1,1,100,0,0,10.0,6.0,7.3,11.7,0.0
1735506000,2024-12-30 05:00,27.1,80.8,0,"{'text': 'Light rain shower', 'icon': '//cdn.weatherapi.com/weather/64x64/night/353.png', 'code': 1240}",5.8,9.4,69,ENE,1010.0,29.83,0.98,0.04,0.0,88,100,31.5,88.7,27.1,80.8,31.5,88.7,24.9,76.8,1,100,0,0,10.0,6.0,8.1,13.0,0.0
1735509600,2024-12-30 06:00,26.9,80.5,0,"{'text': 'Light rain shower', 'icon': '//cdn.weatherapi.com/weather/64x64/night/353.png', 'code': 1240}",5.8,9.4,85,E,1011.0,29.85,1.18,0.05,0.0,88,59,31.3,88.3,27.0,80.5,31.3,88.3,24.8,76.7,1,100,0,0,10.0,6.0,8.9,14.3,0.0
1735513200,2024-12-30 07:00,26.6,79.8,0,"{'text': 'Light rain shower', 'icon': '//cdn.weatherapi.com/weather/64x64/night/353.png', 'code': 1240}",4.5,7.2,101,ESE,1011.0,29.87,0.66,0.03,0.0,89,60,30.6,87.0,26.6,79.8,30.6,87.0,24.6,76.3,1,100,0,0,10.0,6.0,7.2,11.6,0.0
1735516800,2024-12-30 08:00,26.4,79.5,1,"{'text': 'Light rain shower', 'icon': '//cdn.weatherapi.com/weather/64x64/day/353.png', 'code': 1240}",3.8,6.1,93,E,1012.0,29.89,0.32,0.01,0.0,90,55,30.3,86.5,26.4,79.5,30.3,86.5,24.6,76.3,1,100,0,0,10.0,6.0,6.2,9.9,6.0
1735520400,2024-12-30 09:00,26.5,79.7,1,"{'text': 'Patchy rain possible', 'icon': '//cdn.weatherapi.com/weather/64x64/day/176.png', 'code': 1063}",3.8,6.1,71,ENE,1013.0,29.91,0.07,0.0,0.0,90,100,30.5,86.8,26.5,79.7,30.5,86.8,24.7,76.4,0,45,0,0,10.0,6.0,4.4,7.1,6.0
1735524000,2024-12-30 10:00,26.9,80.5,1,"{'text': 'Patchy rain possible', 'icon': '//cdn.weatherapi.com/weather/64x64/day/176.png', 'code': 1063}",4.9,7.9,80,E,1014.0,29.93,0.06,0.0,0.0,88,85,31.2,88.2,26.9,80.5,31.2,88.2,24.8,76.6,0,45,0,0,10.0,6.0,5.7,9.1,6.0
1735527600,2024-12-30 11:00,27.3,81.2,1,"{'text': 'Partly cloudy', 'icon': '//cdn.weatherapi.com/weather/64x64/day/116.png', 'code': 1003}",4.9,7.9,83,E,1013.0,29.92,0.0,0.0,0.0,85,57,31.7,89.1,27.4,81.2,31.7,89.1,24.7,76.4,0,45,0,0,10.0,6.0,5.7,9.1,7.0
1735531200,2024-12-30 12:00,28.3,82.9,1,"{'text': 'Patchy rain possible', 'icon': '//cdn.weatherapi.com/weather/64x64/day/176.png', 'code': 1063}",4.5,7.2,84,E,1013.0,29.9,0.03,0.0,0.0,80,89,33.0,91.4,28.3,82.9,33.0,91.4,24.6,76.3,0,45,0,0,10.0,6.0,5.1,8.3,6.0
1735534800,2024-12-30 13:00,29.0,84.2,1,"{'text': 'Patchy rain possible', 'icon': '//cdn.weatherapi.com/weather/64x64/day/176.png', 'code': 1063}",2.9,4.7,58,ENE,1012.0,29.87,0.11,0.0,0.0,77,53,34.0,93.1,29.0,84.2,34.0,93.1,24.5,76.0,1,100,0,0,10.0,6.0,3.4,5.4,6.0
1735538400,2024-12-30 14:00,29.3,84.8,1,"{'text': 'Patchy rain possible', 'icon': '//cdn.weatherapi.com/weather/64x64/day/176.png', 'code': 1063}",2.9,4.7,36,NE,1011.0,29.84,0.31,0.01,0.0,75,76,34.4,93.8,29.3,84.8,34.4,93.8,24.4,75.8,1,100,0,0,9.0,5.0,3.4,5.5,6.0
1735542000,2024-12-30 15:00,29.4,84.9,1,"{'text': 'Patchy rain possible', 'icon': '//cdn.weatherapi.com/weather/64x64/day/176.png', 'code': 1063}",2.9,4.7,9,N,1009.0,29.81,0.13,0.0,0.0,74,52,34.4,94.0,29.4,84.9,34.4,94.0,24.3,75.7,1,100,0,0,10.0,6.0,3.4,5.4,6.0
1735545600,2024-12-30 16:00,29.1,84.5,1,"{'text': 'Patchy rain possible', 'icon': '//cdn.weatherapi.com/weather/64x64/day/176.png', 'code': 1063}",3.1,5.0,338,NNW,1008.0,29.78,0.01,0.0,0.0,74,81,33.8,92.8,29.1,84.5,33.8,92.8,24.0,75.1,0,45,0,0,10.0,6.0,3.6,5.9,6.0
1735549200,2024-12-30 17:00,27.7,81.9,1,"{'text': 'Patchy rain possible', 'icon': '//cdn.weatherapi.com/weather/64x64/day/176.png', 'code': 1063}",3.1,5.0,307,NW,1008.0,29.78,0.1,0.0,0.0,74,78,30.9,87.7,27.7,81.9,30.9,87.7,22.7,72.8,1,100,0,0,10.0,6.0,4.4,7.1,6.0
1735552800,2024-12-30 18:00,26.5,79.7,1,"{'text': 'Patchy rain possible', 'icon': '//cdn.weatherapi.com/weather/64x64/day/176.png', 'code': 1063}",3.6,5.8,297,WNW,1009.0,29.79,0.23,0.01,0.0,77,70,29.1,84.4,26.5,79.7,29.1,84.4,22.2,71.9,1,100,0,0,9.0,5.0,6.2,9.9,6.0
1735556400,2024-12-30 19:00,25.8,78.5,1,"{'text': 'Patchy rain possible', 'icon': '//cdn.weatherapi.com/weather/64x64/day/176.png', 'code': 1063}",3.4,5.4,305,NW,1009.0,29.8,0.05,0.0,0.0,79,84,28.2,82.8,25.8,78.5,28.2,82.8,21.9,71.4,0,45,0,0,10.0,6.0,6.3,10.2,6.0
1735560000,2024-12-30 20:00,25.7,78.2,0,"{'text': 'Partly cloudy', 'icon': '//cdn.weatherapi.com/weather/64x64/night/116.png', 'code': 1003}",3.1,5.0,312,NW,1010.0,29.82,0.0,0.0,0.0,79,28,27.9,82.3,25.7,78.2,27.9,82.3,21.7,71.0,0,45,0,0,10.0,6.0,6.0,9.7,0.0
1735563600,2024-12-30 21:00,25.5,78.0,0,"{'text': 'Partly cloudy', 'icon': '//cdn.weatherapi.com/weather/64x64/night/116.png', 'code': 1003}",2.7,4.3,332,NNW,1011.0,29.86,0.0,0.0,0.0,79,38,27.7,81.9,25.5,78.0,27.7,81.9,21.6,70.8,0,45,0,0,10.0,6.0,5.2,8.4,0.0
1735567200,2024-12-30 22:00,25.4,77.7,0,"{'text': 'Partly cloudy', 'icon': '//cdn.weatherapi.com/weather/64x64/night/116.png', 'code': 1003}",2.7,4.3,2,N,1012.0,29.88,0.0,0.0,0.0,79,33,27.6,81.7,25.4,77.7,27.6,81.7,21.6,70.9,0,0,0,0,10.0,6.0,5.1,8.3,0.0
1735570800,2024-12-30 23:00,27.4,81.2,0,"{'text': 'Partly cloudy', 'icon': '//cdn.weatherapi.com/weather/64x64/night/116.png', 'code': 1003}",3.1,5.0,43,NE,1013.0,29.9,0.0,0.0,0.0,81,32,31.1,87.9,27.4,81.2,31.1,87.9,23.8,74.8,0,0,0,0,10.0,6.0,4.1,6.6,0.0
