time_epoch,time,temp_c,temp_f,is_day,condition,wind_mph,wind_kph,wind_degree,wind_dir,pressure_mb,pressure_in,precip_mm,precip_in,snow_cm,humidity,cloud,feelslike_c,feelslike_f,windchill_c,windchill_f,heatindex_c,heatindex_f,dewpoint_c,dewpoint_f,will_it_rain,chance_of_rain,will_it_snow,chance_of_snow,vis_km,vis_miles,gust_mph,gust_kph,uv
1735315200,2024-12-28 00:00,28.6,83.5,0,"{'text': 'Patchy rain possible', 'icon': '//cdn.weatherapi.com/weather/64x64/night/176.png', 'code': 1063}",3.1,5.0,103,ESE,1012.0,29.88,0.61,0.02,0.0,84,89,34.5,94.0,28.6,83.5,34.5,94.0,25.7,78.2,1,100,0,0,9.0,5.0,5.8,9.3,0.0
1735318800,2024-12-28 01:00,28.3,83.0,0,"{'text': 'Patchy rain possible', 'icon': '//cdn.weatherapi.com/weather/64x64/night/176.png', 'code': 1063}",4.0,6.5,89,E,1012.0,29.88,0.57,0.02,0.0,85,74,34.0,93.2,28.3,83.0,34.0,93.2,25.6,78.1,1,100,0,0,9.0,5.0,7.7,12.3,0.0
1735322400,2024-12-28 02:00,28.2,82.7,0,"{'text': 'Light rain shower', 'icon': '//cdn.weatherapi.com/weather/64x64/night/353.png', 'code': 1240}",3.6,5.8,90,E,1011.0,29.86,0.35,0.01,0.0,86,90,33.7,92.6,28.2,82.7,33.7,92.6,25.5,77.9,1,100,0,0,10.0,6.0,7.0,11.3,0.0
1735326000,2024-12-28 03:00,27.8,82.1,0,"{'text': 'Patchy rain possible', 'icon': '//cdn.weatherapi.com/weather/64x64/night/176.png', 'code': 1063}",3.6,5.8,101,ESE,1011.0,29.84,1.19,0.05,0.0,87,88,33.1,91.6,27.9,82.1,33.1,91.6,25.5,77.8,1,100,0,0,9.0,5.0,4.6,7.4,0.0
1735329600,2024-12-28 04:00,27.7,81.9,0,"{'text': 'Light rain shower', 'icon': '//cdn.weatherapi.com/weather/64x64/night/353.png', 'code': 1240}",3.8,6.1,112,ESE,1010.0,29.83,1.39,0.05,0.0,87,84,32.8,91.1,27.7,81.9,32.8,91.1,25.4,77.6,1,100,0,0,10.0,6.0,5.5,8.9,0.0
1735333200,2024-12-28 05:00,27.5,81.5,0,"{'text': 'Light rain shower', 'icon': '//cdn.weatherapi.com/weather/64x64/night/353.png', 'code': 1240}",3.4,5.4,113,ESE,1010.0,29.82,2.22,0.09,0.0,87,85,32.3,90.2,27.5,81.5,32.3,90.2,25.2,77.3,1,100,0,0,10.0,6.0,5.7,9.1,0.0
1735336800,2024-12-28 06:00,27.4,81.4,0,"{'text': 'Light rain shower', 'icon': '//cdn.weatherapi.com/weather/64x64/night/353.png', 'code': 1240}",3.8,6.1,116,ESE,1010.0,29.84,1.63,0.06,0.0,87,80,32.2,89.9,27.4,81.4,32.2,89.9,25.1,77.2,1,100,0,0,10.0,6.0,7.2,11.6,0.0
1735340400,2024-12-28 07:00,27.3,81.2,0,"{'text': 'Patchy rain possible', 'icon': '//cdn.weatherapi.com/weather/64x64/night/176.png', 'code': 1063}",4.5,7.2,119,ESE,1011.0,29.86,1.46,0.06,0.0,88,71,32.0,89.6,27.3,81.2,32.0,89.6,25.1,77.2,1,100,0,0,9.0,5.0,9.0,14.4,0.0
1735344000,2024-12-28 08:00,27.5,81.5,1,"{'text': 'Patchy rain possible', 'icon': '//cdn.weatherapi.com/weather/64x64/day/176.png', 'code': 1063}",4.5,7.2,113,ESE,1012.0,29.88,0.1,0.0,0.0,87,89,32.4,90.4,27.5,81.6,32.4,90.4,25.2,77.4,1,100,0,0,10.0,6.0,9.1,14.7,6.0
1735347600,2024-12-28 09:00,28.1,82.7,1,"{'text': 'Patchy rain possible', 'icon': '//cdn.weatherapi.com/weather/64x64/day/176.png', 'code': 1063}",4.9,7.9,95,E,1013.0,29.91,0.13,0.0,0.0,86,85,33.7,92.6,28.2,82.7,33.7,92.6,25.6,78.0,1,100,0,0,10.0,6.0,5.7,9.1,6.0
1735351200,2024-12-28 10:00,28.8,83.9,1,"{'text': 'Patchy light drizzle', 'icon': '//cdn.weatherapi.com/weather/64x64/day/263.png', 'code': 1150}",4.5,7.2,93,E,1013.0,29.92,0.6,0.02,0.0,84,53,35.0,95.0,28.8,83.9,35.0,95.0,25.9,78.5,1,100,0,0,5.0,3.0,5.2,8.4,6.0
1735354800,2024-12-28 11:00,29.6,85.3,1,"{'text': 'Patchy rain possible', 'icon': '//cdn.weatherapi.com/weather/64x64/day/176.png', 'code': 1063}",3.1,5.0,95,E,1013.0,29.92,0.33,0.01,0.0,81,81,36.3,97.3,29.6,85.3,36.3,97.3,25.9,78.6,1,100,0,0,9.0,5.0,4.0,6.4,6.0
1735358400,2024-12-28 12:00,30.3,86.6,1,"{'text': 'Patchy rain possible', 'icon': '//cdn.weatherapi.com/weather/64x64/day/176.png', 'code': 1063}",1.1,1.8,155,SSE,1012.0,29.89,0.29,0.01,0.0,77,85,37.3,99.2,30.3,86.6,37.3,99.2,25.8,78.4,1,100,0,0,9.0,5.0,1.5,2.5,7.0
1735362000,2024-12-28 13:00,30.9,87.6,1,"{'text': 'Patchy rain possible', 'icon': '//cdn.weatherapi.com/weather/64x64/day/176.png', 'code': 1063}",1.8,2.9,242,WSW,1011.0,29.86,0.07,0.0,0.0,74,86,38.0,100.4,30.9,87.5,38.0,100.4,25.6,78.1,0,45,0,0,10.0,6.0,2.5,4.0,7.0
1735365600,2024-12-28 14:00,30.9,87.7,1,"{'text': 'Patchy rain possible', 'icon': '//cdn.weatherapi.com/weather/64x64/day/176.png', 'code': 1063}",3.6,5.8,259,W,1010.0,29.83,0.25,0.01,0.0,73,76,37.9,100.3,30.9,87.7,37.9,100.3,25.5,77.8,1,100,0,0,9.0,5.0,5.2,8.4,7.0
1735369200,2024-12-28 15:00,30.9,87.7,1,"{'text': 'Patchy rain possible', 'icon': '//cdn.weatherapi.com/weather/64x64/day/176.png', 'code': 1063}",3.8,6.1,267,W,1009.0,29.81,0.27,0.01,0.0,72,87,37.8,100.0,30.9,87.7,37.8,100.0,25.3,77.6,1,100,0,0,9.0,5.0,4.4,7.1,7.0
1735372800,2024-12-28 16:00,30.9,87.6,1,"{'text': 'Patchy rain possible', 'icon': '//cdn.weatherapi.com/weather/64x64/day/176.png', 'code': 1063}",4.7,7.6,258,WSW,1009.0,29.79,0.01,0.0,0.0,72,78,37.6,99.7,30.9,87.6,37.6,99.7,25.2,77.4,0,45,0,0,10.0,6.0,5.5,8.9,7.0
1735376400,2024-12-28 17:00,30.1,86.1,1,"{'text': 'Patchy rain possible', 'icon': '//cdn.weatherapi.com/weather/64x64/day/176.png', 'code': 1063}",5.4,8.6,248,WSW,1008.0,29.77,0.04,0.0,0.0,72,74,35.7,96.2,30.1,86.1,35.7,96.2,24.6,76.2,0,45,0,0,10.0,6.0,6.5,10.4,7.0
1735380000,2024-12-28 18:00,27.6,81.8,1,"{'text': 'Patchy rain possible', 'icon': '//cdn.weatherapi.com/weather/64x64/day/176.png', 'code': 1063}",3.6,5.8,246,WSW,1009.0,29.79,0.46,0.02,0.0,74,83,30.8,87.4,27.7,81.8,30.8,87.4,22.7,72.8,1,100,0,0,9.0,5.0,5.3,8.5,6.0
1735383600,2024-12-28 19:00,26.0,78.8,1,"{'text': 'Patchy rain possible', 'icon': '//cdn.weatherapi.com/weather/64x64/day/176.png', 'code': 1063}",2.7,4.3,248,WSW,1009.0,29.81,0.59,0.02,0.0,76,83,28.2,82.7,26.0,78.8,28.2,82.7,21.4,70.4,1,100,0,0,9.0,5.0,5.1,8.2,6.0
1735387200,2024-12-28 20:00,25.7,78.2,0,"{'text': 'Patchy rain possible', 'icon': '//cdn.weatherapi.com/weather/64x64/night/176.png', 'code': 1063}",1.6,2.5,253,WSW,1010.0,29.83,0.44,0.02,0.0,76,70,27.7,81.9,25.7,78.2,27.7,81.9,21.1,70.0,1,100,0,0,9.0,5.0,3.1,4.9,0.0
1735390800,2024-12-28 21:00,25.6,78.0,0,"{'text': 'Partly cloudy', 'icon': '//cdn.weatherapi.com/weather/64x64/night/116.png', 'code': 1003}",0.4,0.7,297,WNW,1011.0,29.86,0.0,0.0,0.0,76,48,27.6,81.7,25.6,78.0,27.6,81.7,21.1,69.9,0,45,0,0,10.0,6.0,0.9,1.4,0.0
1735394400,2024-12-28 22:00,26.3,79.4,0,"{'text': 'Partly cloudy', 'icon': '//cdn.weatherapi.com/weather/64x64/night/116.png', 'code': 1003}",1.1,1.8,46,NE,1012.0,29.88,0.0,0.0,0.0,76,48,28.8,83.8,26.3,79.4,28.8,83.8,21.9,71.3,0,45,0,0,10.0,6.0,1.9,3.1,0.0
1735398000,2024-12-28 23:00,28.7,83.6,0,"{'text': 'Partly cloudy', 'icon': '//cdn.weatherapi.com/weather/64x64/night/116.png', 'code': 1003}",2.2,3.6,48,NE,1012.0,29.89,0.0,0.0,0.0,77,39,33.4,92.1,28.7,83.6,33.4,92.1,24.4,75.8,0,0,0,0,10.0,6.0,2.7,4.3,0.0
