time_epoch,time,temp_c,temp_f,is_day,condition,wind_mph,wind_kph,wind_degree,wind_dir,pressure_mb,pressure_in,precip_mm,precip_in,snow_cm,humidity,cloud,feelslike_c,feelslike_f,windchill_c,windchill_f,heatindex_c,heatindex_f,dewpoint_c,dewpoint_f,will_it_rain,chance_of_rain,will_it_snow,chance_of_snow,vis_km,vis_miles,gust_mph,gust_kph,uv
1734969600,2024-12-24 00:00,25.2,77.4,0,"{'text': 'Cloudy', 'icon': '//cdn.weatherapi.com/weather/64x64/night/119.png', 'code': 1006}",4.5,7.2,56,ENE,1010.0,29.81,0.0,0.0,0.0,83,77,27.6,81.7,25.2,77.4,27.6,81.7,22.1,71.9,0,0,0,0,10.0,6.0,8.1,13.1,0.0
1734973200,2024-12-24 01:00,25.4,77.7,0,"{'text': 'Patchy light drizzle', 'icon': '//cdn.weatherapi.com/weather/64x64/night/263.png', 'code': 1150}",4.0,6.5,58,ENE,1009.0,29.81,0.59,0.02,0.0,84,89,28.0,82.3,25.4,77.7,28.0,82.3,22.6,72.6,1,100,0,0,5.0,3.0,6.7,10.8,0.0
1734976800,2024-12-24 02:00,24.8,76.6,0,"{'text': 'Patchy light drizzle', 'icon': '//cdn.weatherapi.com/weather/64x64/night/263.png', 'code': 1150}",3.6,5.8,51,NE,1009.0,29.8,0.21,0.01,0.0,85,88,27.1,80.8,24.8,76.6,27.1,80.8,22.2,71.9,1,100,0,0,5.0,3.0,6.3,10.1,0.0
1734980400,2024-12-24 03:00,24.1,75.3,0,"{'text': 'Patchy rain possible', 'icon': '//cdn.weatherapi.com/weather/64x64/night/176.png', 'code': 1063}",4.3,6.8,58,ENE,1009.0,29.78,0.23,0.01,0.0,86,78,26.2,79.2,24.1,75.3,26.2,79.2,21.6,70.9,1,100,0,0,9.0,5.0,8.1,13.0,0.0
1734984000,2024-12-24 04:00,23.8,74.8,0,"{'text': 'Patchy rain possible', 'icon': '//cdn.weatherapi.com/weather/64x64/night/176.png', 'code': 1063}",4.3,6.8,62,ENE,1008.0,29.76,0.3,0.01,0.0,87,76,26.0,78.7,23.8,74.8,26.0,78.7,21.6,70.8,1,100,0,0,9.0,5.0,8.1,13.1,0.0
1734987600,2024-12-24 05:00,23.6,74.5,0,"{'text': 'Light rain shower', 'icon': '//cdn.weatherapi.com/weather/64x64/night/353.png', 'code': 1240}",4.9,7.9,75,ENE,1008.0,29.76,0.37,0.01,0.0,88,53,25.8,78.4,23.6,74.5,25.8,78.4,21.5,70.7,1,100,0,0,10.0,6.0,9.4,15.2,0.0
1734991200,2024-12-24 06:00,23.5,74.3,0,"{'text': 'Light rain shower', 'icon': '//cdn.weatherapi.com/weather/64x64/night/353.png', 'code': 1240}",6.0,9.7,72,ENE,1008.0,29.76,0.23,0.01,0.0,88,66,25.7,78.3,23.5,74.3,25.7,78.3,21.5,70.6,1,100,0,0,10.0,6.0,11.6,18.6,0.0
1734994800,2024-12-24 07:00,23.4,74.1,0,"{'text': 'Light rain shower', 'icon': '//cdn.weatherapi.com/weather/64x64/night/353.png', 'code': 1240}",6.0,9.7,63,ENE,1009.0,29.78,0.21,0.01,0.0,88,70,25.6,78.0,23.4,74.1,25.6,78.0,21.4,70.4,1,100,0,0,10.0,6.0,11.6,18.7,0.0
1734998400,2024-12-24 08:00,23.5,74.3,1,"{'text': 'Light rain shower', 'icon': '//cdn.weatherapi.com/weather/64x64/day/353.png', 'code': 1240}",6.0,9.7,56,ENE,1009.0,29.8,0.23,0.01,0.0,88,60,25.7,78.2,23.5,74.3,25.7,78.2,21.4,70.6,1,100,0,0,10.0,6.0,11.4,18.3,5.0
1735002000,2024-12-24 09:00,24.2,75.6,1,"{'text': 'Light rain shower', 'icon': '//cdn.weatherapi.com/weather/64x64/day/353.png', 'code': 1240}",6.0,9.7,56,ENE,1010.0,29.83,0.47,0.02,0.0,85,55,26.4,79.5,24.2,75.6,26.4,79.5,21.6,70.9,1,100,0,0,10.0,6.0,10.4,16.8,5.0
1735005600,2024-12-24 10:00,25.3,77.6,1,"{'text': 'Light rain shower', 'icon': '//cdn.weatherapi.com/weather/64x64/day/353.png', 'code': 1240}",5.6,9.0,50,NE,1011.0,29.84,0.63,0.02,0.0,82,56,27.7,81.8,25.3,77.6,27.7,81.8,22.1,71.7,1,100,0,0,10.0,6.0,8.7,14.0,6.0
1735009200,2024-12-24 11:00,27.6,81.7,1,"{'text': 'Patchy rain possible', 'icon': '//cdn.weatherapi.com/weather/64x64/day/176.png', 'code': 1063}",4.9,7.9,32,NNE,1010.0,29.84,0.62,0.02,0.0,80,89,31.5,88.8,27.6,81.7,31.5,88.8,23.9,74.9,1,100,0,0,9.0,5.0,6.7,10.7,6.0
1735012800,2024-12-24 12:00,28.7,83.7,1,"{'text': 'Patchy rain possible', 'icon': '//cdn.weatherapi.com/weather/64x64/day/176.png', 'code': 1063}",4.9,7.9,5,N,1010.0,29.81,0.68,0.03,0.0,78,81,33.5,92.3,28.7,83.7,33.5,92.3,24.4,75.9,1,100,0,0,9.0,5.0,7.3,11.8,6.0
1735016400,2024-12-24 13:00,29.0,84.2,1,"{'text': 'Patchy rain possible', 'icon': '//cdn.weatherapi.com/weather/64x64/day/176.png', 'code': 1063}",5.1,8.3,349,N,1009.0,29.79,0.82,0.03,0.0,76,76,34.0,93.1,29.0,84.2,34.0,93.1,24.4,75.9,1,100,0,0,9.0,5.0,8.3,13.3,6.0
1735020000,2024-12-24 14:00,28.8,83.9,1,"{'text': 'Light rain shower', 'icon': '//cdn.weatherapi.com/weather/64x64/day/353.png', 'code': 1240}",5.1,8.3,333,NNW,1008.0,29.77,0.94,0.04,0.0,75,73,33.4,92.1,28.9,83.9,33.4,92.1,24.1,75.3,1,100,0,0,10.0,6.0,8.8,14.1,6.0
1735023600,2024-12-24 15:00,28.1,82.5,1,"{'text': 'Patchy rain possible', 'icon': '//cdn.weatherapi.com/weather/64x64/day/176.png', 'code': 1063}",4.7,7.6,319,NW,1007.0,29.74,0.87,0.03,0.0,75,75,31.7,89.0,28.1,82.5,31.7,89.0,23.1,73.6,1,100,0,0,9.0,5.0,6.1,9.8,6.0
1735027200,2024-12-24 16:00,27.8,82.0,1,"{'text': 'Light rain shower', 'icon': '//cdn.weatherapi.com/weather/64x64/day/353.png', 'code': 1240}",3.8,6.1,321,NW,1006.0,29.71,1.27,0.05,0.0,74,89,31.0,87.8,27.8,82.0,31.0,87.8,22.7,72.9,1,100,0,0,10.0,6.0,5.5,8.9,6.0
1735030800,2024-12-24 17:00,26.6,79.9,1,"{'text': 'Patchy rain possible', 'icon': '//cdn.weatherapi.com/weather/64x64/day/176.png', 'code': 1063}",2.7,4.3,313,NW,1006.0,29.71,1.09,0.04,0.0,75,85,29.1,84.4,26.6,79.9,29.1,84.4,21.9,71.3,1,100,0,0,9.0,5.0,4.6,7.3,6.0
1735034400,2024-12-24 18:00,26.5,79.7,1,"{'text': 'Light rain shower', 'icon': '//cdn.weatherapi.com/weather/64x64/day/353.png', 'code': 1240}",2.0,3.2,337,NNW,1007.0,29.73,0.88,0.03,0.0,76,86,29.0,84.2,26.5,79.7,29.0,84.2,22.0,71.5,1,100,0,0,10.0,6.0,3.6,5.8,6.0
1735038000,2024-12-24 19:00,25.8,78.4,1,"{'text': 'Light rain shower', 'icon': '//cdn.weatherapi.com/weather/64x64/day/353.png', 'code': 1240}",2.9,4.7,26,NNE,1008.0,29.76,1.5,0.06,0.0,78,55,28.1,82.5,25.8,78.4,28.1,82.5,21.8,71.2,1,100,0,0,10.0,6.0,5.6,9.0,6.0
1735041600,2024-12-24 20:00,25.3,77.6,0,"{'text': 'Light rain shower', 'icon': '//cdn.weatherapi.com/weather/64x64/night/353.png', 'code': 1240}",4.5,7.2,22,NNE,1009.0,29.78,1.21,0.05,0.0,79,70,27.5,81.5,25.3,77.6,27.5,81.5,21.5,70.7,1,100,0,0,10.0,6.0,8.9,14.3,0.0
1735045200,2024-12-24 21:00,25.0,76.9,0,"{'text': 'Light rain shower', 'icon': '//cdn.weatherapi.com/weather/64x64/night/353.png', 'code': 1240}",6.3,10.1,21,NNE,1010.0,29.82,1.0,0.04,0.0,81,90,27.1,80.8,25.0,76.9,27.1,80.8,21.5,70.8,1,100,0,0,10.0,6.0,12.4,19.9,0.0
1735048800,2024-12-24 22:00,24.8,76.7,0,"{'text': 'Light rain shower', 'icon': '//cdn.weatherapi.com/weather/64x64/night/353.png', 'code': 1240}",7.2,11.5,22,NNE,1011.0,29.85,0.48,0.02,0.0,81,72,27.0,80.5,24.9,76.7,27.0,80.5,21.4,70.5,1,100,0,0,10.0,6.0,13.7,22.0,0.0
1735052400,2024-12-24 23:00,24.6,76.2,0,"{'text': 'Patchy rain possible', 'icon': '//cdn.weatherapi.com/weather/64x64/night/176.png', 'code': 1063}",7.8,12.6,25,NNE,1011.0,29.85,0.1,0.0,0.0,82,58,26.6,79.9,24.6,76.2,26.6,79.9,21.2,70.2,1,100,0,0,10.0,6.0,14.7,23.7,0.0
