time_epoch,time,temp_c,temp_f,is_day,condition,wind_mph,wind_kph,wind_degree,wind_dir,pressure_mb,pressure_in,precip_mm,precip_in,snow_cm,humidity,cloud,feelslike_c,feelslike_f,windchill_c,windchill_f,heatindex_c,heatindex_f,dewpoint_c,dewpoint_f,will_it_rain,chance_of_rain,will_it_snow,chance_of_snow,vis_km,vis_miles,gust_mph,gust_kph,uv
1735056000,2024-12-25 00:00,23.9,75.1,0,"{'text': 'Partly cloudy', 'icon': '//cdn.weatherapi.com/weather/64x64/night/116.png', 'code': 1003}",10.7,17.3,23,NNE,1011.0,29.85,0.0,0.0,0.0,81,62,25.9,78.6,23.9,75.1,25.9,78.6,20.5,68.8,0,0,0,0,10.0,6.0,20.4,32.9,0.0
1735059600,2024-12-25 01:00,23.7,74.6,0,"{'text': 'Partly cloudy', 'icon': '//cdn.weatherapi.com/weather/64x64/night/116.png', 'code': 1003}",11.2,18.0,27,NNE,1011.0,29.84,0.0,0.0,0.0,82,42,25.7,78.2,23.7,74.6,25.7,78.2,20.4,68.8,0,0,0,0,10.0,6.0,21.2,34.2,0.0
1735063200,2024-12-25 02:00,23.5,74.2,0,"{'text': 'Partly cloudy', 'icon': '//cdn.weatherapi.com/weather/64x64/night/116.png', 'code': 1003}",12.1,19.4,29,NNE,1010.0,29.83,0.0,0.0,0.0,83,29,25.5,77.9,23.5,74.2,25.5,77.9,20.5,68.8,0,0,0,0,10.0,6.0,22.8,36.8,0.0
1735066800,2024-12-25 03:00,23.2,73.7,0,"{'text': 'Patchy rain possible', 'icon': '//cdn.weatherapi.com/weather/64x64/night/176.png', 'code': 1063}",11.6,18.7,29,NNE,1010.0,29.81,0.01,0.0,0.0,84,76,25.3,77.5,23.2,73.7,25.3,77.5,20.4,68.7,0,45,0,0,10.0,6.0,22.1,35.6,0.0
1735070400,2024-12-25 04:00,23.1,73.5,0,"{'text': 'Patchy rain possible', 'icon': '//cdn.weatherapi.com/weather/64x64/night/176.png', 'code': 1063}",11.0,17.6,29,NNE,1009.0,29.79,0.01,0.0,0.0,85,71,25.2,77.3,23.1,73.5,25.2,77.3,20.3,68.6,0,45,0,0,10.0,6.0,20.8,33.4,0.0
1735074000,2024-12-25 05:00,23.0,73.5,0,"{'text': 'Clear', 'icon': '//cdn.weatherapi.com/weather/64x64/night/113.png', 'code': 1000}",9.8,15.8,32,NNE,1009.0,29.79,0.0,0.0,0.0,85,22,25.2,77.3,23.0,73.5,25.2,77.3,20.4,68.6,0,45,0,0,10.0,6.0,18.3,29.5,0.0
1735077600,2024-12-25 06:00,23.0,73.4,0,"{'text': 'Clear', 'icon': '//cdn.weatherapi.com/weather/64x64/night/113.png', 'code': 1000}",8.9,14.4,35,NE,1009.0,29.8,0.0,0.0,0.0,85,24,25.1,77.3,23.0,73.4,25.1,77.3,20.4,68.6,0,0,0,0,10.0,6.0,16.6,26.6,0.0
1735081200,2024-12-25 07:00,23.0,73.4,0,"{'text': 'Partly cloudy', 'icon': '//cdn.weatherapi.com/weather/64x64/night/116.png', 'code': 1003}",8.5,13.7,36,NE,1010.0,29.82,0.0,0.0,0.0,85,27,25.2,77.3,23.0,73.5,25.2,77.3,20.4,68.7,0,0,0,0,10.0,6.0,15.5,24.9,0.0
1735084800,2024-12-25 08:00,23.3,74.0,1,"{'text': 'Sunny', 'icon': '//cdn.weatherapi.com/weather/64x64/day/113.png', 'code': 1000}",8.3,13.3,30,NNE,1010.0,29.83,0.0,0.0,0.0,85,23,25.4,77.7,23.3,74.0,25.4,77.7,20.6,69.0,0,0,0,0,10.0,6.0,14.4,23.2,6.0
1735088400,2024-12-25 09:00,24.3,75.7,1,"{'text': 'Sunny', 'icon': '//cdn.weatherapi.com/weather/64x64/day/113.png', 'code': 1000}",8.7,14.0,31,NNE,1011.0,29.86,0.0,0.0,0.0,82,21,26.3,79.3,24.3,75.7,26.3,79.3,20.9,69.7,0,0,0,0,10.0,6.0,13.5,21.7,6.0
1735092000,2024-12-25 10:00,25.3,77.5,1,"{'text': 'Sunny', 'icon': '//cdn.weatherapi.com/weather/64x64/day/113.png', 'code': 1000}",7.8,12.6,35,NE,1012.0,29.87,0.0,0.0,0.0,78,19,27.3,81.2,25.3,77.5,27.3,81.2,21.2,70.1,0,0,0,0,10.0,6.0,11.0,17.7,7.0
1735095600,2024-12-25 11:00,26.3,79.3,1,"{'text': 'Sunny', 'icon': '//cdn.weatherapi.com/weather/64x64/day/113.png', 'code': 1000}",6.5,10.4,36,NE,1011.0,29.86,0.0,0.0,0.0,73,17,28.4,83.2,26.3,79.3,28.4,83.2,21.1,70.1,0,0,0,0,10.0,6.0,8.9,14.3,7.0
1735099200,2024-12-25 12:00,27.3,81.2,1,"{'text': 'Sunny', 'icon': '//cdn.weatherapi.com/weather/64x64/day/113.png', 'code': 1000}",6.0,9.7,16,NNE,1011.0,29.84,0.0,0.0,0.0,69,14,29.6,85.3,27.3,81.2,29.6,85.3,21.1,70.0,0,0,0,0,10.0,6.0,8.0,12.9,7.0
1735102800,2024-12-25 13:00,28.3,82.9,1,"{'text': 'Sunny', 'icon': '//cdn.weatherapi.com/weather/64x64/day/113.png', 'code': 1000}",6.3,10.1,10,N,1010.0,29.83,0.0,0.0,0.0,65,12,30.8,87.5,28.3,82.9,30.8,87.5,21.2,70.1,0,0,0,0,10.0,6.0,8.1,13.0,7.0
1735106400,2024-12-25 14:00,29.0,84.3,1,"{'text': 'Sunny', 'icon': '//cdn.weatherapi.com/weather/64x64/day/113.png', 'code': 1000}",6.0,9.7,357,N,1009.0,29.8,0.0,0.0,0.0,63,11,31.7,89.1,29.0,84.3,31.7,89.1,21.2,70.1,0,0,0,0,10.0,6.0,7.7,12.5,7.0
1735110000,2024-12-25 15:00,29.4,84.8,1,"{'text': 'Sunny', 'icon': '//cdn.weatherapi.com/weather/64x64/day/113.png', 'code': 1000}",7.2,11.5,334,NNW,1008.0,29.77,0.0,0.0,0.0,62,10,32.2,89.9,29.4,84.8,32.2,89.9,21.2,70.2,0,0,0,0,10.0,6.0,9.4,15.1,7.0
1735113600,2024-12-25 16:00,29.5,85.0,1,"{'text': 'Sunny', 'icon': '//cdn.weatherapi.com/weather/64x64/day/113.png', 'code': 1000}",7.8,12.6,320,NW,1007.0,29.75,0.0,0.0,0.0,63,11,32.5,90.5,29.5,85.0,32.5,90.5,21.6,70.9,0,45,0,0,10.0,6.0,10.3,16.6,7.0
1735117200,2024-12-25 17:00,29.3,84.7,1,"{'text': 'Sunny', 'icon': '//cdn.weatherapi.com/weather/64x64/day/113.png', 'code': 1000}",8.1,13.0,311,NW,1007.0,29.74,0.0,0.0,0.0,66,11,32.7,90.9,29.3,84.7,32.7,90.9,22.3,72.1,0,45,0,0,10.0,6.0,10.9,17.5,7.0
1735120800,2024-12-25 18:00,28.5,83.3,1,"{'text': 'Patchy rain possible', 'icon': '//cdn.weatherapi.com/weather/64x64/day/176.png', 'code': 1063}",6.9,11.2,305,NW,1008.0,29.75,0.01,0.0,0.0,71,75,32.0,89.6,28.5,83.3,32.0,89.6,22.8,73.0,0,45,0,0,10.0,6.0,10.5,16.8,6.0
1735124400,2024-12-25 19:00,27.6,81.7,1,"{'text': 'Sunny', 'icon': '//cdn.weatherapi.com/weather/64x64/day/113.png', 'code': 1000}",6.3,10.1,312,NW,1008.0,29.78,0.0,0.0,0.0,74,13,30.7,87.2,27.6,81.7,30.7,87.2,22.6,72.6,0,45,0,0,10.0,6.0,10.8,17.4,7.0
1735128000,2024-12-25 20:00,27.1,80.7,0,"{'text': 'Patchy rain possible', 'icon': '//cdn.weatherapi.com/weather/64x64/night/176.png', 'code': 1063}",6.5,10.4,344,NNW,1009.0,29.8,0.01,0.0,0.0,75,87,29.9,85.7,27.1,80.7,29.9,85.7,22.3,72.1,0,45,0,0,10.0,6.0,11.9,19.2,0.0
1735131600,2024-12-25 21:00,26.3,79.3,0,"{'text': 'Clear', 'icon': '//cdn.weatherapi.com/weather/64x64/night/113.png', 'code': 1000}",8.7,14.0,10,N,1010.0,29.82,0.0,0.0,0.0,77,11,28.7,83.6,26.3,79.3,28.7,83.6,21.8,71.3,0,45,0,0,10.0,6.0,16.5,26.6,0.0
1735135200,2024-12-25 22:00,26.0,78.8,0,"{'text': 'Clear', 'icon': '//cdn.weatherapi.com/weather/64x64/night/113.png', 'code': 1000}",9.2,14.8,26,NNE,1011.0,29.85,0.0,0.0,0.0,78,12,28.3,82.9,26.0,78.7,28.3,82.9,21.7,71.1,0,45,0,0,10.0,6.0,16.5,26.5,0.0
1735138800,2024-12-25 23:00,26.2,79.1,0,"{'text': 'Clear', 'icon': '//cdn.weatherapi.com/weather/64x64/night/113.png', 'code': 1000}",7.6,12.2,28,NNE,1011.0,29.87,0.0,0.0,0.0,79,8,28.7,83.7,26.2,79.1,28.7,83.7,22.2,72.0,0,0,0,0,10.0,6.0,12.1,19.5,0.0
