time_epoch,time,temp_c,temp_f,is_day,condition,wind_mph,wind_kph,wind_degree,wind_dir,pressure_mb,pressure_in,precip_mm,precip_in,snow_cm,humidity,cloud,feelslike_c,feelslike_f,windchill_c,windchill_f,heatindex_c,heatindex_f,dewpoint_c,dewpoint_f,will_it_rain,chance_of_rain,will_it_snow,chance_of_snow,vis_km,vis_miles,gust_mph,gust_kph,uv
1735142400,2024-12-26 00:00,25.9,78.7,0,"{'text': 'Clear', 'icon': '//cdn.weatherapi.com/weather/64x64/night/113.png', 'code': 1000}",7.4,11.9,26,NNE,1011.0,29.87,0.0,0.0,0.0,82,7,28.6,83.5,25.9,78.7,28.6,83.5,22.6,72.6,0,0,0,0,10.0,6.0,10.8,17.4,0.0
1735146000,2024-12-26 01:00,25.8,78.5,0,"{'text': 'Clear', 'icon': '//cdn.weatherapi.com/weather/64x64/night/113.png', 'code': 1000}",7.4,11.9,36,NE,1011.0,29.87,0.0,0.0,0.0,84,7,28.6,83.4,25.8,78.5,28.6,83.4,22.8,73.1,0,0,0,0,10.0,6.0,10.2,16.4,0.0
1735149600,2024-12-26 02:00,25.7,78.2,0,"{'text': 'Clear', 'icon': '//cdn.weatherapi.com/weather/64x64/night/113.png', 'code': 1000}",6.3,10.1,43,NE,1011.0,29.86,0.0,0.0,0.0,84,5,28.4,83.0,25.7,78.2,28.4,83.0,22.8,73.1,0,0,0,0,10.0,6.0,8.5,13.7,0.0
1735153200,2024-12-26 03:00,25.5,77.9,0,"{'text': 'Clear', 'icon': '//cdn.weatherapi.com/weather/64x64/night/113.png', 'code': 1000}",5.4,8.6,47,NE,1011.0,29.85,0.0,0.0,0.0,84,6,28.1,82.6,25.5,77.9,28.1,82.6,22.7,72.8,0,0,0,0,10.0,6.0,7.3,11.8,0.0
1735156800,2024-12-26 04:00,26.0,78.9,0,"{'text': 'Clear', 'icon': '//cdn.weatherapi.com/weather/64x64/night/113.png', 'code': 1000}",4.9,7.9,48,NE,1010.0,29.83,0.0,0.0,0.0,84,6,29.0,84.2,26.0,78.9,29.0,84.2,23.2,73.7,0,0,0,0,10.0,6.0,5.9,9.5,0.0
1735160400,2024-12-26 05:00,26.4,79.5,0,"{'text': 'Clear', 'icon': '//cdn.weatherapi.com/weather/64x64/night/113.png', 'code': 1000}",5.1,8.3,49,NE,1010.0,29.83,0.0,0.0,0.0,84,6,29.6,85.3,26.4,79.5,29.6,85.3,23.4,74.2,0,0,0,0,10.0,6.0,5.9,9.5,0.0
1735164000,2024-12-26 06:00,26.9,80.4,0,"{'text': 'Clear', 'icon': '//cdn.weatherapi.com/weather/64x64/night/113.png', 'code': 1000}",4.9,7.9,45,NE,1011.0,29.84,0.0,0.0,0.0,83,8,30.4,86.7,26.9,80.4,30.4,86.7,23.7,74.7,0,0,0,0,10.0,6.0,5.7,9.1,0.0
1735167600,2024-12-26 07:00,27.1,80.8,0,"{'text': 'Clear', 'icon': '//cdn.weatherapi.com/weather/64x64/night/113.png', 'code': 1000}",5.4,8.6,40,NE,1011.0,29.86,0.0,0.0,0.0,83,7,30.8,87.5,27.1,80.8,30.8,87.5,23.9,75.0,0,0,0,0,10.0,6.0,6.2,9.9,0.0
1735171200,2024-12-26 08:00,27.1,80.8,1,"{'text': 'Sunny', 'icon': '//cdn.weatherapi.com/weather/64x64/day/113.png', 'code': 1000}",4.9,7.9,49,NE,1012.0,29.88,0.0,0.0,0.0,83,8,30.9,87.5,27.1,80.8,30.9,87.5,24.0,75.1,0,0,0,0,10.0,6.0,5.7,9.1,7.0
1735174800,2024-12-26 09:00,27.7,81.8,1,"{'text': 'Sunny', 'icon': '//cdn.weatherapi.com/weather/64x64/day/113.png', 'code': 1000}",5.1,8.3,48,NE,1013.0,29.91,0.0,0.0,0.0,81,8,31.8,89.2,27.7,81.8,31.8,89.2,24.1,75.4,0,0,0,0,10.0,6.0,5.9,9.5,7.0
1735178400,2024-12-26 10:00,28.6,83.5,1,"{'text': 'Sunny', 'icon': '//cdn.weatherapi.com/weather/64x64/day/113.png', 'code': 1000}",4.9,7.9,45,NE,1013.0,29.92,0.0,0.0,0.0,78,6,33.3,91.9,28.6,83.5,33.3,91.9,24.3,75.8,0,0,0,0,10.0,6.0,5.7,9.1,7.0
1735182000,2024-12-26 11:00,29.5,85.0,1,"{'text': 'Sunny', 'icon': '//cdn.weatherapi.com/weather/64x64/day/113.png', 'code': 1000}",4.5,7.2,33,NNE,1013.0,29.92,0.0,0.0,0.0,74,10,34.6,94.3,29.5,85.0,34.6,94.3,24.4,75.9,0,0,0,0,10.0,6.0,5.1,8.3,7.0
1735185600,2024-12-26 12:00,30.1,86.3,1,"{'text': 'Sunny', 'icon': '//cdn.weatherapi.com/weather/64x64/day/113.png', 'code': 1000}",3.1,5.0,21,NNE,1013.0,29.9,0.0,0.0,0.0,71,7,35.6,96.0,30.2,86.3,35.6,96.0,24.3,75.8,0,45,0,0,10.0,6.0,3.6,5.8,8.0
1735189200,2024-12-26 13:00,30.6,87.1,1,"{'text': 'Sunny', 'icon': '//cdn.weatherapi.com/weather/64x64/day/113.png', 'code': 1000}",3.1,5.0,333,NNW,1012.0,29.88,0.0,0.0,0.0,70,11,36.3,97.4,30.6,87.1,36.3,97.4,24.4,76.0,0,45,0,0,10.0,6.0,3.6,5.8,8.0
1735192800,2024-12-26 14:00,30.8,87.5,1,"{'text': 'Patchy rain possible', 'icon': '//cdn.weatherapi.com/weather/64x64/day/176.png', 'code': 1063}",4.3,6.8,292,WNW,1011.0,29.84,0.01,0.0,0.0,69,86,36.8,98.2,30.8,87.5,36.8,98.2,24.6,76.2,0,45,0,0,10.0,6.0,4.9,7.9,7.0
1735196400,2024-12-26 15:00,30.9,87.7,1,"{'text': 'Patchy rain possible', 'icon': '//cdn.weatherapi.com/weather/64x64/day/176.png', 'code': 1063}",5.1,8.3,261,W,1010.0,29.82,0.01,0.0,0.0,69,70,37.1,98.7,30.9,87.7,37.1,98.7,24.7,76.4,0,45,0,0,10.0,6.0,5.9,9.5,7.0
1735200000,2024-12-26 16:00,30.8,87.4,1,"{'text': 'Sunny', 'icon': '//cdn.weatherapi.com/weather/64x64/day/113.png', 'code': 1000}",6.5,10.4,247,WSW,1009.0,29.78,0.0,0.0,0.0,71,10,37.0,98.7,30.8,87.4,37.0,98.7,24.9,76.7,0,45,0,0,10.0,6.0,7.5,12.0,8.0
1735203600,2024-12-26 17:00,29.7,85.5,1,"{'text': 'Patchy rain possible', 'icon': '//cdn.weatherapi.com/weather/64x64/day/176.png', 'code': 1063}",6.5,10.4,240,WSW,1008.0,29.77,0.02,0.0,0.0,73,72,34.8,94.7,29.7,85.5,34.8,94.7,24.3,75.7,0,45,0,0,10.0,6.0,7.5,12.0,6.0
1735207200,2024-12-26 18:00,27.3,81.1,1,"{'text': 'Patchy rain possible', 'icon': '//cdn.weatherapi.com/weather/64x64/day/176.png', 'code': 1063}",4.9,7.9,237,WSW,1009.0,29.79,0.17,0.01,0.0,75,87,30.2,86.4,27.3,81.1,30.2,86.4,22.5,72.5,1,100,0,0,9.0,5.0,7.2,11.7,6.0
1735210800,2024-12-26 19:00,25.7,78.3,1,"{'text': 'Patchy rain possible', 'icon': '//cdn.weatherapi.com/weather/64x64/day/176.png', 'code': 1063}",3.8,6.1,221,SW,1010.0,29.81,0.07,0.0,0.0,77,65,27.9,82.2,25.7,78.3,27.9,82.2,21.4,70.5,0,45,0,0,10.0,6.0,7.1,11.4,6.0
1735214400,2024-12-26 20:00,25.4,77.7,0,"{'text': 'Patchy rain possible', 'icon': '//cdn.weatherapi.com/weather/64x64/night/176.png', 'code': 1063}",4.0,6.5,210,SSW,1010.0,29.83,0.04,0.0,0.0,78,96,27.5,81.5,25.4,77.7,27.5,81.5,21.3,70.3,0,45,0,0,10.0,6.0,7.8,12.6,0.0
1735218000,2024-12-26 21:00,25.4,77.7,0,"{'text': 'Patchy rain possible', 'icon': '//cdn.weatherapi.com/weather/64x64/night/176.png', 'code': 1063}",3.6,5.8,196,SSW,1011.0,29.86,0.04,0.0,0.0,78,100,27.5,81.5,25.4,77.7,27.5,81.5,21.3,70.3,0,45,0,0,10.0,6.0,7.0,11.2,0.0
1735221600,2024-12-26 22:00,25.5,77.9,0,"{'text': 'Patchy rain possible', 'icon': '//cdn.weatherapi.com/weather/64x64/night/176.png', 'code': 1063}",3.1,5.0,184,S,1012.0,29.88,0.02,0.0,0.0,78,93,27.6,81.7,25.5,77.9,27.6,81.7,21.4,70.5,0,45,0,0,10.0,6.0,6.0,9.6,0.0
1735225200,2024-12-26 23:00,27.4,81.2,0,"{'text': 'Patchy rain possible', 'icon': '//cdn.weatherapi.com/weather/64x64/night/176.png', 'code': 1063}",2.7,4.3,164,SSE,1012.0,29.89,0.01,0.0,0.0,79,71,30.8,87.5,27.4,81.2,30.8,87.5,23.3,74.0,0,45,0,0,10.0,6.0,3.7,5.9,0.0
