time_epoch,time,temp_c,temp_f,is_day,condition,wind_mph,wind_kph,wind_degree,wind_dir,pressure_mb,pressure_in,precip_mm,precip_in,snow_cm,humidity,cloud,feelslike_c,feelslike_f,windchill_c,windchill_f,heatindex_c,heatindex_f,dewpoint_c,dewpoint_f,will_it_rain,chance_of_rain,will_it_snow,chance_of_snow,vis_km,vis_miles,gust_mph,gust_kph,uv
1735315200,2024-12-28 00:00,24.0,75.1,0,"{'text': 'Light rain shower', 'icon': '//cdn.weatherapi.com/weather/64x64/night/353.png', 'code': 1240}",1.6,2.5,107,ESE,1013.0,29.91,0.38,0.02,0.0,95,89,26.6,79.8,24.0,75.1,26.6,79.8,23.1,73.6,1,100,0,0,10.0,6.0,2.4,3.9,0.0
1735318800,2024-12-28 01:00,23.6,74.5,0,"{'text': 'Mist', 'icon': '//cdn.weatherapi.com/weather/64x64/night/143.png', 'code': 1030}",0.7,1.1,136,SE,1013.0,29.9,0.09,0.0,0.0,95,88,26.1,79.0,23.6,74.5,26.1,79.0,22.8,73.1,1,100,0,0,2.0,1.0,1.1,1.7,0.0
1735322400,2024-12-28 02:00,23.4,74.2,0,"{'text': 'Light rain shower', 'icon': '//cdn.weatherapi.com/weather/64x64/night/353.png', 'code': 1240}",1.3,2.2,82,E,1012.0,29.89,1.45,0.06,0.0,96,83,25.9,78.6,23.4,74.2,25.9,78.6,22.7,72.8,1,100,0,0,10.0,6.0,2.1,3.4,0.0
1735326000,2024-12-28 03:00,23.1,73.7,0,"{'text': 'Light rain shower', 'icon': '//cdn.weatherapi.com/weather/64x64/night/353.png', 'code': 1240}",2.0,3.2,52,NE,1012.0,29.87,1.24,0.05,0.0,96,84,25.6,78.1,23.1,73.7,25.6,78.1,22.5,72.5,1,100,0,0,10.0,6.0,3.2,5.1,0.0
1735329600,2024-12-28 04:00,22.9,73.3,0,"{'text': 'Light rain shower', 'icon': '//cdn.weatherapi.com/weather/64x64/night/353.png', 'code': 1240}",2.2,3.6,56,ENE,1011.0,29.86,1.3,0.05,0.0,97,85,25.4,77.7,22.9,73.3,25.4,77.7,22.4,72.2,1,100,0,0,10.0,6.0,3.6,5.7,0.0
1735333200,2024-12-28 05:00,22.8,73.1,0,"{'text': 'Light rain shower', 'icon': '//cdn.weatherapi.com/weather/64x64/night/353.png', 'code': 1240}",2.5,4.0,55,NE,1011.0,29.85,1.2,0.05,0.0,96,70,25.3,77.5,22.8,73.1,25.3,77.5,22.2,72.0,1,100,0,0,10.0,6.0,4.3,6.9,0.0
1735336800,2024-12-28 06:00,22.8,73.0,0,"{'text': 'Patchy rain possible', 'icon': '//cdn.weatherapi.com/weather/64x64/night/176.png', 'code': 1063}",2.9,4.7,50,NE,1011.0,29.87,0.22,0.01,0.0,96,71,25.2,77.4,22.8,73.0,25.2,77.4,22.1,71.7,1,100,0,0,9.0,5.0,5.3,8.5,0.0
1735340400,2024-12-28 07:00,22.8,73.0,0,"{'text': 'Mist', 'icon': '//cdn.weatherapi.com/weather/64x64/night/143.png', 'code': 1030}",2.7,4.3,38,NE,1012.0,29.89,0.1,0.0,0.0,95,78,25.2,77.3,22.8,73.0,25.2,77.3,22.0,71.6,1,100,0,0,2.0,1.0,4.9,7.9,0.0
1735344000,2024-12-28 08:00,21.7,71.0,1,"{'text': 'Patchy rain possible', 'icon': '//cdn.weatherapi.com/weather/64x64/day/176.png', 'code': 1063}",2.5,4.0,43,NE,1013.0,29.91,0.19,0.01,0.0,94,89,21.7,71.0,21.7,71.0,24.4,75.8,20.6,69.1,1,100,0,0,9.0,5.0,4.8,7.8,5.0
1735347600,2024-12-28 09:00,22.6,72.7,1,"{'text': 'Patchy rain possible', 'icon': '//cdn.weatherapi.com/weather/64x64/day/176.png', 'code': 1063}",1.8,2.9,16,NNE,1014.0,29.93,0.07,0.0,0.0,87,82,24.9,76.8,22.6,72.7,24.9,76.8,20.4,68.7,0,45,0,0,10.0,6.0,3.2,5.2,5.0
1735351200,2024-12-28 10:00,24.2,75.6,1,"{'text': 'Patchy rain possible', 'icon': '//cdn.weatherapi.com/weather/64x64/day/176.png', 'code': 1063}",1.6,2.5,353,N,1014.0,29.94,0.29,0.01,0.0,81,74,26.2,79.2,24.3,75.7,26.2,79.2,20.7,69.3,1,100,0,0,9.0,5.0,2.5,4.0,5.0
1735354800,2024-12-28 11:00,25.3,77.5,1,"{'text': 'Light rain shower', 'icon': '//cdn.weatherapi.com/weather/64x64/day/353.png', 'code': 1240}",1.3,2.2,356,N,1014.0,29.93,0.75,0.03,0.0,78,86,27.3,81.2,25.3,77.5,27.3,81.2,21.2,70.1,1,100,0,0,10.0,6.0,2.1,3.3,6.0
1735358400,2024-12-28 12:00,26.1,78.9,1,"{'text': 'Light rain shower', 'icon': '//cdn.weatherapi.com/weather/64x64/day/353.png', 'code': 1240}",1.6,2.5,316,NW,1013.0,29.9,1.62,0.06,0.0,77,91,28.3,83.0,26.1,78.9,28.3,83.0,21.6,71.0,1,100,0,0,10.0,6.0,2.3,3.8,6.0
1735362000,2024-12-28 13:00,26.2,79.1,1,"{'text': 'Patchy rain possible', 'icon': '//cdn.weatherapi.com/weather/64x64/day/176.png', 'code': 1063}",2.2,3.6,267,W,1012.0,29.87,1.73,0.07,0.0,78,82,28.6,83.6,26.2,79.1,28.6,83.6,22.0,71.6,1,100,0,0,9.0,5.0,3.7,5.9,6.0
1735365600,2024-12-28 14:00,26.1,78.9,1,"{'text': 'Patchy rain possible', 'icon': '//cdn.weatherapi.com/weather/64x64/day/176.png', 'code': 1063}",2.7,4.3,251,WSW,1011.0,29.84,1.52,0.06,0.0,79,86,28.6,83.5,26.1,78.9,28.6,83.5,22.2,72.0,1,100,0,0,9.0,5.0,4.9,7.8,6.0
1735369200,2024-12-28 15:00,25.9,78.6,1,"{'text': 'Light rain shower', 'icon': '//cdn.weatherapi.com/weather/64x64/day/353.png', 'code': 1240}",2.5,4.0,248,WSW,1010.0,29.82,1.58,0.06,0.0,80,79,28.4,83.0,25.9,78.6,28.4,83.0,22.2,71.9,1,100,0,0,10.0,6.0,3.9,6.3,6.0
1735372800,2024-12-28 16:00,25.5,77.8,1,"{'text': 'Light rain shower', 'icon': '//cdn.weatherapi.com/weather/64x64/day/353.png', 'code': 1240}",2.9,4.7,258,WSW,1009.0,29.8,1.87,0.07,0.0,83,70,27.9,82.3,25.5,77.8,27.9,82.3,22.4,72.2,1,100,0,0,10.0,6.0,4.9,7.8,6.0
1735376400,2024-12-28 17:00,25.1,77.1,1,"{'text': 'Light rain shower', 'icon': '//cdn.weatherapi.com/weather/64x64/day/353.png', 'code': 1240}",2.2,3.6,255,WSW,1009.0,29.79,1.92,0.08,0.0,85,84,27.5,81.5,25.1,77.1,27.5,81.5,22.3,72.1,1,100,0,0,10.0,6.0,4.2,6.7,6.0
1735380000,2024-12-28 18:00,24.4,75.9,1,"{'text': 'Light rain shower', 'icon': '//cdn.weatherapi.com/weather/64x64/day/353.png', 'code': 1240}",1.3,2.2,234,SW,1009.0,29.8,1.83,0.07,0.0,89,81,26.8,80.2,24.4,75.9,26.8,80.2,22.4,72.4,1,100,0,0,10.0,6.0,2.7,4.3,5.0
1735383600,2024-12-28 19:00,22.7,72.9,1,"{'text': 'Moderate or heavy rain shower', 'icon': '//cdn.weatherapi.com/weather/64x64/day/356.png', 'code': 1243}",0.9,1.4,186,S,1010.0,29.83,3.07,0.12,0.0,92,81,25.0,77.0,22.7,72.9,25.0,77.0,21.3,70.3,1,100,0,0,7.0,4.0,1.9,3.0,5.0
1735387200,2024-12-28 20:00,21.7,71.1,0,"{'text': 'Light rain shower', 'icon': '//cdn.weatherapi.com/weather/64x64/night/353.png', 'code': 1240}",0.7,1.1,149,SSE,1011.0,29.85,1.23,0.05,0.0,93,87,21.7,71.1,21.7,71.1,24.4,75.9,20.5,69.0,1,100,0,0,10.0,6.0,1.4,2.3,0.0
1735390800,2024-12-28 21:00,21.5,70.7,0,"{'text': 'Patchy rain possible', 'icon': '//cdn.weatherapi.com/weather/64x64/night/176.png', 'code': 1063}",1.1,1.8,76,ENE,1012.0,29.88,0.4,0.02,0.0,94,83,21.5,70.7,21.5,70.7,24.3,75.7,20.4,68.7,1,100,0,0,9.0,5.0,2.3,3.8,0.0
1735394400,2024-12-28 22:00,24.0,75.2,0,"{'text': 'Patchy rain possible', 'icon': '//cdn.weatherapi.com/weather/64x64/night/176.png', 'code': 1063}",2.0,3.2,65,ENE,1013.0,29.91,0.09,0.0,0.0,94,86,26.5,79.7,24.0,75.2,26.5,79.7,22.9,73.2,0,45,0,0,10.0,6.0,3.4,5.4,0.0
1735398000,2024-12-28 23:00,23.6,74.5,0,"{'text': 'Light rain shower', 'icon': '//cdn.weatherapi.com/weather/64x64/night/353.png', 'code': 1240}",2.7,4.3,66,ENE,1013.0,29.92,0.61,0.02,0.0,95,86,26.1,79.0,23.6,74.5,26.1,79.0,22.7,72.9,1,100,0,0,10.0,6.0,4.7,7.5,0.0
