time_epoch,time,temp_c,temp_f,is_day,condition,wind_mph,wind_kph,wind_degree,wind_dir,pressure_mb,pressure_in,precip_mm,precip_in,snow_cm,humidity,cloud,feelslike_c,feelslike_f,windchill_c,windchill_f,heatindex_c,heatindex_f,dewpoint_c,dewpoint_f,will_it_rain,chance_of_rain,will_it_snow,chance_of_snow,vis_km,vis_miles,gust_mph,gust_kph,uv
1735401600,2024-12-29 00:00,23.4,74.1,0,"{'text': 'Light rain shower', 'icon': '//cdn.weatherapi.com/weather/64x64/night/353.png', 'code': 1240}",2.0,3.2,66,ENE,1013.0,29.93,0.21,0.01,0.0,95,73,25.8,78.5,23.4,74.1,25.8,78.5,22.5,72.6,1,100,0,0,10.0,6.0,3.4,5.5,0.0
1735405200,2024-12-29 01:00,23.0,73.4,0,"{'text': 'Light rain shower', 'icon': '//cdn.weatherapi.com/weather/64x64/night/353.png', 'code': 1240}",2.9,4.7,59,ENE,1013.0,29.91,1.58,0.06,0.0,96,61,25.4,77.7,23.0,73.4,25.4,77.7,22.3,72.1,1,100,0,0,10.0,6.0,5.1,8.2,0.0
1735408800,2024-12-29 02:00,23.0,73.3,0,"{'text': 'Light rain shower', 'icon': '//cdn.weatherapi.com/weather/64x64/night/353.png', 'code': 1240}",2.9,4.7,59,ENE,1012.0,29.9,0.8,0.03,0.0,95,60,25.4,77.7,23.0,73.3,25.4,77.7,22.2,71.9,1,100,0,0,10.0,6.0,5.3,8.6,0.0
1735412400,2024-12-29 03:00,22.9,73.2,0,"{'text': 'Mist', 'icon': '//cdn.weatherapi.com/weather/64x64/night/143.png', 'code': 1030}",3.4,5.4,59,ENE,1012.0,29.87,0.08,0.0,0.0,95,60,25.3,77.5,22.9,73.1,25.3,77.5,22.0,71.7,0,45,0,0,2.0,1.0,5.5,8.8,0.0
1735416000,2024-12-29 04:00,22.6,72.7,0,"{'text': 'Light rain shower', 'icon': '//cdn.weatherapi.com/weather/64x64/night/353.png', 'code': 1240}",2.9,4.7,48,NE,1011.0,29.86,0.22,0.01,0.0,95,62,25.1,77.1,22.6,72.7,25.1,77.1,21.8,71.2,1,100,0,0,10.0,6.0,4.8,7.7,0.0
1735419600,2024-12-29 05:00,22.5,72.5,0,"{'text': 'Light rain shower', 'icon': '//cdn.weatherapi.com/weather/64x64/night/353.png', 'code': 1240}",2.9,4.7,46,NE,1011.0,29.86,0.29,0.01,0.0,95,58,24.9,76.9,22.5,72.5,24.9,76.9,21.6,71.0,1,100,0,0,10.0,6.0,4.8,7.7,0.0
1735423200,2024-12-29 06:00,22.5,72.5,0,"{'text': 'Light rain shower', 'icon': '//cdn.weatherapi.com/weather/64x64/night/353.png', 'code': 1240}",2.9,4.7,48,NE,1012.0,29.87,0.5,0.02,0.0,94,56,24.9,76.8,22.5,72.4,24.9,76.8,21.5,70.8,1,100,0,0,10.0,6.0,4.8,7.8,0.0
1735426800,2024-12-29 07:00,22.5,72.5,0,"{'text': 'Light rain shower', 'icon': '//cdn.weatherapi.com/weather/64x64/night/353.png', 'code': 1240}",2.7,4.3,46,NE,1012.0,29.89,0.29,0.01,0.0,94,55,24.9,76.8,22.5,72.5,24.9,76.8,21.5,70.7,1,100,0,0,10.0,6.0,4.5,7.2,0.0
1735430400,2024-12-29 08:00,20.4,68.8,1,"{'text': 'Partly cloudy', 'icon': '//cdn.weatherapi.com/weather/64x64/day/116.png', 'code': 1003}",2.5,4.0,43,NE,1013.0,29.91,0.0,0.0,0.0,93,52,20.4,68.8,20.4,68.8,20.4,68.8,19.2,66.6,0,0,0,0,10.0,6.0,5.2,8.3,6.0
1735434000,2024-12-29 09:00,22.2,72.0,1,"{'text': 'Patchy rain possible', 'icon': '//cdn.weatherapi.com/weather/64x64/day/176.png', 'code': 1063}",1.6,2.5,26,NNE,1014.0,29.93,0.02,0.0,0.0,88,83,24.6,76.3,22.2,72.0,24.6,76.3,20.0,68.1,0,45,0,0,10.0,6.0,3.0,4.8,5.0
1735437600,2024-12-29 10:00,23.7,74.7,1,"{'text': 'Patchy light drizzle', 'icon': '//cdn.weatherapi.com/weather/64x64/day/263.png', 'code': 1150}",1.1,1.8,339,NNW,1014.0,29.94,0.24,0.01,0.0,81,89,25.7,78.3,23.7,74.7,25.7,78.3,20.3,68.5,1,100,0,0,5.0,3.0,1.9,3.0,5.0
1735441200,2024-12-29 11:00,25.0,77.0,1,"{'text': 'Patchy rain possible', 'icon': '//cdn.weatherapi.com/weather/64x64/day/176.png', 'code': 1063}",0.9,1.4,330,NNW,1014.0,29.94,0.27,0.01,0.0,77,77,26.9,80.5,25.0,77.0,26.9,80.5,20.7,69.3,1,100,0,0,9.0,5.0,1.4,2.2,6.0
1735444800,2024-12-29 12:00,26.3,79.3,1,"{'text': 'Patchy rain possible', 'icon': '//cdn.weatherapi.com/weather/64x64/day/176.png', 'code': 1063}",0.4,0.7,249,WSW,1013.0,29.91,0.52,0.02,0.0,72,81,28.3,82.9,26.3,79.3,28.3,82.9,20.8,69.5,1,100,0,0,9.0,5.0,0.7,1.1,6.0
1735448400,2024-12-29 13:00,26.6,79.8,1,"{'text': 'Patchy rain possible', 'icon': '//cdn.weatherapi.com/weather/64x64/day/176.png', 'code': 1063}",1.3,2.2,261,W,1012.0,29.88,0.73,0.03,0.0,73,89,28.8,83.9,26.6,79.8,28.8,83.9,21.4,70.4,1,100,0,0,9.0,5.0,2.0,3.2,6.0
1735452000,2024-12-29 14:00,26.7,80.0,1,"{'text': 'Patchy rain possible', 'icon': '//cdn.weatherapi.com/weather/64x64/day/176.png', 'code': 1063}",1.1,1.8,295,WNW,1011.0,29.84,1.07,0.04,0.0,75,70,29.1,84.5,26.7,80.0,29.1,84.5,21.8,71.2,1,100,0,0,9.0,5.0,1.7,2.7,6.0
1735455600,2024-12-29 15:00,26.5,79.6,1,"{'text': 'Light rain shower', 'icon': '//cdn.weatherapi.com/weather/64x64/day/353.png', 'code': 1240}",1.6,2.5,340,NNW,1010.0,29.81,1.68,0.07,0.0,75,79,28.8,83.9,26.5,79.6,28.8,83.9,21.7,71.0,1,100,0,0,10.0,6.0,2.5,4.1,6.0
1735459200,2024-12-29 16:00,26.1,79.0,1,"{'text': 'Patchy rain possible', 'icon': '//cdn.weatherapi.com/weather/64x64/day/176.png', 'code': 1063}",1.3,2.2,320,NW,1009.0,29.79,1.78,0.07,0.0,77,73,28.5,83.3,26.1,79.1,28.5,83.3,21.8,71.2,1,100,0,0,9.0,5.0,2.2,3.6,6.0
1735462800,2024-12-29 17:00,25.6,78.1,1,"{'text': 'Light rain shower', 'icon': '//cdn.weatherapi.com/weather/64x64/day/353.png', 'code': 1240}",1.1,1.8,285,WNW,1009.0,29.78,1.32,0.05,0.0,80,85,27.9,82.3,25.6,78.1,27.9,82.3,22.0,71.5,1,100,0,0,10.0,6.0,2.0,3.2,6.0
1735466400,2024-12-29 18:00,24.3,75.7,1,"{'text': 'Light rain shower', 'icon': '//cdn.weatherapi.com/weather/64x64/day/353.png', 'code': 1240}",0.9,1.4,258,WSW,1009.0,29.8,1.34,0.05,0.0,88,87,26.6,79.8,24.3,75.7,26.6,79.8,22.1,71.8,1,100,0,0,10.0,6.0,1.8,2.9,5.0
1735470000,2024-12-29 19:00,22.9,73.2,1,"{'text': 'Light rain shower', 'icon': '//cdn.weatherapi.com/weather/64x64/day/353.png', 'code': 1240}",0.2,0.4,46,NE,1010.0,29.83,1.13,0.04,0.0,89,73,25.1,77.2,22.9,73.2,25.1,77.2,21.1,69.9,1,100,0,0,10.0,6.0,0.5,0.8,5.0
1735473600,2024-12-29 20:00,22.0,71.7,0,"{'text': 'Light rain shower', 'icon': '//cdn.weatherapi.com/weather/64x64/night/353.png', 'code': 1240}",1.3,2.2,71,ENE,1011.0,29.85,0.76,0.03,0.0,92,76,24.6,76.2,22.0,71.7,24.6,76.2,20.7,69.2,1,100,0,0,10.0,6.0,2.8,4.5,0.0
1735477200,2024-12-29 21:00,21.7,71.1,0,"{'text': 'Light rain shower', 'icon': '//cdn.weatherapi.com/weather/64x64/night/353.png', 'code': 1240}",2.2,3.6,54,NE,1012.0,29.88,0.57,0.02,0.0,92,79,21.7,71.1,21.7,71.1,24.4,75.9,20.4,68.8,1,100,0,0,10.0,6.0,4.7,7.6,0.0
1735480800,2024-12-29 22:00,22.5,72.5,0,"{'text': 'Light rain shower', 'icon': '//cdn.weatherapi.com/weather/64x64/night/353.png', 'code': 1240}",2.5,4.0,53,NE,1013.0,29.9,0.33,0.01,0.0,93,78,24.9,76.8,22.5,72.5,24.9,76.8,21.3,70.4,1,100,0,0,10.0,6.0,5.2,8.3,0.0
1735484400,2024-12-29 23:00,23.8,74.9,0,"{'text': 'Light rain shower', 'icon': '//cdn.weatherapi.com/weather/64x64/night/353.png', 'code': 1240}",2.7,4.3,52,NE,1013.0,29.91,0.18,0.01,0.0,93,82,26.3,79.3,23.9,74.9,26.3,79.3,22.7,72.8,1,100,0,0,10.0,6.0,4.5,7.3,0.0
