time_epoch,time,temp_c,temp_f,is_day,condition,wind_mph,wind_kph,wind_degree,wind_dir,pressure_mb,pressure_in,precip_mm,precip_in,snow_cm,humidity,cloud,feelslike_c,feelslike_f,windchill_c,windchill_f,heatindex_c,heatindex_f,dewpoint_c,dewpoint_f,will_it_rain,chance_of_rain,will_it_snow,chance_of_snow,vis_km,vis_miles,gust_mph,gust_kph,uv
1735056000,2024-12-25 00:00,24.1,75.5,0,"{'text': 'Light rain shower', 'icon': '//cdn.weatherapi.com/weather/64x64/night/353.png', 'code': 1240}",1.3,2.2,115,ESE,1011.0,29.87,1.1,0.04,0.0,94,100,26.7,80.1,24.2,75.5,26.7,80.1,23.1,73.5,1,100,0,0,10.0,6.0,2.6,4.1,0.0
1735059600,2024-12-25 01:00,24.1,75.3,0,"{'text': 'Light rain shower', 'icon': '//cdn.weatherapi.com/weather/64x64/night/353.png', 'code': 1240}",1.6,2.5,97,E,1011.0,29.86,0.57,0.02,0.0,94,100,26.6,79.9,24.1,75.3,26.6,79.9,23.0,73.4,1,100,0,0,10.0,6.0,3.1,5.0,0.0
1735063200,2024-12-25 02:00,23.9,75.0,0,"{'text': 'Mist', 'icon': '//cdn.weatherapi.com/weather/64x64/night/143.png', 'code': 1030}",1.8,2.9,67,ENE,1011.0,29.85,0.07,0.0,0.0,94,95,26.4,79.6,23.9,75.0,26.4,79.6,22.9,73.2,0,45,0,0,2.0,1.0,3.5,5.7,0.0
1735066800,2024-12-25 03:00,23.7,74.6,0,"{'text': 'Light drizzle', 'icon': '//cdn.weatherapi.com/weather/64x64/night/266.png', 'code': 1153}",1.1,1.8,75,ENE,1010.0,29.83,0.23,0.01,0.0,95,100,26.2,79.1,23.7,74.6,26.2,79.1,22.8,73.0,1,100,0,0,2.0,1.0,1.6,2.6,0.0
1735070400,2024-12-25 04:00,23.7,74.6,0,"{'text': 'Light rain shower', 'icon': '//cdn.weatherapi.com/weather/64x64/night/353.png', 'code': 1240}",1.8,2.9,59,ENE,1009.0,29.81,0.3,0.01,0.0,95,100,26.2,79.1,23.7,74.6,26.2,79.1,22.8,73.1,1,100,0,0,10.0,6.0,2.5,4.0,0.0
1735074000,2024-12-25 05:00,23.7,74.7,0,"{'text': 'Light rain shower', 'icon': '//cdn.weatherapi.com/weather/64x64/night/353.png', 'code': 1240}",2.5,4.0,30,NNE,1009.0,29.8,0.3,0.01,0.0,95,89,26.2,79.2,23.7,74.7,26.2,79.2,22.8,73.1,1,100,0,0,10.0,6.0,3.4,5.5,0.0
1735077600,2024-12-25 06:00,23.6,74.6,0,"{'text': 'Light rain shower', 'icon': '//cdn.weatherapi.com/weather/64x64/night/353.png', 'code': 1240}",2.5,4.0,27,NNE,1010.0,29.81,0.44,0.02,0.0,95,100,26.1,79.0,23.6,74.6,26.1,79.0,22.8,73.0,1,100,0,0,10.0,6.0,3.5,5.6,0.0
1735081200,2024-12-25 07:00,22.9,73.2,0,"{'text': 'Light rain shower', 'icon': '//cdn.weatherapi.com/weather/64x64/night/353.png', 'code': 1240}",2.9,4.7,22,NNE,1010.0,29.83,0.27,0.01,0.0,95,100,25.3,77.5,22.9,73.2,25.3,77.5,22.1,71.7,1,100,0,0,10.0,6.0,4.6,7.4,0.0
1735084800,2024-12-25 08:00,22.4,72.4,1,"{'text': 'Light rain shower', 'icon': '//cdn.weatherapi.com/weather/64x64/day/353.png', 'code': 1240}",3.1,5.0,27,NNE,1011.0,29.85,0.16,0.01,0.0,96,91,24.9,76.8,22.4,72.4,24.9,76.8,21.7,71.1,1,100,0,0,10.0,6.0,5.2,8.4,5.0
1735088400,2024-12-25 09:00,22.0,71.5,1,"{'text': 'Mist', 'icon': '//cdn.weatherapi.com/weather/64x64/day/143.png', 'code': 1030}",2.7,4.3,34,NE,1012.0,29.87,0.11,0.0,0.0,95,81,22.0,71.5,22.0,71.5,24.6,76.2,21.1,70.1,1,100,0,0,2.0,1.0,4.9,7.9,5.0
1735092000,2024-12-25 10:00,21.7,71.0,1,"{'text': 'Mist', 'icon': '//cdn.weatherapi.com/weather/64x64/day/143.png', 'code': 1030}",2.2,3.6,17,NNE,1012.0,29.88,0.02,0.0,0.0,94,71,21.7,71.0,21.7,71.0,24.4,75.9,20.7,69.3,0,45,0,0,2.0,1.0,4.4,7.0,5.0
1735095600,2024-12-25 11:00,21.6,70.9,1,"{'text': 'Patchy rain possible', 'icon': '//cdn.weatherapi.com/weather/64x64/day/176.png', 'code': 1063}",1.8,2.9,14,NNE,1012.0,29.88,0.05,0.0,0.0,93,66,21.6,70.9,21.6,70.9,24.3,75.8,20.5,68.8,0,45,0,0,10.0,6.0,3.6,5.8,5.0
1735099200,2024-12-25 12:00,22.2,71.9,1,"{'text': 'Patchy rain possible', 'icon': '//cdn.weatherapi.com/weather/64x64/day/176.png', 'code': 1063}",2.0,3.2,356,N,1011.0,29.86,0.21,0.01,0.0,91,87,24.6,76.3,22.2,71.9,24.6,76.3,20.6,69.1,1,100,0,0,9.0,5.0,3.8,6.2,5.0
1735102800,2024-12-25 13:00,22.7,72.8,1,"{'text': 'Light rain shower', 'icon': '//cdn.weatherapi.com/weather/64x64/day/353.png', 'code': 1240}",2.2,3.6,336,NNW,1011.0,29.85,0.32,0.01,0.0,89,67,25.0,76.9,22.7,72.8,25.0,76.9,20.8,69.4,1,100,0,0,10.0,6.0,4.1,6.6,5.0
1735106400,2024-12-25 14:00,23.7,74.7,1,"{'text': 'Patchy rain possible', 'icon': '//cdn.weatherapi.com/weather/64x64/day/176.png', 'code': 1063}",2.7,4.3,311,NW,1010.0,29.82,0.4,0.02,0.0,83,70,25.7,78.3,23.7,74.7,25.7,78.3,20.7,69.2,1,100,0,0,9.0,5.0,4.5,7.2,5.0
1735110000,2024-12-25 15:00,24.1,75.4,1,"{'text': 'Patchy rain possible', 'icon': '//cdn.weatherapi.com/weather/64x64/day/176.png', 'code': 1063}",2.5,4.0,292,WNW,1009.0,29.79,0.32,0.01,0.0,80,80,26.0,78.9,24.1,75.4,26.0,78.9,20.4,68.7,1,100,0,0,9.0,5.0,4.1,6.6,5.0
1735113600,2024-12-25 16:00,23.7,74.6,1,"{'text': 'Patchy rain possible', 'icon': '//cdn.weatherapi.com/weather/64x64/day/176.png', 'code': 1063}",2.0,3.2,270,W,1008.0,29.77,0.39,0.02,0.0,82,79,25.7,78.2,23.7,74.6,25.7,78.2,20.5,68.8,1,100,0,0,9.0,5.0,3.6,5.8,5.0
1735117200,2024-12-25 17:00,23.5,74.2,1,"{'text': 'Patchy rain possible', 'icon': '//cdn.weatherapi.com/weather/64x64/day/176.png', 'code': 1063}",1.6,2.5,253,WSW,1008.0,29.77,0.22,0.01,0.0,85,78,25.6,78.0,23.5,74.2,25.6,78.0,20.8,69.4,1,100,0,0,9.0,5.0,2.9,4.6,5.0
1735120800,2024-12-25 18:00,23.2,73.7,1,"{'text': 'Patchy rain possible', 'icon': '//cdn.weatherapi.com/weather/64x64/day/176.png', 'code': 1063}",0.9,1.4,219,SW,1009.0,29.79,0.37,0.01,0.0,87,80,25.3,77.6,23.2,73.7,25.3,77.6,20.9,69.5,1,100,0,0,9.0,5.0,1.7,2.7,5.0
1735124400,2024-12-25 19:00,22.0,71.7,1,"{'text': 'Patchy rain possible', 'icon': '//cdn.weatherapi.com/weather/64x64/day/176.png', 'code': 1063}",0.2,0.4,136,SE,1010.0,29.81,0.05,0.0,0.0,91,75,24.6,76.2,22.1,71.7,24.6,76.2,20.4,68.8,0,45,0,0,10.0,6.0,0.5,0.8,5.0
1735128000,2024-12-25 20:00,21.7,71.1,0,"{'text': 'Partly cloudy', 'icon': '//cdn.weatherapi.com/weather/64x64/night/116.png', 'code': 1003}",1.3,2.2,74,ENE,1010.0,29.83,0.0,0.0,0.0,91,53,21.7,71.1,21.7,71.1,24.4,75.9,20.2,68.3,0,45,0,0,10.0,6.0,2.8,4.5,0.0
1735131600,2024-12-25 21:00,21.3,70.3,0,"{'text': 'Partly cloudy', 'icon': '//cdn.weatherapi.com/weather/64x64/night/116.png', 'code': 1003}",1.6,2.5,79,E,1011.0,29.86,0.0,0.0,0.0,92,56,21.3,70.3,21.3,70.3,24.2,75.5,19.9,67.7,0,0,0,0,10.0,6.0,3.3,5.3,0.0
1735135200,2024-12-25 22:00,23.0,73.4,0,"{'text': 'Partly cloudy', 'icon': '//cdn.weatherapi.com/weather/64x64/night/116.png', 'code': 1003}",0.9,1.4,60,ENE,1012.0,29.88,0.0,0.0,0.0,92,46,25.3,77.6,23.0,73.4,25.3,77.6,21.6,70.9,0,0,0,0,10.0,6.0,1.6,2.6,0.0
1735138800,2024-12-25 23:00,23.5,74.3,0,"{'text': 'Partly cloudy', 'icon': '//cdn.weatherapi.com/weather/64x64/night/116.png', 'code': 1003}",1.3,2.2,76,ENE,1012.0,29.9,0.0,0.0,0.0,92,29,25.9,78.5,23.5,74.3,25.9,78.5,22.2,71.9,0,0,0,0,10.0,6.0,2.2,3.5,0.0
