time_epoch,time,temp_c,temp_f,is_day,condition,wind_mph,wind_kph,wind_degree,wind_dir,pressure_mb,pressure_in,precip_mm,precip_in,snow_cm,humidity,cloud,feelslike_c,feelslike_f,windchill_c,windchill_f,heatindex_c,heatindex_f,dewpoint_c,dewpoint_f,will_it_rain,chance_of_rain,will_it_snow,chance_of_snow,vis_km,vis_miles,gust_mph,gust_kph,uv
1735488000,2024-12-30 00:00,23.5,74.4,0,"{'text': 'Cloudy', 'icon': '//cdn.weatherapi.com/weather/64x64/night/119.png', 'code': 1006}",2.9,4.7,44,NE,1013.0,29.9,0.0,0.0,0.0,94,67,26.0,78.7,23.6,74.4,26.0,78.7,22.5,72.5,0,45,0,0,10.0,6.0,4.8,7.7,0.0
1735491600,2024-12-30 01:00,23.4,74.1,0,"{'text': 'Cloudy', 'icon': '//cdn.weatherapi.com/weather/64x64/night/119.png', 'code': 1006}",3.1,5.0,57,ENE,1012.0,29.9,0.0,0.0,0.0,94,65,25.8,78.4,23.4,74.1,25.8,78.4,22.3,72.2,0,45,0,0,10.0,6.0,5.2,8.3,0.0
1735495200,2024-12-30 02:00,23.3,73.9,0,"{'text': 'Partly cloudy', 'icon': '//cdn.weatherapi.com/weather/64x64/night/116.png', 'code': 1003}",3.1,5.0,55,NE,1012.0,29.88,0.0,0.0,0.0,94,52,25.7,78.2,23.3,73.9,25.7,78.2,22.2,72.0,0,45,0,0,10.0,6.0,5.2,8.4,0.0
1735498800,2024-12-30 03:00,23.2,73.8,0,"{'text': 'Partly cloudy', 'icon': '//cdn.weatherapi.com/weather/64x64/night/116.png', 'code': 1003}",2.9,4.7,51,NE,1011.0,29.86,0.0,0.0,0.0,93,49,25.6,78.0,23.2,73.8,25.6,78.0,22.1,71.7,0,0,0,0,10.0,6.0,4.9,7.8,0.0
1735502400,2024-12-30 04:00,23.2,73.8,0,"{'text': 'Partly cloudy', 'icon': '//cdn.weatherapi.com/weather/64x64/night/116.png', 'code': 1003}",2.2,3.6,47,NE,1011.0,29.85,0.0,0.0,0.0,93,48,25.6,78.0,23.2,73.8,25.6,78.0,22.1,71.7,0,0,0,0,10.0,6.0,3.7,5.9,0.0
1735506000,2024-12-30 05:00,23.3,73.9,0,"{'text': 'Partly cloudy', 'icon': '//cdn.weatherapi.com/weather/64x64/night/116.png', 'code': 1003}",2.2,3.6,44,NE,1011.0,29.85,0.0,0.0,0.0,93,54,25.6,78.1,23.3,73.9,25.6,78.1,22.1,71.7,0,45,0,0,10.0,6.0,3.6,5.8,0.0
1735509600,2024-12-30 06:00,23.3,73.9,0,"{'text': 'Patchy rain possible', 'icon': '//cdn.weatherapi.com/weather/64x64/night/176.png', 'code': 1063}",2.2,3.6,36,NE,1012.0,29.87,0.15,0.01,0.0,93,65,25.6,78.0,23.3,73.9,25.6,78.0,22.0,71.6,1,100,0,0,10.0,6.0,3.6,5.7,0.0
1735513200,2024-12-30 07:00,23.2,73.8,0,"{'text': 'Patchy rain possible', 'icon': '//cdn.weatherapi.com/weather/64x64/night/176.png', 'code': 1063}",2.9,4.7,42,NE,1012.0,29.89,0.07,0.0,0.0,93,77,25.5,77.9,23.2,73.8,25.5,77.9,21.9,71.5,0,45,0,0,10.0,6.0,4.6,7.3,0.0
1735516800,2024-12-30 08:00,20.8,69.5,1,"{'text': 'Patchy rain possible', 'icon': '//cdn.weatherapi.com/weather/64x64/day/176.png', 'code': 1063}",2.7,4.3,40,NE,1013.0,29.9,0.07,0.0,0.0,92,77,20.8,69.5,20.8,69.5,20.8,69.5,19.5,67.2,0,45,0,0,10.0,6.0,5.6,9.1,5.0
1735520400,2024-12-30 09:00,22.2,72.0,1,"{'text': 'Partly cloudy', 'icon': '//cdn.weatherapi.com/weather/64x64/day/116.png', 'code': 1003}",1.8,2.9,32,NNE,1014.0,29.93,0.0,0.0,0.0,88,31,24.6,76.3,22.2,72.0,24.6,76.3,20.2,68.3,0,0,0,0,10.0,6.0,3.4,5.5,6.0
1735524000,2024-12-30 10:00,23.9,75.0,1,"{'text': 'Patchy rain possible', 'icon': '//cdn.weatherapi.com/weather/64x64/day/176.png', 'code': 1063}",2.0,3.2,357,N,1014.0,29.94,0.01,0.0,0.0,80,63,25.8,78.5,23.9,75.0,25.8,78.5,20.3,68.6,0,45,0,0,10.0,6.0,3.3,5.3,5.0
1735527600,2024-12-30 11:00,25.2,77.4,1,"{'text': 'Patchy rain possible', 'icon': '//cdn.weatherapi.com/weather/64x64/day/176.png', 'code': 1063}",2.5,4.0,345,NNW,1014.0,29.93,0.03,0.0,0.0,74,52,27.0,80.7,25.2,77.4,27.0,80.7,20.3,68.5,0,45,0,0,10.0,6.0,3.8,6.0,6.0
1735531200,2024-12-30 12:00,25.5,77.8,1,"{'text': 'Patchy light drizzle', 'icon': '//cdn.weatherapi.com/weather/64x64/day/263.png', 'code': 1150}",2.2,3.6,329,NNW,1013.0,29.91,0.44,0.02,0.0,74,59,27.4,81.3,25.5,77.8,27.4,81.3,20.6,69.0,1,100,0,0,5.0,3.0,3.5,5.7,6.0
1735534800,2024-12-30 13:00,25.5,77.9,1,"{'text': 'Light rain shower', 'icon': '//cdn.weatherapi.com/weather/64x64/day/353.png', 'code': 1240}",1.6,2.5,332,NNW,1012.0,29.88,0.78,0.03,0.0,76,84,27.5,81.5,25.5,77.9,27.5,81.5,20.9,69.6,1,100,0,0,10.0,6.0,2.5,4.0,6.0
1735538400,2024-12-30 14:00,25.6,78.1,1,"{'text': 'Light rain shower', 'icon': '//cdn.weatherapi.com/weather/64x64/day/353.png', 'code': 1240}",0.7,1.1,27,NNE,1011.0,29.85,1.1,0.04,0.0,76,70,27.7,81.8,25.6,78.1,27.7,81.8,21.0,69.8,1,100,0,0,10.0,6.0,1.1,1.7,6.0
1735542000,2024-12-30 15:00,25.4,77.7,1,"{'text': 'Light rain shower', 'icon': '//cdn.weatherapi.com/weather/64x64/day/353.png', 'code': 1240}",0.7,1.1,185,S,1010.0,29.82,0.93,0.04,0.0,78,54,27.5,81.5,25.4,77.8,27.5,81.5,21.3,70.3,1,100,0,0,10.0,6.0,1.1,1.8,6.0
1735545600,2024-12-30 16:00,25.2,77.4,1,"{'text': 'Light rain shower', 'icon': '//cdn.weatherapi.com/weather/64x64/day/353.png', 'code': 1240}",2.2,3.6,219,SW,1009.0,29.79,0.92,0.04,0.0,80,80,27.4,81.3,25.2,77.4,27.4,81.3,21.6,70.8,1,100,0,0,10.0,6.0,3.8,6.0,6.0
1735549200,2024-12-30 17:00,24.6,76.3,1,"{'text': 'Light rain shower', 'icon': '//cdn.weatherapi.com/weather/64x64/day/353.png', 'code': 1240}",2.7,4.3,238,WSW,1009.0,29.79,0.89,0.04,0.0,85,91,26.8,80.3,24.6,76.2,26.8,80.3,21.9,71.4,1,100,0,0,10.0,6.0,4.7,7.6,5.0
1735552800,2024-12-30 18:00,23.8,74.8,1,"{'text': 'Light rain shower', 'icon': '//cdn.weatherapi.com/weather/64x64/day/353.png', 'code': 1240}",2.2,3.6,243,WSW,1009.0,29.81,1.3,0.05,0.0,91,88,26.1,78.9,23.8,74.8,26.1,78.9,22.2,71.9,1,100,0,0,10.0,6.0,4.3,6.8,5.0
1735556400,2024-12-30 19:00,22.5,72.4,1,"{'text': 'Light rain shower', 'icon': '//cdn.weatherapi.com/weather/64x64/day/353.png', 'code': 1240}",1.6,2.5,234,SW,1010.0,29.83,0.81,0.03,0.0,92,55,24.8,76.7,22.5,72.4,24.8,76.7,21.1,70.0,1,100,0,0,10.0,6.0,3.3,5.3,5.0
1735560000,2024-12-30 20:00,21.8,71.3,0,"{'text': 'Light rain shower', 'icon': '//cdn.weatherapi.com/weather/64x64/night/353.png', 'code': 1240}",0.7,1.1,172,S,1011.0,29.85,0.26,0.01,0.0,93,60,21.9,71.3,21.9,71.3,24.5,76.0,20.6,69.1,1,100,0,0,10.0,6.0,1.4,2.3,0.0
1735563600,2024-12-30 21:00,21.6,70.9,0,"{'text': 'Light rain shower', 'icon': '//cdn.weatherapi.com/weather/64x64/night/353.png', 'code': 1240}",0.7,1.1,116,ESE,1012.0,29.89,0.42,0.02,0.0,93,57,21.6,70.9,21.6,70.9,24.3,75.8,20.5,68.9,1,100,0,0,10.0,6.0,1.4,2.3,0.0
1735567200,2024-12-30 22:00,23.2,73.7,0,"{'text': 'Light rain shower', 'icon': '//cdn.weatherapi.com/weather/64x64/night/353.png', 'code': 1240}",1.6,2.5,72,ENE,1013.0,29.92,0.85,0.03,0.0,94,55,25.6,78.0,23.2,73.7,25.6,78.0,22.2,72.0,1,100,0,0,10.0,6.0,2.8,4.6,0.0
1735570800,2024-12-30 23:00,23.9,75.1,0,"{'text': 'Light rain shower', 'icon': '//cdn.weatherapi.com/weather/64x64/night/353.png', 'code': 1240}",2.5,4.0,73,ENE,1013.0,29.93,0.77,0.03,0.0,95,50,26.5,79.7,23.9,75.1,26.5,79.7,23.0,73.4,1,100,0,0,10.0,6.0,3.8,6.2,0.0
