time_epoch,time,temp_c,temp_f,is_day,condition,wind_mph,wind_kph,wind_degree,wind_dir,pressure_mb,pressure_in,precip_mm,precip_in,snow_cm,humidity,cloud,feelslike_c,feelslike_f,windchill_c,windchill_f,heatindex_c,heatindex_f,dewpoint_c,dewpoint_f,will_it_rain,chance_of_rain,will_it_snow,chance_of_snow,vis_km,vis_miles,gust_mph,gust_kph,uv
1734969600,2024-12-24 00:00,24.0,75.3,0,"{'text': 'Light rain shower', 'icon': '//cdn.weatherapi.com/weather/64x64/night/353.png', 'code': 1240}",2.2,3.6,144,SE,1011.0,29.84,0.64,0.03,0.0,95,100,26.7,80.0,24.0,75.3,26.7,80.0,23.2,73.8,1,100,0,0,10.0,6.0,4.0,6.4,0.0
1734973200,2024-12-24 01:00,23.9,74.9,0,"{'text': 'Light rain shower', 'icon': '//cdn.weatherapi.com/weather/64x64/night/353.png', 'code': 1240}",2.2,3.6,136,SE,1010.0,29.83,1.03,0.04,0.0,96,83,26.5,79.6,23.9,74.9,26.5,79.6,23.1,73.6,1,100,0,0,10.0,6.0,4.1,6.6,0.0
1734976800,2024-12-24 02:00,23.8,74.9,0,"{'text': 'Patchy rain possible', 'icon': '//cdn.weatherapi.com/weather/64x64/night/176.png', 'code': 1063}",2.2,3.6,124,SE,1010.0,29.83,0.49,0.02,0.0,95,79,26.4,79.4,23.8,74.9,26.4,79.4,23.0,73.4,1,100,0,0,9.0,5.0,4.3,6.8,0.0
1734980400,2024-12-24 03:00,23.9,75.0,0,"{'text': 'Light rain shower', 'icon': '//cdn.weatherapi.com/weather/64x64/night/353.png', 'code': 1240}",1.8,2.9,98,E,1009.0,29.81,0.19,0.01,0.0,94,61,26.4,79.5,23.9,75.0,26.4,79.5,22.9,73.3,1,100,0,0,10.0,6.0,2.6,4.2,0.0
1734984000,2024-12-24 04:00,23.8,74.8,0,"{'text': 'Light rain shower', 'icon': '//cdn.weatherapi.com/weather/64x64/night/353.png', 'code': 1240}",1.8,2.9,81,E,1009.0,29.79,0.17,0.01,0.0,95,65,26.3,79.3,23.8,74.8,26.3,79.3,22.8,73.1,1,100,0,0,10.0,6.0,2.6,4.2,0.0
1734987600,2024-12-24 05:00,23.6,74.5,0,"{'text': 'Mist', 'icon': '//cdn.weatherapi.com/weather/64x64/night/143.png', 'code': 1030}",2.2,3.6,58,ENE,1009.0,29.78,0.09,0.0,0.0,95,57,26.1,79.0,23.6,74.5,26.1,79.0,22.7,72.9,1,100,0,0,2.0,1.0,3.3,5.3,0.0
1734991200,2024-12-24 06:00,23.5,74.3,0,"{'text': 'Mist', 'icon': '//cdn.weatherapi.com/weather/64x64/night/143.png', 'code': 1030}",2.9,4.7,49,NE,1009.0,29.79,0.02,0.0,0.0,95,89,26.0,78.7,23.5,74.3,26.0,78.7,22.6,72.7,0,45,0,0,2.0,1.0,4.4,7.1,0.0
1734994800,2024-12-24 07:00,23.4,74.2,0,"{'text': 'Mist', 'icon': '//cdn.weatherapi.com/weather/64x64/night/143.png', 'code': 1030}",2.2,3.6,36,NE,1009.0,29.8,0.0,0.0,0.0,94,46,25.9,78.5,23.4,74.2,25.9,78.5,22.5,72.5,0,45,0,0,2.0,1.0,3.5,5.7,0.0
1734998400,2024-12-24 08:00,22.2,71.9,1,"{'text': 'Partly cloudy', 'icon': '//cdn.weatherapi.com/weather/64x64/day/116.png', 'code': 1003}",2.0,3.2,43,NE,1010.0,29.82,0.0,0.0,0.0,94,38,24.7,76.4,22.2,71.9,24.7,76.4,21.2,70.1,0,45,0,0,10.0,6.0,3.8,6.2,6.0
1735002000,2024-12-24 09:00,22.8,73.0,1,"{'text': 'Patchy rain possible', 'icon': '//cdn.weatherapi.com/weather/64x64/day/176.png', 'code': 1063}",1.3,2.2,41,NE,1011.0,29.85,0.04,0.0,0.0,90,74,25.1,77.1,22.8,73.1,25.1,77.1,21.1,70.0,0,45,0,0,10.0,6.0,2.4,3.9,5.0
1735005600,2024-12-24 10:00,24.5,76.1,1,"{'text': 'Patchy rain possible', 'icon': '//cdn.weatherapi.com/weather/64x64/day/176.png', 'code': 1063}",1.6,2.5,10,N,1011.0,29.86,0.08,0.0,0.0,84,64,26.6,79.9,24.5,76.0,26.6,79.9,21.6,70.8,0,45,0,0,10.0,6.0,2.3,3.8,5.0
1735009200,2024-12-24 11:00,26.3,79.3,1,"{'text': 'Patchy rain possible', 'icon': '//cdn.weatherapi.com/weather/64x64/day/176.png', 'code': 1063}",2.0,3.2,353,N,1010.0,29.84,0.18,0.01,0.0,76,83,28.6,83.5,26.3,79.3,28.6,83.5,21.6,70.9,1,100,0,0,9.0,5.0,2.7,4.3,6.0
1735012800,2024-12-24 12:00,27.2,81.0,1,"{'text': 'Patchy rain possible', 'icon': '//cdn.weatherapi.com/weather/64x64/day/176.png', 'code': 1063}",2.0,3.2,288,WNW,1010.0,29.81,0.49,0.02,0.0,73,80,30.0,85.9,27.2,81.0,30.0,85.9,22.1,71.7,1,100,0,0,9.0,5.0,2.6,4.2,6.0
1735016400,2024-12-24 13:00,27.2,81.0,1,"{'text': 'Patchy rain possible', 'icon': '//cdn.weatherapi.com/weather/64x64/day/176.png', 'code': 1063}",3.1,5.0,258,WSW,1009.0,29.79,1.01,0.04,0.0,75,78,30.1,86.2,27.2,81.0,30.1,86.2,22.4,72.3,1,100,0,0,9.0,5.0,4.3,6.9,6.0
1735020000,2024-12-24 14:00,26.1,79.0,1,"{'text': 'Patchy rain possible', 'icon': '//cdn.weatherapi.com/weather/64x64/day/176.png', 'code': 1063}",4.0,6.5,254,WSW,1008.0,29.77,0.55,0.02,0.0,76,70,28.4,83.1,26.1,79.1,28.4,83.1,21.5,70.8,1,100,0,0,9.0,5.0,6.3,10.2,6.0
1735023600,2024-12-24 15:00,26.1,78.9,1,"{'text': 'Light rain shower', 'icon': '//cdn.weatherapi.com/weather/64x64/day/353.png', 'code': 1240}",4.5,7.2,247,WSW,1007.0,29.75,1.07,0.04,0.0,77,68,28.4,83.0,26.1,78.9,28.4,83.0,21.6,70.9,1,100,0,0,10.0,6.0,7.0,11.3,6.0
1735027200,2024-12-24 16:00,25.6,78.1,1,"{'text': 'Light rain shower', 'icon': '//cdn.weatherapi.com/weather/64x64/day/353.png', 'code': 1240}",4.3,6.8,241,WSW,1007.0,29.73,1.47,0.06,0.0,80,74,28.0,82.3,25.6,78.1,28.0,82.3,21.9,71.5,1,100,0,0,10.0,6.0,6.8,10.9,6.0
1735030800,2024-12-24 17:00,25.2,77.4,1,"{'text': 'Light rain shower', 'icon': '//cdn.weatherapi.com/weather/64x64/day/353.png', 'code': 1240}",3.1,5.0,227,SW,1007.0,29.73,1.48,0.06,0.0,83,79,27.6,81.6,25.2,77.4,27.6,81.6,22.1,71.7,1,100,0,0,10.0,6.0,5.3,8.5,6.0
1735034400,2024-12-24 18:00,24.4,75.9,1,"{'text': 'Light rain shower', 'icon': '//cdn.weatherapi.com/weather/64x64/day/353.png', 'code': 1240}",1.8,2.9,204,SSW,1008.0,29.75,1.11,0.04,0.0,88,80,26.7,80.1,24.4,75.9,26.7,80.1,22.3,72.1,1,100,0,0,10.0,6.0,3.2,5.2,5.0
1735038000,2024-12-24 19:00,22.5,72.5,1,"{'text': 'Patchy rain possible', 'icon': '//cdn.weatherapi.com/weather/64x64/day/176.png', 'code': 1063}",2.2,3.6,204,SSW,1009.0,29.78,1.31,0.05,0.0,92,75,24.9,76.8,22.5,72.5,24.9,76.8,21.2,70.2,1,100,0,0,9.0,5.0,4.7,7.6,5.0
1735041600,2024-12-24 20:00,21.8,71.2,0,"{'text': 'Patchy rain possible', 'icon': '//cdn.weatherapi.com/weather/64x64/night/176.png', 'code': 1063}",1.8,2.9,171,S,1010.0,29.81,1.08,0.04,0.0,93,71,21.8,71.2,21.8,71.2,24.4,75.9,20.6,69.1,1,100,0,0,9.0,5.0,3.8,6.0,0.0
1735045200,2024-12-24 21:00,21.6,70.9,0,"{'text': 'Light rain shower', 'icon': '//cdn.weatherapi.com/weather/64x64/night/353.png', 'code': 1240}",1.6,2.5,143,SE,1011.0,29.84,0.39,0.02,0.0,93,83,21.6,70.9,21.6,70.9,24.3,75.8,20.4,68.8,1,100,0,0,10.0,6.0,3.3,5.3,0.0
1735048800,2024-12-24 22:00,24.1,75.4,0,"{'text': 'Light rain shower', 'icon': '//cdn.weatherapi.com/weather/64x64/night/353.png', 'code': 1240}",1.6,2.5,112,ESE,1011.0,29.86,0.22,0.01,0.0,93,72,26.6,79.9,24.1,75.4,26.6,79.9,22.8,73.1,1,100,0,0,10.0,6.0,2.6,4.1,0.0
1735052400,2024-12-24 23:00,24.3,75.7,0,"{'text': 'Light rain shower', 'icon': '//cdn.weatherapi.com/weather/64x64/night/353.png', 'code': 1240}",1.6,2.5,109,ESE,1012.0,29.87,0.2,0.01,0.0,92,71,26.8,80.2,24.3,75.7,26.8,80.2,22.9,73.3,1,100,0,0,10.0,6.0,2.5,4.0,0.0
