time_epoch,time,temp_c,temp_f,is_day,condition,wind_mph,wind_kph,wind_degree,wind_dir,pressure_mb,pressure_in,precip_mm,precip_in,snow_cm,humidity,cloud,feelslike_c,feelslike_f,windchill_c,windchill_f,heatindex_c,heatindex_f,dewpoint_c,dewpoint_f,will_it_rain,chance_of_rain,will_it_snow,chance_of_snow,vis_km,vis_miles,gust_mph,gust_kph,uv
1735228800,2024-12-27 00:00,23.7,74.7,0,"{'text': 'Mist', 'icon': '//cdn.weatherapi.com/weather/64x64/night/143.png', 'code': 1030}",1.6,2.5,129,SE,1013.0,29.91,0.05,0.0,0.0,95,60,26.2,79.2,23.7,74.7,26.2,79.2,22.8,73.1,0,45,0,0,2.0,1.0,2.4,3.9,0.0
1735232400,2024-12-27 01:00,23.5,74.3,0,"{'text': 'Mist', 'icon': '//cdn.weatherapi.com/weather/64x64/night/143.png', 'code': 1030}",1.8,2.9,102,ESE,1013.0,29.91,0.06,0.0,0.0,95,62,26.0,78.7,23.5,74.3,26.0,78.7,22.6,72.7,0,45,0,0,2.0,1.0,2.8,4.5,0.0
1735236000,2024-12-27 02:00,23.4,74.1,0,"{'text': 'Mist', 'icon': '//cdn.weatherapi.com/weather/64x64/night/143.png', 'code': 1030}",1.8,2.9,83,E,1012.0,29.89,0.01,0.0,0.0,95,52,25.8,78.5,23.4,74.1,25.8,78.5,22.5,72.5,0,45,0,0,2.0,1.0,2.8,4.5,0.0
1735239600,2024-12-27 03:00,23.2,73.8,0,"{'text': 'Mist', 'icon': '//cdn.weatherapi.com/weather/64x64/night/143.png', 'code': 1030}",2.0,3.2,79,E,1012.0,29.88,0.0,0.0,0.0,95,45,25.6,78.1,23.2,73.8,25.6,78.1,22.3,72.2,0,45,0,0,2.0,1.0,3.2,5.1,0.0
1735243200,2024-12-27 04:00,23.1,73.6,0,"{'text': 'Mist', 'icon': '//cdn.weatherapi.com/weather/64x64/night/143.png', 'code': 1030}",1.8,2.9,77,ENE,1011.0,29.86,0.0,0.0,0.0,94,39,25.5,77.9,23.1,73.6,25.5,77.9,22.2,71.9,0,0,0,0,2.0,1.0,2.8,4.5,0.0
1735246800,2024-12-27 05:00,22.9,73.2,0,"{'text': 'Mist', 'icon': '//cdn.weatherapi.com/weather/64x64/night/143.png', 'code': 1030}",2.2,3.6,82,E,1011.0,29.86,0.0,0.0,0.0,95,37,25.3,77.5,22.9,73.2,25.3,77.5,22.0,71.5,0,0,0,0,2.0,1.0,3.5,5.7,0.0
1735250400,2024-12-27 06:00,22.7,72.9,0,"{'text': 'Mist', 'icon': '//cdn.weatherapi.com/weather/64x64/night/143.png', 'code': 1030}",1.8,2.9,83,E,1012.0,29.87,0.0,0.0,0.0,94,36,25.1,77.2,22.7,72.9,25.1,77.2,21.8,71.2,0,0,0,0,2.0,1.0,2.8,4.6,0.0
1735254000,2024-12-27 07:00,22.6,72.8,0,"{'text': 'Mist', 'icon': '//cdn.weatherapi.com/weather/64x64/night/143.png', 'code': 1030}",1.8,2.9,94,E,1012.0,29.89,0.05,0.0,0.0,94,87,25.0,77.1,22.6,72.8,25.0,77.1,21.7,71.0,0,45,0,0,2.0,1.0,2.8,4.5,0.0
1735257600,2024-12-27 08:00,21.2,70.2,1,"{'text': 'Partly cloudy', 'icon': '//cdn.weatherapi.com/weather/64x64/day/116.png', 'code': 1003}",1.8,2.9,84,E,1013.0,29.91,0.0,0.0,0.0,93,32,21.2,70.2,21.2,70.2,24.2,75.5,20.1,68.1,0,0,0,0,10.0,6.0,3.5,5.6,6.0
1735261200,2024-12-27 09:00,22.3,72.1,1,"{'text': 'Partly cloudy', 'icon': '//cdn.weatherapi.com/weather/64x64/day/116.png', 'code': 1003}",0.4,0.7,104,ESE,1014.0,29.94,0.0,0.0,0.0,88,28,24.7,76.4,22.3,72.1,24.7,76.4,20.1,68.2,0,0,0,0,10.0,6.0,0.8,1.3,6.0
1735264800,2024-12-27 10:00,23.8,74.9,1,"{'text': 'Partly cloudy', 'icon': '//cdn.weatherapi.com/weather/64x64/day/116.png', 'code': 1003}",0.7,1.1,212,SSW,1014.0,29.95,0.0,0.0,0.0,81,32,25.8,78.4,23.8,74.9,25.8,78.4,20.4,68.7,0,0,0,0,10.0,6.0,1.0,1.7,6.0
1735268400,2024-12-27 11:00,25.3,77.6,1,"{'text': 'Patchy rain possible', 'icon': '//cdn.weatherapi.com/weather/64x64/day/176.png', 'code': 1063}",1.3,2.2,219,SW,1014.0,29.94,0.03,0.0,0.0,75,70,27.2,81.0,25.3,77.6,27.2,81.0,20.5,68.9,0,45,0,0,10.0,6.0,1.9,3.1,6.0
1735272000,2024-12-27 12:00,26.9,80.4,1,"{'text': 'Patchy rain possible', 'icon': '//cdn.weatherapi.com/weather/64x64/day/176.png', 'code': 1063}",2.2,3.6,233,SW,1013.0,29.92,0.16,0.01,0.0,69,88,29.0,84.1,26.9,80.4,29.0,84.1,20.7,69.2,1,100,0,0,9.0,5.0,3.0,4.8,6.0
1735275600,2024-12-27 13:00,27.1,80.7,1,"{'text': 'Patchy rain possible', 'icon': '//cdn.weatherapi.com/weather/64x64/day/176.png', 'code': 1063}",2.2,3.6,214,SW,1012.0,29.89,0.23,0.01,0.0,68,86,29.2,84.5,27.1,80.7,29.2,84.5,20.7,69.3,1,100,0,0,9.0,5.0,3.2,5.1,6.0
1735279200,2024-12-27 14:00,26.7,80.0,1,"{'text': 'Patchy rain possible', 'icon': '//cdn.weatherapi.com/weather/64x64/day/176.png', 'code': 1063}",2.0,3.2,219,SW,1011.0,29.86,0.45,0.02,0.0,71,80,28.9,83.9,26.7,80.0,28.9,83.9,21.1,69.9,1,100,0,0,9.0,5.0,3.1,5.0,6.0
1735282800,2024-12-27 15:00,26.6,79.9,1,"{'text': 'Light rain shower', 'icon': '//cdn.weatherapi.com/weather/64x64/day/353.png', 'code': 1240}",1.6,2.5,198,SSW,1010.0,29.83,0.8,0.03,0.0,73,78,28.9,84.0,26.6,79.9,28.9,84.0,21.4,70.5,1,100,0,0,10.0,6.0,2.5,4.0,6.0
1735286400,2024-12-27 16:00,25.6,78.2,1,"{'text': 'Patchy rain possible', 'icon': '//cdn.weatherapi.com/weather/64x64/day/176.png', 'code': 1063}",0.2,0.4,160,SSE,1009.0,29.8,0.93,0.04,0.0,78,72,27.9,82.1,25.6,78.2,27.9,82.1,21.6,70.9,1,100,0,0,9.0,5.0,0.4,0.6,6.0
1735290000,2024-12-27 17:00,24.6,76.3,1,"{'text': 'Patchy rain possible', 'icon': '//cdn.weatherapi.com/weather/64x64/day/176.png', 'code': 1063}",0.2,0.4,39,NE,1009.0,29.8,0.85,0.03,0.0,86,74,26.9,80.4,24.6,76.3,26.9,80.4,22.0,71.6,1,100,0,0,9.0,5.0,0.4,0.7,5.0
1735293600,2024-12-27 18:00,23.5,74.4,1,"{'text': 'Patchy rain possible', 'icon': '//cdn.weatherapi.com/weather/64x64/day/176.png', 'code': 1063}",0.9,1.4,166,SSE,1010.0,29.81,0.74,0.03,0.0,89,76,25.8,78.4,23.5,74.4,25.8,78.4,21.7,71.0,1,100,0,0,9.0,5.0,1.9,3.0,5.0
1735297200,2024-12-27 19:00,22.5,72.6,1,"{'text': 'Patchy rain possible', 'icon': '//cdn.weatherapi.com/weather/64x64/day/176.png', 'code': 1063}",2.2,3.6,175,S,1011.0,29.84,0.42,0.02,0.0,92,85,24.9,76.8,22.5,72.6,24.9,76.8,21.2,70.1,1,100,0,0,9.0,5.0,4.7,7.6,5.0
1735300800,2024-12-27 20:00,22.0,71.6,0,"{'text': 'Patchy rain possible', 'icon': '//cdn.weatherapi.com/weather/64x64/night/176.png', 'code': 1063}",2.0,3.2,167,SSE,1011.0,29.87,0.54,0.02,0.0,94,71,22.0,71.6,22.0,71.6,24.6,76.2,21.0,69.8,1,100,0,0,9.0,5.0,4.2,6.8,0.0
1735304400,2024-12-27 21:00,21.7,71.0,0,"{'text': 'Patchy rain possible', 'icon': '//cdn.weatherapi.com/weather/64x64/night/176.png', 'code': 1063}",1.8,2.9,151,SSE,1012.0,29.9,0.57,0.02,0.0,95,80,21.7,71.0,21.7,71.0,24.4,75.9,20.8,69.4,1,100,0,0,9.0,5.0,3.8,6.0,0.0
1735308000,2024-12-27 22:00,24.1,75.4,0,"{'text': 'Light rain shower', 'icon': '//cdn.weatherapi.com/weather/64x64/night/353.png', 'code': 1240}",1.8,2.9,115,ESE,1013.0,29.92,0.33,0.01,0.0,95,65,26.7,80.1,24.1,75.4,26.7,80.1,23.2,73.7,1,100,0,0,10.0,6.0,2.8,4.5,0.0
1735311600,2024-12-27 23:00,24.1,75.4,0,"{'text': 'Mist', 'icon': '//cdn.weatherapi.com/weather/64x64/night/143.png', 'code': 1030}",1.6,2.5,100,E,1013.0,29.92,0.02,0.0,0.0,94,84,26.7,80.1,24.1,75.4,26.7,80.1,23.1,73.6,0,45,0,0,2.0,1.0,2.4,3.9,0.0
