time_epoch,time,temp_c,temp_f,is_day,condition,wind_mph,wind_kph,wind_degree,wind_dir,pressure_mb,pressure_in,precip_mm,precip_in,snow_cm,humidity,cloud,feelslike_c,feelslike_f,windchill_c,windchill_f,heatindex_c,heatindex_f,dewpoint_c,dewpoint_f,will_it_rain,chance_of_rain,will_it_snow,chance_of_snow,vis_km,vis_miles,gust_mph,gust_kph,uv
1735142400,2024-12-26 00:00,23.7,74.6,0,"{'text': 'Patchy rain possible', 'icon': '//cdn.weatherapi.com/weather/64x64/night/176.png', 'code': 1063}",1.3,2.2,57,ENE,1012.0,29.89,0.15,0.01,0.0,95,78,26.2,79.1,23.7,74.6,26.2,79.1,22.8,73.0,1,100,0,0,9.0,5.0,2.0,3.3,0.0
1735146000,2024-12-26 01:00,23.6,74.5,0,"{'text': 'Light rain shower', 'icon': '//cdn.weatherapi.com/weather/64x64/night/353.png', 'code': 1240}",0.9,1.4,59,ENE,1012.0,29.89,0.24,0.01,0.0,95,53,26.1,78.9,23.6,74.5,26.1,78.9,22.8,73.0,1,100,0,0,10.0,6.0,1.4,2.2,0.0
1735149600,2024-12-26 02:00,23.5,74.4,0,"{'text': 'Light rain shower', 'icon': '//cdn.weatherapi.com/weather/64x64/night/353.png', 'code': 1240}",1.1,1.8,53,NE,1012.0,29.88,0.2,0.01,0.0,95,50,26.0,78.8,23.5,74.4,26.0,78.8,22.7,72.9,1,100,0,0,10.0,6.0,1.7,2.7,0.0
1735153200,2024-12-26 03:00,23.5,74.3,0,"{'text': 'Mist', 'icon': '//cdn.weatherapi.com/weather/64x64/night/143.png', 'code': 1030}",1.1,1.8,39,NE,1011.0,29.87,0.13,0.01,0.0,95,59,25.9,78.7,23.5,74.3,25.9,78.7,22.7,72.8,1,100,0,0,2.0,1.0,1.7,2.7,0.0
1735156800,2024-12-26 04:00,23.3,74.0,0,"{'text': 'Light rain shower', 'icon': '//cdn.weatherapi.com/weather/64x64/night/353.png', 'code': 1240}",0.7,1.1,78,ENE,1011.0,29.86,0.17,0.01,0.0,95,71,25.8,78.4,23.3,74.0,25.8,78.4,22.5,72.6,1,100,0,0,10.0,6.0,1.0,1.6,0.0
1735160400,2024-12-26 05:00,23.3,74.0,0,"{'text': 'Mist', 'icon': '//cdn.weatherapi.com/weather/64x64/night/143.png', 'code': 1030}",1.6,2.5,89,E,1011.0,29.85,0.11,0.0,0.0,95,82,25.8,78.4,23.3,74.0,25.8,78.4,22.5,72.5,1,100,0,0,2.0,1.0,2.3,3.7,0.0
1735164000,2024-12-26 06:00,23.4,74.0,0,"{'text': 'Mist', 'icon': '//cdn.weatherapi.com/weather/64x64/night/143.png', 'code': 1030}",1.6,2.5,70,ENE,1011.0,29.86,0.02,0.0,0.0,95,59,25.8,78.4,23.4,74.0,25.8,78.4,22.4,72.4,0,45,0,0,2.0,1.0,2.3,3.7,0.0
1735167600,2024-12-26 07:00,23.2,73.8,0,"{'text': 'Mist', 'icon': '//cdn.weatherapi.com/weather/64x64/night/143.png', 'code': 1030}",1.6,2.5,54,NE,1012.0,29.88,0.0,0.0,0.0,94,42,25.6,78.2,23.3,73.9,25.6,78.2,22.3,72.1,0,45,0,0,2.0,1.0,2.3,3.8,0.0
1735171200,2024-12-26 08:00,22.0,71.6,1,"{'text': 'Partly cloudy', 'icon': '//cdn.weatherapi.com/weather/64x64/day/116.png', 'code': 1003}",1.6,2.5,47,NE,1012.0,29.9,0.0,0.0,0.0,94,37,22.0,71.6,22.0,71.6,24.5,76.2,20.9,69.7,0,45,0,0,10.0,6.0,2.9,4.6,6.0
1735174800,2024-12-26 09:00,22.0,71.7,1,"{'text': 'Partly cloudy', 'icon': '//cdn.weatherapi.com/weather/64x64/day/116.png', 'code': 1003}",1.8,2.9,61,ENE,1013.0,29.93,0.0,0.0,0.0,92,30,24.6,76.2,22.0,71.7,24.6,76.2,20.7,69.3,0,45,0,0,10.0,6.0,3.3,5.3,6.0
1735178400,2024-12-26 10:00,22.4,72.3,1,"{'text': 'Partly cloudy', 'icon': '//cdn.weatherapi.com/weather/64x64/day/116.png', 'code': 1003}",1.3,2.2,42,NE,1014.0,29.94,0.0,0.0,0.0,90,32,24.8,76.6,22.4,72.3,24.8,76.6,20.7,69.2,0,0,0,0,10.0,6.0,2.4,3.9,6.0
1735182000,2024-12-26 11:00,22.8,73.0,1,"{'text': 'Partly cloudy', 'icon': '//cdn.weatherapi.com/weather/64x64/day/116.png', 'code': 1003}",1.3,2.2,19,NNE,1014.0,29.94,0.0,0.0,0.0,88,36,25.0,77.0,22.8,73.0,25.0,77.0,20.7,69.3,0,45,0,0,10.0,6.0,2.4,3.9,6.0
1735185600,2024-12-26 12:00,23.5,74.3,1,"{'text': 'Patchy rain possible', 'icon': '//cdn.weatherapi.com/weather/64x64/day/176.png', 'code': 1063}",1.1,1.8,341,NNW,1013.0,29.92,0.04,0.0,0.0,85,76,25.6,78.0,23.5,74.3,25.6,78.0,20.7,69.3,0,45,0,0,10.0,6.0,1.9,3.0,5.0
1735189200,2024-12-26 13:00,24.4,76.0,1,"{'text': 'Patchy rain possible', 'icon': '//cdn.weatherapi.com/weather/64x64/day/176.png', 'code': 1063}",0.9,1.4,349,N,1012.0,29.9,0.11,0.0,0.0,80,86,26.4,79.5,24.4,76.0,26.4,79.5,20.7,69.3,1,100,0,0,10.0,6.0,1.4,2.3,5.0
1735192800,2024-12-26 14:00,25.8,78.5,1,"{'text': 'Patchy rain possible', 'icon': '//cdn.weatherapi.com/weather/64x64/day/176.png', 'code': 1063}",0.9,1.4,120,ESE,1011.0,29.87,0.01,0.0,0.0,73,80,27.8,82.0,25.8,78.5,27.8,82.0,20.7,69.3,0,45,0,0,10.0,6.0,1.3,2.1,6.0
1735196400,2024-12-26 15:00,26.4,79.4,1,"{'text': 'Patchy rain possible', 'icon': '//cdn.weatherapi.com/weather/64x64/day/176.png', 'code': 1063}",0.9,1.4,190,S,1010.0,29.83,0.18,0.01,0.0,71,74,28.4,83.0,26.4,79.4,28.4,83.0,20.7,69.2,1,100,0,0,9.0,5.0,1.3,2.2,6.0
1735200000,2024-12-26 16:00,26.1,79.1,1,"{'text': 'Patchy rain possible', 'icon': '//cdn.weatherapi.com/weather/64x64/day/176.png', 'code': 1063}",1.6,2.5,172,S,1009.0,29.8,0.09,0.0,0.0,71,79,28.1,82.5,26.2,79.1,28.1,82.5,20.6,69.0,1,100,0,0,10.0,6.0,2.5,4.1,6.0
1735203600,2024-12-26 17:00,25.8,78.4,1,"{'text': 'Patchy rain possible', 'icon': '//cdn.weatherapi.com/weather/64x64/day/176.png', 'code': 1063}",2.7,4.3,187,S,1009.0,29.79,0.25,0.01,0.0,74,78,27.8,82.0,25.8,78.4,27.8,82.0,20.8,69.5,1,100,0,0,9.0,5.0,4.5,7.2,6.0
1735207200,2024-12-26 18:00,24.3,75.7,1,"{'text': 'Patchy rain possible', 'icon': '//cdn.weatherapi.com/weather/64x64/day/176.png', 'code': 1063}",3.1,5.0,186,S,1009.0,29.81,0.6,0.02,0.0,86,83,26.5,79.7,24.3,75.7,26.5,79.7,21.9,71.3,1,100,0,0,9.0,5.0,5.9,9.4,5.0
1735210800,2024-12-26 19:00,22.5,72.5,1,"{'text': 'Patchy rain possible', 'icon': '//cdn.weatherapi.com/weather/64x64/day/176.png', 'code': 1063}",2.7,4.3,187,S,1010.0,29.84,0.42,0.02,0.0,92,70,24.9,76.8,22.5,72.5,24.9,76.8,21.2,70.2,1,100,0,0,9.0,5.0,5.6,9.1,5.0
1735214400,2024-12-26 20:00,21.9,71.3,0,"{'text': 'Patchy rain possible', 'icon': '//cdn.weatherapi.com/weather/64x64/night/176.png', 'code': 1063}",1.6,2.5,167,SSE,1011.0,29.86,0.11,0.0,0.0,94,82,21.9,71.3,21.9,71.3,24.5,76.0,20.8,69.5,1,100,0,0,10.0,6.0,3.3,5.3,0.0
1735218000,2024-12-26 21:00,21.8,71.2,0,"{'text': 'Patchy rain possible', 'icon': '//cdn.weatherapi.com/weather/64x64/night/176.png', 'code': 1063}",1.6,2.5,156,SSE,1012.0,29.89,0.58,0.02,0.0,94,89,21.8,71.2,21.8,71.2,24.4,75.9,20.8,69.4,1,100,0,0,9.0,5.0,3.3,5.3,0.0
1735221600,2024-12-26 22:00,23.5,74.3,0,"{'text': 'Patchy rain possible', 'icon': '//cdn.weatherapi.com/weather/64x64/night/176.png', 'code': 1063}",1.8,2.9,142,SE,1013.0,29.91,0.21,0.01,0.0,94,89,25.9,78.7,23.5,74.3,25.9,78.7,22.5,72.6,1,100,0,0,9.0,5.0,3.0,4.9,0.0
1735225200,2024-12-26 23:00,24.0,75.2,0,"{'text': 'Patchy rain possible', 'icon': '//cdn.weatherapi.com/weather/64x64/night/176.png', 'code': 1063}",2.0,3.2,140,SE,1013.0,29.92,0.6,0.02,0.0,95,80,26.6,79.8,24.0,75.2,26.6,79.8,23.1,73.6,1,100,0,0,9.0,5.0,3.1,5.0,0.0
