time_epoch,time,temp_c,temp_f,is_day,condition,wind_mph,wind_kph,wind_degree,wind_dir,pressure_mb,pressure_in,precip_mm,precip_in,snow_cm,humidity,cloud,feelslike_c,feelslike_f,windchill_c,windchill_f,heatindex_c,heatindex_f,dewpoint_c,dewpoint_f,will_it_rain,chance_of_rain,will_it_snow,chance_of_snow,vis_km,vis_miles,gust_mph,gust_kph,uv
1734883200,2024-12-23 00:00,23.7,74.7,0,"{'text': 'Light rain shower', 'icon': '//cdn.weatherapi.com/weather/64x64/night/353.png', 'code': 1240}",1.1,1.8,81,E,1011.0,29.85,0.82,0.03,0.0,96,66,26.3,79.3,23.7,74.7,26.3,79.3,23.0,73.4,1,100,0,0,10.0,6.0,2.0,3.2,0.0
1734886800,2024-12-23 01:00,23.6,74.5,0,"{'text': 'Patchy rain possible', 'icon': '//cdn.weatherapi.com/weather/64x64/night/176.png', 'code': 1063}",0.9,1.4,134,SE,1011.0,29.85,0.6,0.02,0.0,96,81,26.2,79.1,23.6,74.5,26.2,79.1,23.0,73.3,1,100,0,0,9.0,5.0,1.7,2.7,0.0
1734890400,2024-12-23 02:00,23.4,74.1,0,"{'text': 'Light rain shower', 'icon': '//cdn.weatherapi.com/weather/64x64/night/353.png', 'code': 1240}",1.6,2.5,143,SE,1010.0,29.84,0.42,0.02,0.0,97,52,26.0,78.7,23.4,74.1,26.0,78.7,22.9,73.2,1,100,0,0,10.0,6.0,3.0,4.8,0.0
1734894000,2024-12-23 03:00,23.2,73.8,0,"{'text': 'Light rain shower', 'icon': '//cdn.weatherapi.com/weather/64x64/night/353.png', 'code': 1240}",1.6,2.5,114,ESE,1010.0,29.82,0.81,0.03,0.0,98,55,25.8,78.4,23.2,73.8,25.8,78.4,22.8,73.1,1,100,0,0,10.0,6.0,2.2,3.6,0.0
1734897600,2024-12-23 04:00,23.2,73.8,0,"{'text': 'Light rain shower', 'icon': '//cdn.weatherapi.com/weather/64x64/night/353.png', 'code': 1240}",1.8,2.9,80,E,1009.0,29.8,0.16,0.01,0.0,97,78,25.7,78.3,23.2,73.8,25.7,78.3,22.7,72.8,1,100,0,0,10.0,6.0,2.5,4.1,0.0
1734901200,2024-12-23 05:00,23.2,73.7,0,"{'text': 'Mist', 'icon': '//cdn.weatherapi.com/weather/64x64/night/143.png', 'code': 1030}",2.0,3.2,50,NE,1009.0,29.8,0.0,0.0,0.0,96,76,25.7,78.2,23.2,73.7,25.7,78.2,22.6,72.6,0,0,0,0,2.0,1.0,2.9,4.6,0.0
1734904800,2024-12-23 06:00,23.0,73.4,0,"{'text': 'Light rain shower', 'icon': '//cdn.weatherapi.com/weather/64x64/night/353.png', 'code': 1240}",1.8,2.9,43,NE,1009.0,29.81,0.38,0.02,0.0,96,74,25.4,77.8,23.0,73.4,25.4,77.8,22.4,72.2,1,100,0,0,10.0,6.0,2.6,4.2,0.0
1734908400,2024-12-23 07:00,22.8,73.0,0,"{'text': 'Mist', 'icon': '//cdn.weatherapi.com/weather/64x64/night/143.png', 'code': 1030}",2.2,3.6,48,NE,1010.0,29.82,0.0,0.0,0.0,96,84,25.2,77.4,22.8,73.0,25.2,77.4,22.2,71.9,0,0,0,0,2.0,1.0,3.4,5.4,0.0
1734912000,2024-12-23 08:00,21.7,71.0,1,"{'text': 'Mist', 'icon': '//cdn.weatherapi.com/weather/64x64/day/143.png', 'code': 1030}",2.0,3.2,49,NE,1011.0,29.84,0.0,0.0,0.0,95,69,21.7,71.0,21.7,71.0,24.4,75.9,20.9,69.6,0,0,0,0,2.0,1.0,3.6,5.9,5.0
1734915600,2024-12-23 09:00,22.3,72.1,1,"{'text': 'Cloudy', 'icon': '//cdn.weatherapi.com/weather/64x64/day/119.png', 'code': 1006}",1.3,2.2,21,NNE,1011.0,29.86,0.0,0.0,0.0,91,63,24.7,76.5,22.3,72.1,24.7,76.5,20.7,69.3,0,45,0,0,10.0,6.0,2.3,3.7,5.0
1734919200,2024-12-23 10:00,23.8,74.9,1,"{'text': 'Patchy rain possible', 'icon': '//cdn.weatherapi.com/weather/64x64/day/176.png', 'code': 1063}",1.3,2.2,24,NNE,1011.0,29.87,0.01,0.0,0.0,85,85,25.9,78.7,23.8,74.9,25.9,78.7,21.2,70.1,0,45,0,0,10.0,6.0,2.1,3.4,5.0
1734922800,2024-12-23 11:00,25.3,77.6,1,"{'text': 'Patchy rain possible', 'icon': '//cdn.weatherapi.com/weather/64x64/day/176.png', 'code': 1063}",0.4,0.7,330,NNW,1011.0,29.85,0.13,0.0,0.0,79,72,27.4,81.4,25.3,77.6,27.4,81.4,21.4,70.4,1,100,0,0,10.0,6.0,0.6,1.0,6.0
1734926400,2024-12-23 12:00,26.7,80.0,1,"{'text': 'Patchy rain possible', 'icon': '//cdn.weatherapi.com/weather/64x64/day/176.png', 'code': 1063}",1.1,1.8,244,WSW,1010.0,29.83,0.13,0.01,0.0,73,85,29.0,84.1,26.7,80.0,29.0,84.1,21.4,70.6,1,100,0,0,10.0,6.0,1.5,2.5,6.0
1734930000,2024-12-23 13:00,27.2,81.0,1,"{'text': 'Patchy rain possible', 'icon': '//cdn.weatherapi.com/weather/64x64/day/176.png', 'code': 1063}",2.0,3.2,228,SW,1009.0,29.8,0.56,0.02,0.0,71,83,29.7,85.4,27.2,81.0,29.7,85.4,21.5,70.8,1,100,0,0,9.0,5.0,2.8,4.5,6.0
1734933600,2024-12-23 14:00,26.9,80.5,1,"{'text': 'Light rain shower', 'icon': '//cdn.weatherapi.com/weather/64x64/day/353.png', 'code': 1240}",2.2,3.6,222,SW,1008.0,29.77,0.76,0.03,0.0,73,53,29.4,84.9,26.9,80.5,29.4,84.9,21.7,71.0,1,100,0,0,10.0,6.0,3.4,5.5,6.0
1734937200,2024-12-23 15:00,26.3,79.4,1,"{'text': 'Light rain shower', 'icon': '//cdn.weatherapi.com/weather/64x64/day/353.png', 'code': 1240}",2.5,4.0,256,WSW,1007.0,29.74,0.8,0.03,0.0,77,58,28.8,83.9,26.3,79.4,28.8,83.9,22.0,71.5,1,100,0,0,10.0,6.0,4.0,6.5,6.0
1734940800,2024-12-23 16:00,25.8,78.4,1,"{'text': 'Light rain shower', 'icon': '//cdn.weatherapi.com/weather/64x64/day/353.png', 'code': 1240}",3.6,5.8,257,WSW,1006.0,29.72,0.76,0.03,0.0,80,51,28.2,82.7,25.8,78.4,28.2,82.7,22.0,71.6,1,100,0,0,10.0,6.0,6.0,9.6,6.0
1734944400,2024-12-23 17:00,25.0,76.9,1,"{'text': 'Light rain shower', 'icon': '//cdn.weatherapi.com/weather/64x64/day/353.png', 'code': 1240}",4.0,6.5,243,WSW,1006.0,29.72,1.17,0.05,0.0,84,57,27.3,81.1,25.0,76.9,27.3,81.1,22.1,71.9,1,100,0,0,10.0,6.0,6.8,11.0,5.0
1734948000,2024-12-23 18:00,23.8,74.8,1,"{'text': 'Light rain shower', 'icon': '//cdn.weatherapi.com/weather/64x64/day/353.png', 'code': 1240}",3.6,5.8,238,WSW,1007.0,29.73,1.13,0.04,0.0,91,58,26.1,78.9,23.8,74.8,26.1,78.9,22.1,71.8,1,100,0,0,10.0,6.0,6.4,10.3,5.0
1734951600,2024-12-23 19:00,22.3,72.1,1,"{'text': 'Light rain shower', 'icon': '//cdn.weatherapi.com/weather/64x64/day/353.png', 'code': 1240}",2.7,4.3,215,SW,1008.0,29.76,1.53,0.06,0.0,94,55,24.7,76.5,22.3,72.1,24.7,76.5,21.3,70.4,1,100,0,0,10.0,6.0,5.6,9.1,5.0
1734955200,2024-12-23 20:00,21.6,70.9,0,"{'text': 'Light rain shower', 'icon': '//cdn.weatherapi.com/weather/64x64/night/353.png', 'code': 1240}",2.0,3.2,180,S,1009.0,29.8,1.03,0.04,0.0,95,55,21.6,70.9,21.6,70.9,24.3,75.8,20.8,69.5,1,100,0,0,10.0,6.0,4.2,6.8,0.0
1734958800,2024-12-23 21:00,21.5,70.7,0,"{'text': 'Light rain shower', 'icon': '//cdn.weatherapi.com/weather/64x64/night/353.png', 'code': 1240}",0.9,1.4,155,SSE,1010.0,29.83,1.03,0.04,0.0,95,75,21.5,70.7,21.5,70.7,24.3,75.7,20.6,69.1,1,100,0,0,10.0,6.0,1.9,3.0,0.0
1734962400,2024-12-23 22:00,24.0,75.2,0,"{'text': 'Patchy rain possible', 'icon': '//cdn.weatherapi.com/weather/64x64/night/176.png', 'code': 1063}",0.9,1.4,84,E,1011.0,29.85,0.63,0.02,0.0,94,76,26.6,79.9,24.0,75.2,26.6,79.9,23.1,73.5,1,100,0,0,9.0,5.0,1.4,2.3,0.0
1734966000,2024-12-23 23:00,23.9,74.9,0,"{'text': 'Mist', 'icon': '//cdn.weatherapi.com/weather/64x64/night/143.png', 'code': 1030}",1.8,2.9,66,ENE,1011.0,29.85,0.01,0.0,0.0,95,85,26.4,79.5,23.9,74.9,26.4,79.5,22.9,73.3,0,45,0,0,2.0,1.0,2.8,4.5,0.0
