time_epoch,time,temp_c,temp_f,is_day,condition,wind_mph,wind_kph,wind_degree,wind_dir,pressure_mb,pressure_in,precip_mm,precip_in,snow_cm,humidity,cloud,feelslike_c,feelslike_f,windchill_c,windchill_f,heatindex_c,heatindex_f,dewpoint_c,dewpoint_f,will_it_rain,chance_of_rain,will_it_snow,chance_of_snow,vis_km,vis_miles,gust_mph,gust_kph,uv
1735142400,2024-12-26 00:00,24.2,75.6,0,"{'text': 'Partly cloudy', 'icon': '//cdn.weatherapi.com/weather/64x64/night/116.png', 'code': 1003}",6.3,10.1,21,NNE,1012.0,29.87,0.0,0.0,0.0,90,35,26.7,80.0,24.2,75.6,26.7,80.0,22.6,72.6,0,0,0,0,10.0,6.0,11.1,17.9,0.0
1735146000,2024-12-26 01:00,24.1,75.4,0,"{'text': 'Partly cloudy', 'icon': '//cdn.weatherapi.com/weather/64x64/night/116.png', 'code': 1003}",5.8,9.4,22,NNE,1011.0,29.87,0.0,0.0,0.0,91,33,26.5,79.7,24.1,75.4,26.5,79.7,22.6,72.6,0,0,0,0,10.0,6.0,10.3,16.6,0.0
1735149600,2024-12-26 02:00,24.0,75.2,0,"{'text': 'Clear', 'icon': '//cdn.weatherapi.com/weather/64x64/night/113.png', 'code': 1000}",5.4,8.6,21,NNE,1011.0,29.85,0.0,0.0,0.0,91,24,26.4,79.5,24.0,75.2,26.4,79.5,22.5,72.4,0,0,0,0,10.0,6.0,9.6,15.4,0.0
1735153200,2024-12-26 03:00,23.9,75.0,0,"{'text': 'Partly cloudy', 'icon': '//cdn.weatherapi.com/weather/64x64/night/116.png', 'code': 1003}",5.6,9.0,19,NNE,1011.0,29.84,0.0,0.0,0.0,91,48,26.2,79.2,23.9,75.0,26.2,79.2,22.4,72.3,0,0,0,0,10.0,6.0,10.0,16.1,0.0
1735156800,2024-12-26 04:00,23.8,74.8,0,"{'text': 'Partly cloudy', 'icon': '//cdn.weatherapi.com/weather/64x64/night/116.png', 'code': 1003}",5.1,8.3,14,NNE,1010.0,29.83,0.0,0.0,0.0,91,47,26.1,79.1,23.8,74.8,26.1,79.1,22.3,72.1,0,0,0,0,10.0,6.0,9.2,14.8,0.0
1735160400,2024-12-26 05:00,23.8,74.8,0,"{'text': 'Cloudy', 'icon': '//cdn.weatherapi.com/weather/64x64/night/119.png', 'code': 1006}",5.8,9.4,21,NNE,1010.0,29.83,0.0,0.0,0.0,91,70,26.1,78.9,23.8,74.8,26.1,78.9,22.2,71.9,0,0,0,0,10.0,6.0,10.4,16.7,0.0
1735164000,2024-12-26 06:00,23.7,74.6,0,"{'text': 'Partly cloudy', 'icon': '//cdn.weatherapi.com/weather/64x64/night/116.png', 'code': 1003}",5.8,9.4,15,NNE,1011.0,29.84,0.0,0.0,0.0,91,61,26.0,78.8,23.7,74.6,26.0,78.8,22.1,71.8,0,45,0,0,10.0,6.0,10.6,17.0,0.0
1735167600,2024-12-26 07:00,23.6,74.5,0,"{'text': 'Partly cloudy', 'icon': '//cdn.weatherapi.com/weather/64x64/night/116.png', 'code': 1003}",5.4,8.6,10,N,1011.0,29.86,0.0,0.0,0.0,91,57,25.9,78.6,23.6,74.5,25.9,78.6,22.0,71.6,0,0,0,0,10.0,6.0,9.8,15.8,0.0
1735171200,2024-12-26 08:00,24.4,76.0,1,"{'text': 'Partly cloudy', 'icon': '//cdn.weatherapi.com/weather/64x64/day/116.png', 'code': 1003}",5.1,8.3,15,NNE,1012.0,29.88,0.0,0.0,0.0,89,50,26.9,80.3,24.4,76.0,26.9,80.3,22.5,72.6,0,0,0,0,10.0,6.0,8.3,13.4,6.0
1735174800,2024-12-26 09:00,26.1,78.9,1,"{'text': 'Sunny', 'icon': '//cdn.weatherapi.com/weather/64x64/day/113.png', 'code': 1000}",6.9,11.2,14,NNE,1013.0,29.91,0.0,0.0,0.0,83,24,28.9,84.1,26.1,78.9,28.9,84.1,23.0,73.3,0,0,0,0,10.0,6.0,9.0,14.5,7.0
1735178400,2024-12-26 10:00,27.4,81.3,1,"{'text': 'Patchy rain possible', 'icon': '//cdn.weatherapi.com/weather/64x64/day/176.png', 'code': 1063}",8.1,13.0,20,NNE,1013.0,29.92,0.51,0.02,0.0,78,71,30.8,87.4,27.4,81.3,30.8,87.4,23.2,73.7,1,100,0,0,9.0,5.0,9.7,15.7,6.0
1735182000,2024-12-26 11:00,28.4,83.1,1,"{'text': 'Patchy rain possible', 'icon': '//cdn.weatherapi.com/weather/64x64/day/176.png', 'code': 1063}",8.1,13.0,20,NNE,1013.0,29.91,0.19,0.01,0.0,73,84,32.1,89.7,28.4,83.1,32.1,89.7,23.1,73.5,1,100,0,0,9.0,5.0,9.7,15.6,6.0
1735185600,2024-12-26 12:00,29.2,84.6,1,"{'text': 'Patchy light drizzle', 'icon': '//cdn.weatherapi.com/weather/64x64/day/263.png', 'code': 1150}",7.8,12.6,17,NNE,1012.0,29.89,0.44,0.02,0.0,69,81,33.2,91.8,29.2,84.6,33.2,91.8,23.1,73.5,1,100,0,0,5.0,3.0,9.0,14.5,6.0
1735189200,2024-12-26 13:00,29.5,85.1,1,"{'text': 'Light rain shower', 'icon': '//cdn.weatherapi.com/weather/64x64/day/353.png', 'code': 1240}",6.5,10.4,18,NNE,1012.0,29.87,1.31,0.05,0.0,69,83,33.7,92.6,29.5,85.1,33.7,92.6,23.2,73.7,1,100,0,0,10.0,6.0,9.1,14.7,6.0
1735192800,2024-12-26 14:00,29.3,84.7,1,"{'text': 'Light rain', 'icon': '//cdn.weatherapi.com/weather/64x64/day/296.png', 'code': 1183}",5.8,9.4,24,NNE,1011.0,29.85,1.72,0.07,0.0,71,100,33.5,92.3,29.3,84.7,33.5,92.3,23.4,74.1,1,100,0,0,9.0,5.0,6.7,10.8,6.0
1735196400,2024-12-26 15:00,28.4,83.1,1,"{'text': 'Light rain shower', 'icon': '//cdn.weatherapi.com/weather/64x64/day/353.png', 'code': 1240}",5.8,9.4,23,NNE,1010.0,29.82,2.46,0.1,0.0,76,94,32.5,90.4,28.4,83.1,32.5,90.4,23.7,74.6,1,100,0,0,10.0,6.0,8.6,13.9,6.0
1735200000,2024-12-26 16:00,27.6,81.7,1,"{'text': 'Light rain', 'icon': '//cdn.weatherapi.com/weather/64x64/day/296.png', 'code': 1183}",5.6,9.0,30,NNE,1009.0,29.81,2.46,0.1,0.0,80,100,31.5,88.6,27.6,81.7,31.5,88.6,23.8,74.8,1,100,0,0,9.0,5.0,7.2,11.5,6.0
1735203600,2024-12-26 17:00,26.6,79.9,1,"{'text': 'Moderate or heavy rain shower', 'icon': '//cdn.weatherapi.com/weather/64x64/day/356.png', 'code': 1243}",4.9,7.9,45,NE,1009.0,29.8,2.74,0.11,0.0,85,87,30.2,86.3,26.6,79.9,30.2,86.3,24.0,75.1,1,100,0,0,7.0,4.0,9.8,15.7,6.0
1735207200,2024-12-26 18:00,26.3,79.3,1,"{'text': 'Light rain shower', 'icon': '//cdn.weatherapi.com/weather/64x64/day/353.png', 'code': 1240}",4.9,7.9,52,NE,1010.0,29.81,1.73,0.07,0.0,87,73,29.7,85.5,26.3,79.3,29.7,85.5,24.0,75.1,1,100,0,0,10.0,6.0,7.6,12.2,6.0
1735210800,2024-12-26 19:00,25.5,77.9,1,"{'text': 'Light rain shower', 'icon': '//cdn.weatherapi.com/weather/64x64/day/353.png', 'code': 1240}",4.7,7.6,54,NE,1010.0,29.84,1.3,0.05,0.0,89,73,28.5,83.4,25.5,77.9,28.5,83.4,23.6,74.4,1,100,0,0,10.0,6.0,10.0,16.1,6.0
1735214400,2024-12-26 20:00,25.0,77.1,0,"{'text': 'Light rain shower', 'icon': '//cdn.weatherapi.com/weather/64x64/night/353.png', 'code': 1240}",5.1,8.3,55,NE,1011.0,29.86,0.83,0.03,0.0,89,67,27.8,82.0,25.1,77.1,27.8,82.0,23.2,73.7,1,100,0,0,10.0,6.0,8.8,14.1,0.0
1735218000,2024-12-26 21:00,24.9,76.9,0,"{'text': 'Patchy rain possible', 'icon': '//cdn.weatherapi.com/weather/64x64/night/176.png', 'code': 1063}",5.4,8.6,52,NE,1012.0,29.89,0.11,0.0,0.0,89,54,27.6,81.6,24.9,76.9,27.6,81.6,23.1,73.5,1,100,0,0,10.0,6.0,9.2,14.8,0.0
1735221600,2024-12-26 22:00,24.8,76.6,0,"{'text': 'Partly cloudy', 'icon': '//cdn.weatherapi.com/weather/64x64/night/116.png', 'code': 1003}",5.1,8.3,46,NE,1013.0,29.91,0.0,0.0,0.0,90,36,27.4,81.2,24.8,76.6,27.4,81.2,23.0,73.3,0,0,0,0,10.0,6.0,8.9,14.4,0.0
1735225200,2024-12-26 23:00,24.6,76.2,0,"{'text': 'Cloudy', 'icon': '//cdn.weatherapi.com/weather/64x64/night/119.png', 'code': 1006}",5.4,8.6,31,NNE,1013.0,29.91,0.0,0.0,0.0,90,70,27.1,80.8,24.6,76.2,27.1,80.8,22.9,73.2,0,0,0,0,10.0,6.0,9.4,15.1,0.0
