time_epoch,time,temp_c,temp_f,is_day,condition,wind_mph,wind_kph,wind_degree,wind_dir,pressure_mb,pressure_in,precip_mm,precip_in,snow_cm,humidity,cloud,feelslike_c,feelslike_f,windchill_c,windchill_f,heatindex_c,heatindex_f,dewpoint_c,dewpoint_f,will_it_rain,chance_of_rain,will_it_snow,chance_of_snow,vis_km,vis_miles,gust_mph,gust_kph,uv
1734883200,2024-12-23 00:00,24.5,76.2,0,"{'text': 'Partly cloudy', 'icon': '//cdn.weatherapi.com/weather/64x64/night/116.png', 'code': 1003}",6.0,9.7,13,NNE,1010.0,29.83,0.0,0.0,0.0,88,48,27.0,80.5,24.5,76.2,27.0,80.5,22.5,72.5,0,0,0,0,10.0,6.0,10.2,16.4,0.0
1734886800,2024-12-23 01:00,24.4,75.9,0,"{'text': 'Cloudy', 'icon': '//cdn.weatherapi.com/weather/64x64/night/119.png', 'code': 1006}",6.3,10.1,14,NNE,1010.0,29.83,0.0,0.0,0.0,89,73,26.7,80.1,24.4,75.9,26.7,80.1,22.4,72.3,0,0,0,0,10.0,6.0,10.7,17.2,0.0
1734890400,2024-12-23 02:00,24.1,75.4,0,"{'text': 'Partly cloudy', 'icon': '//cdn.weatherapi.com/weather/64x64/night/116.png', 'code': 1003}",6.7,10.8,9,N,1010.0,29.82,0.0,0.0,0.0,89,62,26.5,79.6,24.1,75.5,26.5,79.6,22.2,72.0,0,0,0,0,10.0,6.0,11.6,18.7,0.0
1734894000,2024-12-23 03:00,24.0,75.2,0,"{'text': 'Partly cloudy', 'icon': '//cdn.weatherapi.com/weather/64x64/night/116.png', 'code': 1003}",6.5,10.4,2,N,1009.0,29.8,0.0,0.0,0.0,89,58,26.3,79.3,24.0,75.2,26.3,79.3,22.0,71.6,0,0,0,0,10.0,6.0,11.1,17.8,0.0
1734897600,2024-12-23 04:00,23.8,74.9,0,"{'text': 'Cloudy', 'icon': '//cdn.weatherapi.com/weather/64x64/night/119.png', 'code': 1006}",6.0,9.7,6,N,1009.0,29.78,0.0,0.0,0.0,89,71,26.0,78.9,23.8,74.9,26.0,78.9,21.8,71.3,0,0,0,0,10.0,6.0,10.3,16.6,0.0
1734901200,2024-12-23 05:00,23.7,74.7,0,"{'text': 'Cloudy', 'icon': '//cdn.weatherapi.com/weather/64x64/night/119.png', 'code': 1006}",6.3,10.1,11,NNE,1009.0,29.78,0.0,0.0,0.0,88,77,26.0,78.7,23.8,74.8,26.0,78.7,21.7,71.1,0,0,0,0,10.0,6.0,11.0,17.7,0.0
1734904800,2024-12-23 06:00,23.6,74.5,0,"{'text': 'Partly cloudy', 'icon': '//cdn.weatherapi.com/weather/64x64/night/116.png', 'code': 1003}",5.8,9.4,11,NNE,1009.0,29.79,0.0,0.0,0.0,88,36,25.8,78.5,23.6,74.5,25.8,78.5,21.6,70.8,0,0,0,0,10.0,6.0,10.4,16.7,0.0
1734908400,2024-12-23 07:00,23.7,74.6,0,"{'text': 'Cloudy', 'icon': '//cdn.weatherapi.com/weather/64x64/night/119.png', 'code': 1006}",5.8,9.4,10,N,1009.0,29.8,0.0,0.0,0.0,88,85,25.9,78.6,23.7,74.6,25.9,78.6,21.6,70.9,0,0,0,0,10.0,6.0,10.3,16.6,0.0
1734912000,2024-12-23 08:00,24.2,75.6,1,"{'text': 'Cloudy', 'icon': '//cdn.weatherapi.com/weather/64x64/day/119.png', 'code': 1006}",5.1,8.3,14,NNE,1010.0,29.82,0.0,0.0,0.0,88,69,26.5,79.7,24.2,75.6,26.5,79.7,22.1,71.8,0,0,0,0,10.0,6.0,8.5,13.6,5.0
1734915600,2024-12-23 09:00,24.9,76.9,1,"{'text': 'Partly cloudy', 'icon': '//cdn.weatherapi.com/weather/64x64/day/116.png', 'code': 1003}",5.6,9.0,19,NNE,1011.0,29.84,0.0,0.0,0.0,86,54,27.4,81.2,24.9,76.9,27.4,81.2,22.5,72.4,0,0,0,0,10.0,6.0,8.5,13.7,6.0
1734919200,2024-12-23 10:00,25.6,78.1,1,"{'text': 'Sunny', 'icon': '//cdn.weatherapi.com/weather/64x64/day/113.png', 'code': 1000}",6.0,9.7,17,NNE,1011.0,29.85,0.0,0.0,0.0,85,22,28.3,82.9,25.6,78.1,28.3,82.9,22.9,73.1,0,0,0,0,10.0,6.0,9.0,14.4,7.0
1734922800,2024-12-23 11:00,27.6,81.7,1,"{'text': 'Patchy rain possible', 'icon': '//cdn.weatherapi.com/weather/64x64/day/176.png', 'code': 1063}",6.5,10.4,30,NNE,1011.0,29.84,0.04,0.0,0.0,76,56,31.0,87.8,27.6,81.7,31.0,87.8,23.1,73.5,0,45,0,0,10.0,6.0,8.4,13.5,6.0
1734926400,2024-12-23 12:00,29.4,84.9,1,"{'text': 'Light drizzle', 'icon': '//cdn.weatherapi.com/weather/64x64/day/266.png', 'code': 1153}",6.9,11.2,33,NNE,1010.0,29.82,0.62,0.02,0.0,69,83,33.4,92.2,29.4,84.9,33.4,92.2,23.0,73.5,1,100,0,0,2.0,1.0,8.1,13.0,6.0
1734930000,2024-12-23 13:00,29.3,84.8,1,"{'text': 'Light rain shower', 'icon': '//cdn.weatherapi.com/weather/64x64/day/353.png', 'code': 1240}",8.1,13.0,45,NE,1009.0,29.79,1.57,0.06,0.0,70,89,33.6,92.5,29.3,84.8,33.6,92.5,23.4,74.1,1,100,0,0,10.0,6.0,11.5,18.4,6.0
1734933600,2024-12-23 14:00,28.7,83.7,1,"{'text': 'Light rain shower', 'icon': '//cdn.weatherapi.com/weather/64x64/day/353.png', 'code': 1240}",8.5,13.7,45,NE,1008.0,29.77,1.58,0.06,0.0,74,81,32.9,91.3,28.7,83.7,32.9,91.3,23.7,74.6,1,100,0,0,10.0,6.0,12.2,19.7,6.0
1734937200,2024-12-23 15:00,28.7,83.6,1,"{'text': 'Light rain shower', 'icon': '//cdn.weatherapi.com/weather/64x64/day/353.png', 'code': 1240}",7.8,12.6,40,NE,1007.0,29.73,0.8,0.03,0.0,74,76,32.9,91.3,28.7,83.6,32.9,91.3,23.7,74.7,1,100,0,0,10.0,6.0,10.6,17.0,6.0
1734940800,2024-12-23 16:00,28.5,83.4,1,"{'text': 'Light rain shower', 'icon': '//cdn.weatherapi.com/weather/64x64/day/353.png', 'code': 1240}",7.6,12.2,31,NNE,1006.0,29.71,1.53,0.06,0.0,75,76,32.7,90.9,28.5,83.4,32.7,90.9,23.7,74.7,1,100,0,0,10.0,6.0,9.9,15.9,6.0
1734944400,2024-12-23 17:00,28.0,82.4,1,"{'text': 'Light rain shower', 'icon': '//cdn.weatherapi.com/weather/64x64/day/353.png', 'code': 1240}",7.8,12.6,28,NNE,1006.0,29.71,0.99,0.04,0.0,78,83,31.9,89.5,28.0,82.4,31.9,89.5,23.7,74.7,1,100,0,0,10.0,6.0,13.8,22.2,6.0
1734948000,2024-12-23 18:00,27.2,81.0,1,"{'text': 'Light rain shower', 'icon': '//cdn.weatherapi.com/weather/64x64/day/353.png', 'code': 1240}",7.2,11.5,35,NE,1007.0,29.72,0.65,0.03,0.0,82,72,31.0,87.8,27.2,81.0,31.0,87.8,23.9,75.1,1,100,0,0,10.0,6.0,10.0,16.1,6.0
1734951600,2024-12-23 19:00,25.8,78.4,1,"{'text': 'Light rain shower', 'icon': '//cdn.weatherapi.com/weather/64x64/day/353.png', 'code': 1240}",6.9,11.2,38,NE,1008.0,29.75,0.74,0.03,0.0,87,81,28.8,83.8,25.8,78.4,28.8,83.8,23.4,74.1,1,100,0,0,10.0,6.0,13.1,21.1,6.0
1734955200,2024-12-23 20:00,25.1,77.1,0,"{'text': 'Patchy rain possible', 'icon': '//cdn.weatherapi.com/weather/64x64/night/176.png', 'code': 1063}",6.9,11.2,38,NE,1009.0,29.79,0.01,0.0,0.0,90,72,27.8,82.0,25.1,77.1,27.8,82.0,23.2,73.8,0,45,0,0,10.0,6.0,11.8,19.0,0.0
1734958800,2024-12-23 21:00,24.7,76.5,0,"{'text': 'Cloudy', 'icon': '//cdn.weatherapi.com/weather/64x64/night/119.png', 'code': 1006}",6.0,9.7,34,NE,1010.0,29.83,0.0,0.0,0.0,91,64,27.4,81.3,24.7,76.5,27.4,81.3,23.1,73.5,0,0,0,0,10.0,6.0,10.4,16.7,0.0
1734962400,2024-12-23 22:00,24.5,76.2,0,"{'text': 'Partly cloudy', 'icon': '//cdn.weatherapi.com/weather/64x64/night/116.png', 'code': 1003}",6.3,10.1,31,NNE,1011.0,29.84,0.0,0.0,0.0,90,51,27.1,80.8,24.6,76.2,27.1,80.8,22.9,73.1,0,0,0,0,10.0,6.0,10.9,17.5,0.0
1734966000,2024-12-23 23:00,24.3,75.8,0,"{'text': 'Patchy rain possible', 'icon': '//cdn.weatherapi.com/weather/64x64/night/176.png', 'code': 1063}",6.7,10.8,31,NNE,1011.0,29.84,0.01,0.0,0.0,90,71,26.8,80.2,24.3,75.8,26.8,80.2,22.6,72.7,0,45,0,0,10.0,6.0,11.8,19.0,0.0
