time_epoch,time,temp_c,temp_f,is_day,condition,wind_mph,wind_kph,wind_degree,wind_dir,pressure_mb,pressure_in,precip_mm,precip_in,snow_cm,humidity,cloud,feelslike_c,feelslike_f,windchill_c,windchill_f,heatindex_c,heatindex_f,dewpoint_c,dewpoint_f,will_it_rain,chance_of_rain,will_it_snow,chance_of_snow,vis_km,vis_miles,gust_mph,gust_kph,uv
1735228800,2024-12-27 00:00,24.5,76.1,0,"{'text': 'Partly cloudy', 'icon': '//cdn.weatherapi.com/weather/64x64/night/116.png', 'code': 1003}",4.9,7.9,31,NNE,1012.0,29.9,0.0,0.0,0.0,89,50,27.0,80.5,24.5,76.1,27.0,80.5,22.6,72.6,0,0,0,0,10.0,6.0,8.8,14.1,0.0
1735232400,2024-12-27 01:00,24.5,76.0,0,"{'text': 'Partly cloudy', 'icon': '//cdn.weatherapi.com/weather/64x64/night/116.png', 'code': 1003}",5.1,8.3,23,NNE,1012.0,29.89,0.0,0.0,0.0,89,50,26.9,80.3,24.5,76.0,26.9,80.3,22.5,72.5,0,0,0,0,10.0,6.0,9.1,14.7,0.0
1735236000,2024-12-27 02:00,24.6,76.2,0,"{'text': 'Partly cloudy', 'icon': '//cdn.weatherapi.com/weather/64x64/night/116.png', 'code': 1003}",4.7,7.6,13,NNE,1011.0,29.87,0.0,0.0,0.0,88,53,27.0,80.6,24.6,76.2,27.0,80.6,22.5,72.5,0,0,0,0,10.0,6.0,8.1,13.0,0.0
1735239600,2024-12-27 03:00,24.5,76.1,0,"{'text': 'Partly cloudy', 'icon': '//cdn.weatherapi.com/weather/64x64/night/116.png', 'code': 1003}",4.7,7.6,9,N,1011.0,29.85,0.0,0.0,0.0,89,54,26.9,80.5,24.5,76.1,26.9,80.5,22.5,72.5,0,0,0,0,10.0,6.0,8.0,12.9,0.0
1735243200,2024-12-27 04:00,24.4,76.0,0,"{'text': 'Patchy rain possible', 'icon': '//cdn.weatherapi.com/weather/64x64/night/176.png', 'code': 1063}",4.3,6.8,358,N,1011.0,29.84,0.02,0.0,0.0,89,54,26.8,80.3,24.4,76.0,26.8,80.3,22.5,72.4,0,45,0,0,10.0,6.0,7.2,11.7,0.0
1735246800,2024-12-27 05:00,24.3,75.7,0,"{'text': 'Patchy rain possible', 'icon': '//cdn.weatherapi.com/weather/64x64/night/176.png', 'code': 1063}",4.3,6.8,355,N,1010.0,29.84,0.06,0.0,0.0,89,53,26.7,80.0,24.3,75.7,26.7,80.0,22.4,72.3,0,45,0,0,10.0,6.0,7.3,11.7,0.0
1735250400,2024-12-27 06:00,24.1,75.3,0,"{'text': 'Patchy rain possible', 'icon': '//cdn.weatherapi.com/weather/64x64/night/176.png', 'code': 1063}",4.0,6.5,2,N,1011.0,29.85,0.06,0.0,0.0,89,62,26.4,79.5,24.1,75.3,26.4,79.5,22.2,72.0,0,45,0,0,10.0,6.0,7.1,11.4,0.0
1735254000,2024-12-27 07:00,24.1,75.4,0,"{'text': 'Patchy rain possible', 'icon': '//cdn.weatherapi.com/weather/64x64/night/176.png', 'code': 1063}",2.5,4.0,346,NNW,1011.0,29.87,0.02,0.0,0.0,89,60,26.4,79.6,24.1,75.4,26.4,79.6,22.2,72.0,0,45,0,0,10.0,6.0,4.3,6.8,0.0
1735257600,2024-12-27 08:00,24.7,76.4,1,"{'text': 'Patchy rain possible', 'icon': '//cdn.weatherapi.com/weather/64x64/day/176.png', 'code': 1063}",2.7,4.3,318,NW,1012.0,29.89,0.02,0.0,0.0,88,54,27.1,80.8,24.7,76.4,27.1,80.8,22.6,72.6,0,45,0,0,10.0,6.0,4.3,6.8,5.0
1735261200,2024-12-27 09:00,25.8,78.4,1,"{'text': 'Partly cloudy', 'icon': '//cdn.weatherapi.com/weather/64x64/day/116.png', 'code': 1003}",2.2,3.6,355,N,1013.0,29.91,0.0,0.0,0.0,83,56,28.4,83.1,25.8,78.4,28.4,83.1,22.6,72.7,0,0,0,0,10.0,6.0,3.0,4.9,7.0
1735264800,2024-12-27 10:00,26.4,79.5,1,"{'text': 'Partly cloudy', 'icon': '//cdn.weatherapi.com/weather/64x64/day/116.png', 'code': 1003}",2.9,4.7,27,NNE,1013.0,29.93,0.0,0.0,0.0,80,49,29.2,84.5,26.4,79.5,29.2,84.5,22.6,72.7,0,0,0,0,10.0,6.0,3.8,6.1,7.0
1735268400,2024-12-27 11:00,26.9,80.5,1,"{'text': 'Partly cloudy', 'icon': '//cdn.weatherapi.com/weather/64x64/day/116.png', 'code': 1003}",4.0,6.5,21,NNE,1013.0,29.92,0.0,0.0,0.0,77,34,29.8,85.7,26.9,80.5,29.8,85.7,22.6,72.7,0,0,0,0,10.0,6.0,5.1,8.2,7.0
1735272000,2024-12-27 12:00,27.8,82.0,1,"{'text': 'Partly cloudy', 'icon': '//cdn.weatherapi.com/weather/64x64/day/116.png', 'code': 1003}",4.7,7.6,19,NNE,1013.0,29.9,0.0,0.0,0.0,73,32,30.9,87.6,27.8,82.0,30.9,87.6,22.5,72.5,0,0,0,0,10.0,6.0,5.7,9.2,7.0
1735275600,2024-12-27 13:00,28.7,83.7,1,"{'text': 'Partly cloudy', 'icon': '//cdn.weatherapi.com/weather/64x64/day/116.png', 'code': 1003}",3.6,5.8,20,NNE,1012.0,29.87,0.0,0.0,0.0,67,38,31.8,89.3,28.7,83.7,31.8,89.3,22.0,71.7,0,0,0,0,10.0,6.0,4.3,6.9,7.0
1735279200,2024-12-27 14:00,29.9,85.8,1,"{'text': 'Partly cloudy', 'icon': '//cdn.weatherapi.com/weather/64x64/day/116.png', 'code': 1003}",2.0,3.2,35,NE,1010.0,29.84,0.0,0.0,0.0,61,28,33.0,91.4,29.9,85.8,33.0,91.4,21.5,70.7,0,0,0,0,10.0,6.0,2.4,3.8,7.0
1735282800,2024-12-27 15:00,30.7,87.2,1,"{'text': 'Partly cloudy', 'icon': '//cdn.weatherapi.com/weather/64x64/day/116.png', 'code': 1003}",0.7,1.1,88,E,1009.0,29.81,0.0,0.0,0.0,57,45,33.8,92.8,30.7,87.2,33.8,92.8,21.2,70.1,0,45,0,0,10.0,6.0,0.8,1.3,8.0
1735286400,2024-12-27 16:00,30.9,87.6,1,"{'text': 'Patchy rain possible', 'icon': '//cdn.weatherapi.com/weather/64x64/day/176.png', 'code': 1063}",2.5,4.0,169,S,1008.0,29.78,0.07,0.0,0.0,57,52,34.2,93.5,30.9,87.6,34.2,93.5,21.3,70.4,0,45,0,0,10.0,6.0,3.0,4.8,7.0
1735290000,2024-12-27 17:00,29.5,85.0,1,"{'text': 'Light drizzle', 'icon': '//cdn.weatherapi.com/weather/64x64/day/266.png', 'code': 1153}",2.7,4.3,96,E,1008.0,29.78,0.67,0.03,0.0,66,89,33.1,91.6,29.5,85.0,33.1,91.6,22.5,72.5,1,100,0,0,2.0,1.0,3.6,5.9,6.0
1735293600,2024-12-27 18:00,27.4,81.4,1,"{'text': 'Light drizzle', 'icon': '//cdn.weatherapi.com/weather/64x64/day/266.png', 'code': 1153}",3.8,6.1,62,ENE,1009.0,29.8,0.51,0.02,0.0,78,100,30.9,87.6,27.4,81.4,30.9,87.6,23.3,74.0,1,100,0,0,2.0,1.0,5.7,9.3,6.0
1735297200,2024-12-27 19:00,26.7,80.1,1,"{'text': 'Patchy rain possible', 'icon': '//cdn.weatherapi.com/weather/64x64/day/176.png', 'code': 1063}",3.4,5.4,44,NE,1010.0,29.83,0.1,0.0,0.0,81,98,30.0,85.9,26.8,80.2,30.0,85.9,23.3,73.9,1,100,0,0,10.0,6.0,5.5,8.8,6.0
1735300800,2024-12-27 20:00,26.2,79.1,0,"{'text': 'Patchy rain possible', 'icon': '//cdn.weatherapi.com/weather/64x64/night/176.png', 'code': 1063}",5.1,8.3,42,NE,1011.0,29.86,0.01,0.0,0.0,83,87,29.1,84.4,26.2,79.1,29.1,84.4,23.1,73.5,0,45,0,0,10.0,6.0,8.6,13.8,0.0
1735304400,2024-12-27 21:00,25.6,78.0,0,"{'text': 'Cloudy', 'icon': '//cdn.weatherapi.com/weather/64x64/night/119.png', 'code': 1006}",6.3,10.1,49,NE,1012.0,29.89,0.0,0.0,0.0,86,65,28.4,83.1,25.6,78.0,28.4,83.1,23.1,73.6,0,45,0,0,10.0,6.0,10.5,16.9,0.0
1735308000,2024-12-27 22:00,25.2,77.3,0,"{'text': 'Cloudy', 'icon': '//cdn.weatherapi.com/weather/64x64/night/119.png', 'code': 1006}",6.5,10.4,45,NE,1013.0,29.9,0.0,0.0,0.0,88,63,27.9,82.1,25.2,77.3,27.9,82.1,23.0,73.4,0,0,0,0,10.0,6.0,11.1,17.9,0.0
1735311600,2024-12-27 23:00,24.9,76.8,0,"{'text': 'Cloudy', 'icon': '//cdn.weatherapi.com/weather/64x64/night/119.png', 'code': 1006}",6.3,10.1,49,NE,1013.0,29.91,0.0,0.0,0.0,89,66,27.5,81.4,24.9,76.8,27.5,81.4,22.9,73.1,0,0,0,0,10.0,6.0,10.8,17.4,0.0
