time_epoch,time,temp_c,temp_f,is_day,condition,wind_mph,wind_kph,wind_degree,wind_dir,pressure_mb,pressure_in,precip_mm,precip_in,snow_cm,humidity,cloud,feelslike_c,feelslike_f,windchill_c,windchill_f,heatindex_c,heatindex_f,dewpoint_c,dewpoint_f,will_it_rain,chance_of_rain,will_it_snow,chance_of_snow,vis_km,vis_miles,gust_mph,gust_kph,uv
1735488000,2024-12-30 00:00,24.4,75.9,0,"{'text': 'Clear', 'icon': '//cdn.weatherapi.com/weather/64x64/night/113.png', 'code': 1000}",6.5,10.4,15,NNE,1012.0,29.89,0.0,0.0,0.0,91,17,26.9,80.4,24.4,75.9,26.9,80.4,22.8,73.0,0,0,0,0,10.0,6.0,11.5,18.5,0.0
1735491600,2024-12-30 01:00,24.2,75.6,0,"{'text': 'Clear', 'icon': '//cdn.weatherapi.com/weather/64x64/night/113.png', 'code': 1000}",6.5,10.4,15,NNE,1012.0,29.88,0.0,0.0,0.0,91,24,26.7,80.1,24.3,75.7,26.7,80.1,22.7,72.9,0,0,0,0,10.0,6.0,11.5,18.4,0.0
1735495200,2024-12-30 02:00,24.1,75.4,0,"{'text': 'Clear', 'icon': '//cdn.weatherapi.com/weather/64x64/night/113.png', 'code': 1000}",6.5,10.4,9,N,1011.0,29.85,0.0,0.0,0.0,92,24,26.6,79.8,24.1,75.4,26.6,79.8,22.7,72.9,0,0,0,0,10.0,6.0,11.5,18.4,0.0
1735498800,2024-12-30 03:00,24.0,75.1,0,"{'text': 'Partly cloudy', 'icon': '//cdn.weatherapi.com/weather/64x64/night/116.png', 'code': 1003}",6.0,9.7,8,N,1011.0,29.84,0.0,0.0,0.0,93,28,26.4,79.6,24.0,75.1,26.4,79.6,22.7,72.9,0,0,0,0,10.0,6.0,10.6,17.1,0.0
1735502400,2024-12-30 04:00,23.9,74.9,0,"{'text': 'Partly cloudy', 'icon': '//cdn.weatherapi.com/weather/64x64/night/116.png', 'code': 1003}",6.3,10.1,1,N,1010.0,29.83,0.0,0.0,0.0,93,30,26.3,79.4,23.9,74.9,26.3,79.4,22.7,72.8,0,0,0,0,10.0,6.0,10.9,17.6,0.0
1735506000,2024-12-30 05:00,23.8,74.8,0,"{'text': 'Partly cloudy', 'icon': '//cdn.weatherapi.com/weather/64x64/night/116.png', 'code': 1003}",5.8,9.4,3,N,1010.0,29.83,0.0,0.0,0.0,94,31,26.2,79.2,23.8,74.8,26.2,79.2,22.7,72.8,0,0,0,0,10.0,6.0,10.1,16.2,0.0
1735509600,2024-12-30 06:00,23.7,74.7,0,"{'text': 'Partly cloudy', 'icon': '//cdn.weatherapi.com/weather/64x64/night/116.png', 'code': 1003}",5.8,9.4,1,N,1011.0,29.85,0.0,0.0,0.0,94,33,26.2,79.1,23.7,74.7,26.2,79.1,22.7,72.8,0,0,0,0,10.0,6.0,10.1,16.2,0.0
1735513200,2024-12-30 07:00,23.6,74.5,0,"{'text': 'Mist', 'icon': '//cdn.weatherapi.com/weather/64x64/night/143.png', 'code': 1030}",6.5,10.4,4,N,1011.0,29.86,0.0,0.0,0.0,94,34,26.1,78.9,23.6,74.5,26.1,78.9,22.6,72.8,0,0,0,0,2.0,1.0,11.3,18.2,0.0
1735516800,2024-12-30 08:00,24.4,76.0,1,"{'text': 'Partly cloudy', 'icon': '//cdn.weatherapi.com/weather/64x64/day/116.png', 'code': 1003}",6.7,10.8,3,N,1012.0,29.88,0.0,0.0,0.0,93,38,27.1,80.7,24.4,76.0,27.1,80.7,23.2,73.7,0,0,0,0,10.0,6.0,10.2,16.5,6.0
1735520400,2024-12-30 09:00,26.2,79.1,1,"{'text': 'Sunny', 'icon': '//cdn.weatherapi.com/weather/64x64/day/113.png', 'code': 1000}",10.7,17.3,0,N,1012.0,29.89,0.0,0.0,0.0,85,21,29.3,84.8,26.2,79.1,29.3,84.8,23.5,74.2,0,0,0,0,10.0,6.0,13.5,21.8,7.0
1735524000,2024-12-30 10:00,27.7,81.9,1,"{'text': 'Partly cloudy', 'icon': '//cdn.weatherapi.com/weather/64x64/day/116.png', 'code': 1003}",10.7,17.3,9,N,1013.0,29.91,0.0,0.0,0.0,78,61,31.4,88.5,27.7,81.9,31.4,88.5,23.4,74.2,0,45,0,0,10.0,6.0,12.6,20.3,7.0
1735527600,2024-12-30 11:00,29.3,84.7,1,"{'text': 'Patchy rain possible', 'icon': '//cdn.weatherapi.com/weather/64x64/day/176.png', 'code': 1063}",9.4,15.1,11,NNE,1013.0,29.9,0.03,0.0,0.0,70,94,33.4,92.1,29.3,84.7,33.4,92.1,23.2,73.8,0,45,0,0,10.0,6.0,10.8,17.4,6.0
1735531200,2024-12-30 12:00,30.1,86.2,1,"{'text': 'Light drizzle', 'icon': '//cdn.weatherapi.com/weather/64x64/day/266.png', 'code': 1153}",8.9,14.4,9,N,1012.0,29.87,0.39,0.02,0.0,65,88,34.2,93.6,30.1,86.2,34.2,93.6,22.8,73.1,1,100,0,0,2.0,1.0,10.3,16.6,7.0
1735534800,2024-12-30 13:00,29.3,84.8,1,"{'text': 'Light rain shower', 'icon': '//cdn.weatherapi.com/weather/64x64/day/353.png', 'code': 1240}",9.6,15.5,14,NNE,1011.0,29.85,0.64,0.03,0.0,69,89,33.3,91.9,29.3,84.8,33.3,91.9,23.0,73.4,1,100,0,0,10.0,6.0,12.6,20.3,6.0
1735538400,2024-12-30 14:00,29.4,84.9,1,"{'text': 'Patchy light drizzle', 'icon': '//cdn.weatherapi.com/weather/64x64/day/263.png', 'code': 1150}",9.8,15.8,8,N,1010.0,29.82,0.37,0.01,0.0,68,58,33.3,92.0,29.4,84.9,33.3,92.0,23.0,73.3,1,100,0,0,5.0,3.0,12.5,20.1,6.0
1735542000,2024-12-30 15:00,30.1,86.2,1,"{'text': 'Light rain shower', 'icon': '//cdn.weatherapi.com/weather/64x64/day/353.png', 'code': 1240}",9.8,15.8,7,N,1009.0,29.79,0.55,0.02,0.0,66,70,34.5,94.1,30.1,86.2,34.5,94.1,23.2,73.7,1,100,0,0,10.0,6.0,12.2,19.7,7.0
1735545600,2024-12-30 16:00,29.7,85.4,1,"{'text': 'Light rain', 'icon': '//cdn.weatherapi.com/weather/64x64/day/296.png', 'code': 1183}",9.6,15.5,15,NNE,1008.0,29.77,0.81,0.03,0.0,68,83,33.9,92.9,29.7,85.4,33.9,92.9,23.2,73.7,1,100,0,0,9.0,5.0,11.7,18.9,6.0
1735549200,2024-12-30 17:00,28.8,83.9,1,"{'text': 'Light rain shower', 'icon': '//cdn.weatherapi.com/weather/64x64/day/353.png', 'code': 1240}",8.3,13.3,16,NNE,1008.0,29.77,0.77,0.03,0.0,72,70,32.8,91.1,28.9,83.9,32.8,91.1,23.3,73.9,1,100,0,0,10.0,6.0,12.2,19.6,6.0
1735552800,2024-12-30 18:00,28.1,82.6,1,"{'text': 'Patchy light drizzle', 'icon': '//cdn.weatherapi.com/weather/64x64/day/263.png', 'code': 1150}",7.8,12.6,20,NNE,1009.0,29.79,0.65,0.03,0.0,76,54,32.0,89.6,28.1,82.6,32.0,89.6,23.6,74.4,1,100,0,0,5.0,3.0,11.1,17.8,6.0
1735556400,2024-12-30 19:00,26.3,79.4,1,"{'text': 'Patchy rain possible', 'icon': '//cdn.weatherapi.com/weather/64x64/day/176.png', 'code': 1063}",7.2,11.5,19,NNE,1010.0,29.81,0.71,0.03,0.0,84,89,29.4,84.9,26.3,79.4,29.4,84.9,23.3,73.9,1,100,0,0,9.0,5.0,12.2,19.6,6.0
1735560000,2024-12-30 20:00,25.4,77.7,0,"{'text': 'Patchy rain possible', 'icon': '//cdn.weatherapi.com/weather/64x64/night/176.png', 'code': 1063}",7.2,11.5,14,NNE,1011.0,29.84,0.24,0.01,0.0,88,80,28.2,82.7,25.4,77.7,28.2,82.7,23.2,73.7,1,100,0,0,9.0,5.0,12.7,20.4,0.0
1735563600,2024-12-30 21:00,25.0,77.0,0,"{'text': 'Patchy rain possible', 'icon': '//cdn.weatherapi.com/weather/64x64/night/176.png', 'code': 1063}",7.2,11.5,9,N,1012.0,29.88,0.07,0.0,0.0,90,81,27.8,82.0,25.0,77.0,27.8,82.0,23.2,73.8,0,45,0,0,10.0,6.0,12.4,20.0,0.0
1735567200,2024-12-30 22:00,24.8,76.7,0,"{'text': 'Patchy rain possible', 'icon': '//cdn.weatherapi.com/weather/64x64/night/176.png', 'code': 1063}",7.4,11.9,5,N,1013.0,29.9,0.02,0.0,0.0,91,78,27.5,81.6,24.8,76.7,27.5,81.6,23.2,73.8,0,45,0,0,10.0,6.0,12.7,20.4,0.0
1735570800,2024-12-30 23:00,24.6,76.3,0,"{'text': 'Clear', 'icon': '//cdn.weatherapi.com/weather/64x64/night/113.png', 'code': 1000}",6.9,11.2,5,N,1013.0,29.9,0.0,0.0,0.0,91,20,27.3,81.1,24.6,76.3,27.3,81.1,23.1,73.6,0,45,0,0,10.0,6.0,11.9,19.2,0.0
