time_epoch,time,temp_c,temp_f,is_day,condition,wind_mph,wind_kph,wind_degree,wind_dir,pressure_mb,pressure_in,precip_mm,precip_in,snow_cm,humidity,cloud,feelslike_c,feelslike_f,windchill_c,windchill_f,heatindex_c,heatindex_f,dewpoint_c,dewpoint_f,will_it_rain,chance_of_rain,will_it_snow,chance_of_snow,vis_km,vis_miles,gust_mph,gust_kph,uv
1734969600,2024-12-24 00:00,24.2,75.5,0,"{'text': 'Cloudy', 'icon': '//cdn.weatherapi.com/weather/64x64/night/119.png', 'code': 1006}",6.0,9.7,353,N,1010.0,29.83,0.0,0.0,0.0,88,81,26.4,79.6,24.2,75.5,26.4,79.6,22.0,71.6,0,45,0,0,10.0,6.0,10.8,17.4,0.0
1734973200,2024-12-24 01:00,24.0,75.2,0,"{'text': 'Patchy rain possible', 'icon': '//cdn.weatherapi.com/weather/64x64/night/176.png', 'code': 1063}",5.1,8.3,346,NNW,1010.0,29.83,0.13,0.01,0.0,89,73,26.3,79.3,24.0,75.2,26.3,79.3,22.0,71.6,1,100,0,0,10.0,6.0,9.0,14.5,0.0
1734976800,2024-12-24 02:00,23.9,75.0,0,"{'text': 'Light drizzle', 'icon': '//cdn.weatherapi.com/weather/64x64/night/266.png', 'code': 1153}",5.1,8.3,321,NW,1010.0,29.82,0.42,0.02,0.0,90,100,26.2,79.1,23.9,75.0,26.2,79.1,22.1,71.7,1,100,0,0,2.0,1.0,8.7,14.0,0.0
1734980400,2024-12-24 03:00,23.5,74.3,0,"{'text': 'Moderate rain', 'icon': '//cdn.weatherapi.com/weather/64x64/night/302.png', 'code': 1189}",5.8,9.4,290,WNW,1009.0,29.8,3.23,0.13,0.0,95,100,25.9,78.7,23.5,74.3,25.9,78.7,22.6,72.7,1,100,0,0,7.0,4.0,8.7,14.1,0.0
1734984000,2024-12-24 04:00,23.4,74.0,0,"{'text': 'Light rain', 'icon': '//cdn.weatherapi.com/weather/64x64/night/296.png', 'code': 1183}",4.3,6.8,324,NW,1009.0,29.78,1.19,0.05,0.0,96,98,25.8,78.5,23.4,74.0,25.8,78.5,22.7,72.8,1,100,0,0,9.0,5.0,6.3,10.2,0.0
1734987600,2024-12-24 05:00,23.4,74.2,0,"{'text': 'Light rain shower', 'icon': '//cdn.weatherapi.com/weather/64x64/night/353.png', 'code': 1240}",3.4,5.4,30,NNE,1008.0,29.77,0.16,0.01,0.0,95,65,25.9,78.7,23.5,74.2,25.9,78.7,22.7,72.8,1,100,0,0,10.0,6.0,5.2,8.4,0.0
1734991200,2024-12-24 06:00,23.7,74.6,0,"{'text': 'Mist', 'icon': '//cdn.weatherapi.com/weather/64x64/night/143.png', 'code': 1030}",3.6,5.8,10,N,1009.0,29.79,0.01,0.0,0.0,94,70,26.1,79.0,23.7,74.6,26.1,79.0,22.7,72.8,0,45,0,0,2.0,1.0,5.6,9.0,0.0
1734994800,2024-12-24 07:00,23.7,74.6,0,"{'text': 'Partly cloudy', 'icon': '//cdn.weatherapi.com/weather/64x64/night/116.png', 'code': 1003}",5.1,8.3,358,N,1009.0,29.79,0.0,0.0,0.0,94,44,26.1,79.0,23.7,74.6,26.1,79.0,22.6,72.7,0,45,0,0,10.0,6.0,8.2,13.1,0.0
1734998400,2024-12-24 08:00,23.9,75.0,1,"{'text': 'Partly cloudy', 'icon': '//cdn.weatherapi.com/weather/64x64/day/116.png', 'code': 1003}",4.7,7.6,2,N,1009.0,29.81,0.0,0.0,0.0,93,46,26.3,79.4,23.9,75.0,26.3,79.4,22.7,72.9,0,45,0,0,10.0,6.0,7.3,11.7,6.0
1735002000,2024-12-24 09:00,24.2,75.5,1,"{'text': 'Partly cloudy', 'icon': '//cdn.weatherapi.com/weather/64x64/day/116.png', 'code': 1003}",4.0,6.5,4,N,1010.0,29.84,0.0,0.0,0.0,92,50,26.7,80.1,24.2,75.5,26.7,80.1,22.9,73.2,0,45,0,0,10.0,6.0,6.0,9.6,6.0
1735005600,2024-12-24 10:00,24.3,75.7,1,"{'text': 'Partly cloudy', 'icon': '//cdn.weatherapi.com/weather/64x64/day/116.png', 'code': 1003}",4.0,6.5,359,N,1011.0,29.85,0.0,0.0,0.0,92,46,26.8,80.3,24.3,75.7,26.8,80.3,23.0,73.3,0,0,0,0,10.0,6.0,6.0,9.7,6.0
1735009200,2024-12-24 11:00,24.8,76.6,1,"{'text': 'Partly cloudy', 'icon': '//cdn.weatherapi.com/weather/64x64/day/116.png', 'code': 1003}",4.9,7.9,10,N,1010.0,29.84,0.0,0.0,0.0,90,40,27.4,81.3,24.8,76.6,27.4,81.3,23.1,73.5,0,0,0,0,10.0,6.0,7.0,11.3,6.0
1735012800,2024-12-24 12:00,25.5,77.9,1,"{'text': 'Partly cloudy', 'icon': '//cdn.weatherapi.com/weather/64x64/day/116.png', 'code': 1003}",4.5,7.2,355,N,1010.0,29.82,0.0,0.0,0.0,87,28,28.3,83.0,25.5,77.9,28.3,83.0,23.2,73.7,0,0,0,0,10.0,6.0,6.0,9.6,7.0
1735016400,2024-12-24 13:00,27.0,80.6,1,"{'text': 'Sunny', 'icon': '//cdn.weatherapi.com/weather/64x64/day/113.png', 'code': 1000}",4.0,6.5,328,NNW,1009.0,29.8,0.0,0.0,0.0,80,18,30.3,86.5,27.0,80.6,30.3,86.5,23.2,73.8,0,0,0,0,10.0,6.0,5.0,8.1,7.0
1735020000,2024-12-24 14:00,28.9,84.0,1,"{'text': 'Patchy rain possible', 'icon': '//cdn.weatherapi.com/weather/64x64/day/176.png', 'code': 1063}",5.1,8.3,297,WNW,1008.0,29.77,0.04,0.0,0.0,70,88,32.6,90.6,28.9,84.0,32.6,90.6,22.9,73.2,0,45,0,0,10.0,6.0,6.0,9.7,6.0
1735023600,2024-12-24 15:00,28.9,84.0,1,"{'text': 'Partly cloudy', 'icon': '//cdn.weatherapi.com/weather/64x64/day/116.png', 'code': 1003}",5.4,8.6,278,W,1007.0,29.74,0.0,0.0,0.0,68,50,32.3,90.1,28.9,84.0,32.3,90.1,22.4,72.4,0,45,0,0,10.0,6.0,6.9,11.1,7.0
1735027200,2024-12-24 16:00,29.5,85.2,1,"{'text': 'Cloudy', 'icon': '//cdn.weatherapi.com/weather/64x64/day/119.png', 'code': 1006}",4.3,6.8,274,W,1007.0,29.73,0.0,0.0,0.0,64,67,32.9,91.2,29.6,85.2,32.9,91.2,22.0,71.6,0,0,0,0,10.0,6.0,5.3,8.6,6.0
1735030800,2024-12-24 17:00,30.0,85.9,1,"{'text': 'Partly cloudy', 'icon': '//cdn.weatherapi.com/weather/64x64/day/116.png', 'code': 1003}",2.7,4.3,257,WSW,1007.0,29.72,0.0,0.0,0.0,62,42,33.3,91.9,30.0,85.9,33.3,91.9,21.8,71.2,0,0,0,0,10.0,6.0,3.4,5.5,7.0
1735034400,2024-12-24 18:00,29.3,84.7,1,"{'text': 'Patchy light drizzle', 'icon': '//cdn.weatherapi.com/weather/64x64/day/263.png', 'code': 1150}",3.1,5.0,227,SW,1007.0,29.75,0.46,0.02,0.0,68,81,33.1,91.6,29.3,84.7,33.1,91.6,22.8,73.1,1,100,0,0,5.0,3.0,4.4,7.1,6.0
1735038000,2024-12-24 19:00,27.0,80.5,1,"{'text': 'Patchy rain possible', 'icon': '//cdn.weatherapi.com/weather/64x64/day/176.png', 'code': 1063}",3.6,5.8,225,SW,1008.0,29.78,0.27,0.01,0.0,76,73,29.8,85.6,27.0,80.5,29.8,85.6,22.4,72.4,1,100,0,0,9.0,5.0,6.5,10.4,6.0
1735041600,2024-12-24 20:00,25.8,78.4,0,"{'text': 'Patchy rain possible', 'icon': '//cdn.weatherapi.com/weather/64x64/night/176.png', 'code': 1063}",4.5,7.2,218,SW,1009.0,29.8,0.33,0.01,0.0,80,86,28.2,82.8,25.8,78.4,28.2,82.8,22.2,71.9,1,100,0,0,9.0,5.0,8.6,13.9,0.0
1735045200,2024-12-24 21:00,25.8,78.5,0,"{'text': 'Partly cloudy', 'icon': '//cdn.weatherapi.com/weather/64x64/night/116.png', 'code': 1003}",3.6,5.8,220,SW,1010.0,29.83,0.0,0.0,0.0,80,41,28.3,82.9,25.8,78.5,28.3,82.9,22.1,71.9,0,45,0,0,10.0,6.0,6.6,10.6,0.0
1735048800,2024-12-24 22:00,25.7,78.2,0,"{'text': 'Patchy rain possible', 'icon': '//cdn.weatherapi.com/weather/64x64/night/176.png', 'code': 1063}",2.7,4.3,243,WSW,1011.0,29.85,0.02,0.0,0.0,81,88,28.1,82.6,25.7,78.2,28.1,82.6,22.1,71.8,0,45,0,0,10.0,6.0,4.9,7.8,0.0
1735052400,2024-12-24 23:00,25.3,77.6,0,"{'text': 'Patchy rain possible', 'icon': '//cdn.weatherapi.com/weather/64x64/night/176.png', 'code': 1063}",2.0,3.2,308,NW,1011.0,29.85,0.04,0.0,0.0,82,79,27.6,81.8,25.3,77.6,27.6,81.8,22.0,71.7,0,45,0,0,10.0,6.0,3.7,5.9,0.0
