time_epoch,time,temp_c,temp_f,is_day,condition,wind_mph,wind_kph,wind_degree,wind_dir,pressure_mb,pressure_in,precip_mm,precip_in,snow_cm,humidity,cloud,feelslike_c,feelslike_f,windchill_c,windchill_f,heatindex_c,heatindex_f,dewpoint_c,dewpoint_f,will_it_rain,chance_of_rain,will_it_snow,chance_of_snow,vis_km,vis_miles,gust_mph,gust_kph,uv
1735401600,2024-12-29 00:00,24.8,76.7,0,"{'text': 'Clear', 'icon': '//cdn.weatherapi.com/weather/64x64/night/113.png', 'code': 1000}",6.3,10.1,23,NNE,1013.0,29.9,0.0,0.0,0.0,92,23,27.6,81.7,24.8,76.7,27.6,81.7,23.4,74.0,0,0,0,0,10.0,6.0,10.8,17.4,0.0
1735405200,2024-12-29 01:00,24.6,76.3,0,"{'text': 'Partly cloudy', 'icon': '//cdn.weatherapi.com/weather/64x64/night/116.png', 'code': 1003}",6.0,9.7,18,NNE,1012.0,29.89,0.0,0.0,0.0,92,31,27.4,81.2,24.6,76.3,27.4,81.2,23.3,74.0,0,0,0,0,10.0,6.0,10.4,16.7,0.0
1735408800,2024-12-29 02:00,24.5,76.1,0,"{'text': 'Partly cloudy', 'icon': '//cdn.weatherapi.com/weather/64x64/night/116.png', 'code': 1003}",6.0,9.7,20,NNE,1011.0,29.86,0.0,0.0,0.0,93,34,27.2,81.0,24.5,76.1,27.2,81.0,23.3,74.0,0,0,0,0,10.0,6.0,10.2,16.5,0.0
1735412400,2024-12-29 03:00,24.4,75.9,0,"{'text': 'Partly cloudy', 'icon': '//cdn.weatherapi.com/weather/64x64/night/116.png', 'code': 1003}",6.0,9.7,20,NNE,1011.0,29.84,0.0,0.0,0.0,94,44,27.1,80.8,24.4,75.9,27.1,80.8,23.4,74.0,0,0,0,0,10.0,6.0,10.3,16.6,0.0
1735416000,2024-12-29 04:00,24.3,75.8,0,"{'text': 'Partly cloudy', 'icon': '//cdn.weatherapi.com/weather/64x64/night/116.png', 'code': 1003}",5.8,9.4,12,NNE,1010.0,29.83,0.0,0.0,0.0,94,43,27.0,80.6,24.3,75.8,27.0,80.6,23.3,73.9,0,0,0,0,10.0,6.0,10.0,16.1,0.0
1735419600,2024-12-29 05:00,24.2,75.6,0,"{'text': 'Mist', 'icon': '//cdn.weatherapi.com/weather/64x64/night/143.png', 'code': 1030}",5.8,9.4,17,NNE,1010.0,29.83,0.0,0.0,0.0,94,40,26.9,80.4,24.2,75.6,26.9,80.4,23.2,73.8,0,0,0,0,2.0,1.0,10.1,16.2,0.0
1735423200,2024-12-29 06:00,24.2,75.5,0,"{'text': 'Partly cloudy', 'icon': '//cdn.weatherapi.com/weather/64x64/night/116.png', 'code': 1003}",5.6,9.0,14,NNE,1011.0,29.84,0.0,0.0,0.0,94,35,26.8,80.2,24.2,75.5,26.8,80.2,23.1,73.6,0,0,0,0,10.0,6.0,9.8,15.8,0.0
1735426800,2024-12-29 07:00,24.0,75.2,0,"{'text': 'Mist', 'icon': '//cdn.weatherapi.com/weather/64x64/night/143.png', 'code': 1030}",6.0,9.7,13,NNE,1011.0,29.86,0.0,0.0,0.0,94,35,26.6,79.8,24.0,75.2,26.6,79.8,23.0,73.4,0,0,0,0,2.0,1.0,10.5,16.9,0.0
1735430400,2024-12-29 08:00,24.8,76.6,1,"{'text': 'Patchy rain possible', 'icon': '//cdn.weatherapi.com/weather/64x64/day/176.png', 'code': 1063}",5.8,9.4,10,N,1012.0,29.88,0.28,0.01,0.0,92,77,27.6,81.6,24.8,76.6,27.6,81.6,23.4,74.2,1,100,0,0,9.0,5.0,9.1,14.6,5.0
1735434000,2024-12-29 09:00,26.4,79.6,1,"{'text': 'Partly cloudy', 'icon': '//cdn.weatherapi.com/weather/64x64/day/116.png', 'code': 1003}",8.5,13.7,10,N,1013.0,29.9,0.0,0.0,0.0,84,26,29.7,85.5,26.4,79.6,29.7,85.5,23.6,74.5,0,45,0,0,10.0,6.0,10.9,17.5,7.0
1735437600,2024-12-29 10:00,27.8,82.0,1,"{'text': 'Partly cloudy', 'icon': '//cdn.weatherapi.com/weather/64x64/day/116.png', 'code': 1003}",9.6,15.5,12,NNE,1013.0,29.91,0.0,0.0,0.0,78,56,31.6,89.0,27.8,82.0,31.6,89.0,23.7,74.6,0,0,0,0,10.0,6.0,11.4,18.3,7.0
1735441200,2024-12-29 11:00,28.8,83.9,1,"{'text': 'Partly cloudy', 'icon': '//cdn.weatherapi.com/weather/64x64/day/116.png', 'code': 1003}",10.1,16.2,5,N,1013.0,29.9,0.0,0.0,0.0,73,62,33.0,91.3,28.8,83.9,33.0,91.3,23.5,74.3,0,45,0,0,10.0,6.0,11.7,18.8,7.0
1735444800,2024-12-29 12:00,30.3,86.5,1,"{'text': 'Patchy rain possible', 'icon': '//cdn.weatherapi.com/weather/64x64/day/176.png', 'code': 1063}",8.7,14.0,2,N,1012.0,29.87,0.01,0.0,0.0,66,62,34.7,94.5,30.3,86.5,34.7,94.5,23.2,73.7,0,45,0,0,10.0,6.0,10.0,16.2,7.0
1735448400,2024-12-29 13:00,31.2,88.1,1,"{'text': 'Patchy rain possible', 'icon': '//cdn.weatherapi.com/weather/64x64/day/176.png', 'code': 1063}",8.5,13.7,356,N,1010.0,29.84,0.04,0.0,0.0,62,71,35.8,96.4,31.2,88.1,35.8,96.4,22.9,73.3,0,45,0,0,10.0,6.0,10.0,16.2,7.0
1735452000,2024-12-29 14:00,31.4,88.5,1,"{'text': 'Light drizzle', 'icon': '//cdn.weatherapi.com/weather/64x64/day/266.png', 'code': 1153}",8.5,13.7,352,N,1009.0,29.8,0.53,0.02,0.0,60,90,36.0,96.9,31.4,88.5,36.0,96.9,22.8,73.1,1,100,0,0,2.0,1.0,9.8,15.7,7.0
1735455600,2024-12-29 15:00,30.5,86.9,1,"{'text': 'Light rain shower', 'icon': '//cdn.weatherapi.com/weather/64x64/day/353.png', 'code': 1240}",8.1,13.0,356,N,1009.0,29.78,0.98,0.04,0.0,64,85,34.9,94.9,30.5,87.0,34.9,94.9,23.0,73.3,1,100,0,0,10.0,6.0,10.2,16.3,7.0
1735459200,2024-12-29 16:00,29.6,85.2,1,"{'text': 'Patchy light rain', 'icon': '//cdn.weatherapi.com/weather/64x64/day/293.png', 'code': 1180}",7.4,11.9,357,N,1008.0,29.77,0.99,0.04,0.0,69,85,33.8,92.8,29.6,85.2,33.8,92.8,23.2,73.7,1,100,0,0,9.0,5.0,9.5,15.3,6.0
1735462800,2024-12-29 17:00,29.4,84.9,1,"{'text': 'Light rain shower', 'icon': '//cdn.weatherapi.com/weather/64x64/day/353.png', 'code': 1240}",6.7,10.8,4,N,1008.0,29.77,1.09,0.04,0.0,70,72,33.6,92.5,29.4,84.9,33.6,92.5,23.3,73.9,1,100,0,0,10.0,6.0,10.5,16.8,6.0
1735466400,2024-12-29 18:00,28.3,82.9,1,"{'text': 'Light rain shower', 'icon': '//cdn.weatherapi.com/weather/64x64/day/353.png', 'code': 1240}",6.7,10.8,22,NNE,1009.0,29.78,0.97,0.04,0.0,76,73,32.3,90.2,28.3,82.9,32.3,90.2,23.7,74.6,1,100,0,0,10.0,6.0,9.5,15.3,6.0
1735470000,2024-12-29 19:00,26.5,79.8,1,"{'text': 'Patchy rain possible', 'icon': '//cdn.weatherapi.com/weather/64x64/day/176.png', 'code': 1063}",7.2,11.5,26,NNE,1009.0,29.81,0.08,0.0,0.0,83,81,29.8,85.6,26.6,79.8,29.8,85.6,23.4,74.1,0,45,0,0,10.0,6.0,12.6,20.3,6.0
1735473600,2024-12-29 20:00,25.6,78.1,0,"{'text': 'Patchy rain possible', 'icon': '//cdn.weatherapi.com/weather/64x64/night/176.png', 'code': 1063}",7.8,12.6,27,NNE,1010.0,29.83,0.02,0.0,0.0,87,72,28.5,83.3,25.6,78.1,28.5,83.3,23.3,73.9,0,45,0,0,10.0,6.0,13.5,21.7,0.0
1735477200,2024-12-29 21:00,25.1,77.2,0,"{'text': 'Patchy rain possible', 'icon': '//cdn.weatherapi.com/weather/64x64/night/176.png', 'code': 1063}",7.8,12.6,26,NNE,1011.0,29.86,0.02,0.0,0.0,90,70,27.9,82.3,25.1,77.2,27.9,82.3,23.3,73.9,0,45,0,0,10.0,6.0,12.8,20.6,0.0
1735480800,2024-12-29 22:00,24.8,76.7,0,"{'text': 'Patchy rain possible', 'icon': '//cdn.weatherapi.com/weather/64x64/night/176.png', 'code': 1063}",6.7,10.8,15,NNE,1012.0,29.88,0.01,0.0,0.0,91,79,27.6,81.6,24.8,76.7,27.6,81.6,23.3,74.0,0,45,0,0,10.0,6.0,11.2,18.0,0.0
1735484400,2024-12-29 23:00,24.7,76.5,0,"{'text': 'Clear', 'icon': '//cdn.weatherapi.com/weather/64x64/night/113.png', 'code': 1000}",6.9,11.2,12,NNE,1012.0,29.89,0.0,0.0,0.0,92,22,27.4,81.4,24.7,76.5,27.4,81.4,23.3,73.9,0,45,0,0,10.0,6.0,11.8,19.0,0.0
