time_epoch,time,temp_c,temp_f,is_day,condition,wind_mph,wind_kph,wind_degree,wind_dir,pressure_mb,pressure_in,precip_mm,precip_in,snow_cm,humidity,cloud,feelslike_c,feelslike_f,windchill_c,windchill_f,heatindex_c,heatindex_f,dewpoint_c,dewpoint_f,will_it_rain,chance_of_rain,will_it_snow,chance_of_snow,vis_km,vis_miles,gust_mph,gust_kph,uv
1735315200,2024-12-28 00:00,24.8,76.6,0,"{'text': 'Cloudy', 'icon': '//cdn.weatherapi.com/weather/64x64/night/119.png', 'code': 1006}",5.6,9.0,32,NNE,1013.0,29.9,0.0,0.0,0.0,91,80,27.5,81.5,24.8,76.6,27.5,81.5,23.2,73.8,0,0,0,0,10.0,6.0,9.7,15.6,0.0
1735318800,2024-12-28 01:00,24.6,76.4,0,"{'text': 'Partly cloudy', 'icon': '//cdn.weatherapi.com/weather/64x64/night/116.png', 'code': 1003}",5.8,9.4,27,NNE,1012.0,29.89,0.0,0.0,0.0,91,61,27.3,81.1,24.7,76.4,27.3,81.1,23.1,73.6,0,0,0,0,10.0,6.0,10.0,16.2,0.0
1735322400,2024-12-28 02:00,24.5,76.0,0,"{'text': 'Partly cloudy', 'icon': '//cdn.weatherapi.com/weather/64x64/night/116.png', 'code': 1003}",6.3,10.1,31,NNE,1012.0,29.87,0.0,0.0,0.0,92,26,27.1,80.7,24.5,76.0,27.1,80.7,23.1,73.5,0,0,0,0,10.0,6.0,10.8,17.5,0.0
1735326000,2024-12-28 03:00,24.3,75.8,0,"{'text': 'Partly cloudy', 'icon': '//cdn.weatherapi.com/weather/64x64/night/116.png', 'code': 1003}",5.6,9.0,30,NNE,1011.0,29.86,0.0,0.0,0.0,92,28,26.9,80.5,24.3,75.8,26.9,80.5,23.0,73.4,0,0,0,0,10.0,6.0,9.7,15.6,0.0
1735329600,2024-12-28 04:00,24.3,75.7,0,"{'text': 'Partly cloudy', 'icon': '//cdn.weatherapi.com/weather/64x64/night/116.png', 'code': 1003}",5.6,9.0,29,NNE,1010.0,29.84,0.0,0.0,0.0,92,27,26.8,80.3,24.3,75.7,26.8,80.3,23.0,73.3,0,0,0,0,10.0,6.0,9.7,15.6,0.0
1735333200,2024-12-28 05:00,24.2,75.5,0,"{'text': 'Partly cloudy', 'icon': '//cdn.weatherapi.com/weather/64x64/night/116.png', 'code': 1003}",5.6,9.0,29,NNE,1010.0,29.83,0.0,0.0,0.0,92,27,26.7,80.1,24.2,75.5,26.7,80.1,22.9,73.2,0,0,0,0,10.0,6.0,9.7,15.7,0.0
1735336800,2024-12-28 06:00,24.1,75.4,0,"{'text': 'Partly cloudy', 'icon': '//cdn.weatherapi.com/weather/64x64/night/116.png', 'code': 1003}",5.6,9.0,22,NNE,1011.0,29.85,0.0,0.0,0.0,93,26,26.6,79.9,24.1,75.4,26.6,79.9,22.8,73.1,0,0,0,0,10.0,6.0,9.8,15.8,0.0
1735340400,2024-12-28 07:00,24.1,75.3,0,"{'text': 'Partly cloudy', 'icon': '//cdn.weatherapi.com/weather/64x64/night/116.png', 'code': 1003}",5.4,8.6,19,NNE,1011.0,29.86,0.0,0.0,0.0,92,25,26.6,79.8,24.1,75.3,26.6,79.8,22.8,73.0,0,0,0,0,10.0,6.0,9.6,15.4,0.0
1735344000,2024-12-28 08:00,24.8,76.6,1,"{'text': 'Partly cloudy', 'icon': '//cdn.weatherapi.com/weather/64x64/day/116.png', 'code': 1003}",5.6,9.0,15,NNE,1012.0,29.88,0.0,0.0,0.0,91,25,27.5,81.4,24.8,76.6,27.5,81.4,23.2,73.8,0,0,0,0,10.0,6.0,9.0,14.4,6.0
1735347600,2024-12-28 09:00,26.2,79.2,1,"{'text': 'Patchy rain possible', 'icon': '//cdn.weatherapi.com/weather/64x64/day/176.png', 'code': 1063}",7.2,11.5,21,NNE,1013.0,29.91,0.02,0.0,0.0,85,74,29.4,85.0,26.2,79.2,29.4,85.0,23.6,74.4,0,45,0,0,10.0,6.0,9.4,15.0,6.0
1735351200,2024-12-28 10:00,27.6,81.7,1,"{'text': 'Patchy rain possible', 'icon': '//cdn.weatherapi.com/weather/64x64/day/176.png', 'code': 1063}",8.5,13.7,20,NNE,1013.0,29.92,0.04,0.0,0.0,80,60,31.4,88.5,27.6,81.7,31.4,88.5,23.8,74.8,0,45,0,0,10.0,6.0,10.1,16.3,6.0
1735354800,2024-12-28 11:00,28.7,83.6,1,"{'text': 'Cloudy', 'icon': '//cdn.weatherapi.com/weather/64x64/day/119.png', 'code': 1006}",8.1,13.0,17,NNE,1013.0,29.91,0.0,0.0,0.0,73,69,32.7,90.8,28.7,83.6,32.7,90.8,23.4,74.1,0,45,0,0,10.0,6.0,9.3,15.0,6.0
1735358400,2024-12-28 12:00,29.9,85.8,1,"{'text': 'Patchy rain possible', 'icon': '//cdn.weatherapi.com/weather/64x64/day/176.png', 'code': 1063}",7.2,11.5,12,NNE,1012.0,29.87,0.01,0.0,0.0,67,70,34.1,93.3,29.9,85.8,34.1,93.3,23.0,73.4,0,45,0,0,10.0,6.0,8.2,13.2,6.0
1735362000,2024-12-28 13:00,30.7,87.2,1,"{'text': 'Patchy light drizzle', 'icon': '//cdn.weatherapi.com/weather/64x64/day/263.png', 'code': 1150}",6.3,10.1,16,NNE,1011.0,29.84,0.56,0.02,0.0,63,75,35.0,95.1,30.7,87.2,35.0,95.1,22.8,73.1,1,100,0,0,5.0,3.0,7.3,11.7,7.0
1735365600,2024-12-28 14:00,30.3,86.6,1,"{'text': 'Light rain shower', 'icon': '//cdn.weatherapi.com/weather/64x64/day/353.png', 'code': 1240}",7.6,12.2,25,NNE,1010.0,29.82,0.78,0.03,0.0,65,57,34.6,94.4,30.4,86.6,34.6,94.4,22.9,73.2,1,100,0,0,10.0,6.0,9.1,14.7,7.0
1735369200,2024-12-28 15:00,30.0,86.0,1,"{'text': 'Light rain shower', 'icon': '//cdn.weatherapi.com/weather/64x64/day/353.png', 'code': 1240}",8.1,13.0,18,NNE,1009.0,29.79,0.99,0.04,0.0,67,79,34.3,93.8,30.0,86.0,34.3,93.8,23.2,73.7,1,100,0,0,10.0,6.0,10.3,16.6,6.0
1735372800,2024-12-28 16:00,29.5,85.2,1,"{'text': 'Light rain', 'icon': '//cdn.weatherapi.com/weather/64x64/day/296.png', 'code': 1183}",7.4,11.9,10,N,1008.0,29.78,0.93,0.04,0.0,69,81,33.8,92.8,29.5,85.2,33.8,92.8,23.2,73.8,1,100,0,0,9.0,5.0,9.1,14.7,6.0
1735376400,2024-12-28 17:00,29.0,84.3,1,"{'text': 'Light rain shower', 'icon': '//cdn.weatherapi.com/weather/64x64/day/353.png', 'code': 1240}",7.4,11.9,9,N,1008.0,29.77,0.76,0.03,0.0,72,68,33.2,91.7,29.0,84.3,33.2,91.7,23.4,74.1,1,100,0,0,10.0,6.0,11.7,18.9,6.0
1735380000,2024-12-28 18:00,28.1,82.6,1,"{'text': 'Light rain shower', 'icon': '//cdn.weatherapi.com/weather/64x64/day/353.png', 'code': 1240}",5.8,9.4,8,N,1009.0,29.79,0.85,0.03,0.0,77,80,32.1,89.8,28.1,82.6,32.1,89.8,23.8,74.8,1,100,0,0,10.0,6.0,8.2,13.2,6.0
1735383600,2024-12-28 19:00,26.7,80.0,1,"{'text': 'Patchy rain possible', 'icon': '//cdn.weatherapi.com/weather/64x64/day/176.png', 'code': 1063}",4.7,7.6,16,NNE,1010.0,29.81,0.08,0.0,0.0,83,75,30.0,85.9,26.7,80.0,30.0,85.9,23.5,74.2,0,45,0,0,10.0,6.0,8.4,13.6,6.0
1735387200,2024-12-28 20:00,25.9,78.5,0,"{'text': 'Partly cloudy', 'icon': '//cdn.weatherapi.com/weather/64x64/night/116.png', 'code': 1003}",6.3,10.1,35,NE,1010.0,29.84,0.0,0.0,0.0,86,34,28.8,83.9,25.9,78.5,28.8,83.9,23.3,73.9,0,45,0,0,10.0,6.0,11.1,17.9,0.0
1735390800,2024-12-28 21:00,25.2,77.4,0,"{'text': 'Patchy rain possible', 'icon': '//cdn.weatherapi.com/weather/64x64/night/176.png', 'code': 1063}",7.2,11.5,35,NE,1011.0,29.87,0.02,0.0,0.0,89,74,28.1,82.5,25.3,77.5,28.1,82.5,23.3,73.9,0,45,0,0,10.0,6.0,12.5,20.2,0.0
1735394400,2024-12-28 22:00,25.0,77.1,0,"{'text': 'Partly cloudy', 'icon': '//cdn.weatherapi.com/weather/64x64/night/116.png', 'code': 1003}",6.7,10.8,30,NNE,1012.0,29.89,0.0,0.0,0.0,90,36,27.8,82.1,25.0,77.1,27.8,82.1,23.3,73.9,0,0,0,0,10.0,6.0,11.7,18.8,0.0
1735398000,2024-12-28 23:00,24.9,76.9,0,"{'text': 'Patchy rain possible', 'icon': '//cdn.weatherapi.com/weather/64x64/night/176.png', 'code': 1063}",6.0,9.7,23,NNE,1012.0,29.9,0.01,0.0,0.0,90,85,27.7,81.8,24.9,76.9,27.7,81.8,23.3,73.9,0,45,0,0,10.0,6.0,10.4,16.7,0.0
