time_epoch,time,temp_c,temp_f,is_day,condition,wind_mph,wind_kph,wind_degree,wind_dir,pressure_mb,pressure_in,precip_mm,precip_in,snow_cm,humidity,cloud,feelslike_c,feelslike_f,windchill_c,windchill_f,heatindex_c,heatindex_f,dewpoint_c,dewpoint_f,will_it_rain,chance_of_rain,will_it_snow,chance_of_snow,vis_km,vis_miles,gust_mph,gust_kph,uv
1735056000,2024-12-25 00:00,24.7,76.4,0,"{'text': 'Patchy rain possible', 'icon': '//cdn.weatherapi.com/weather/64x64/night/176.png', 'code': 1063}",6.3,10.1,22,NNE,1011.0,29.84,0.04,0.0,0.0,88,85,27.1,80.8,24.7,76.4,27.1,80.8,22.5,72.5,0,45,0,0,10.0,6.0,11.0,17.6,0.0
1735059600,2024-12-25 01:00,24.4,76.0,0,"{'text': 'Patchy rain possible', 'icon': '//cdn.weatherapi.com/weather/64x64/night/176.png', 'code': 1063}",5.4,8.6,10,N,1010.0,29.84,0.01,0.0,0.0,89,59,26.9,80.3,24.4,76.0,26.9,80.3,22.6,72.6,0,45,0,0,10.0,6.0,9.3,15.0,0.0
1735063200,2024-12-25 02:00,24.5,76.1,0,"{'text': 'Partly cloudy', 'icon': '//cdn.weatherapi.com/weather/64x64/night/116.png', 'code': 1003}",5.8,9.4,358,N,1010.0,29.82,0.0,0.0,0.0,89,46,27.0,80.5,24.5,76.1,27.0,80.5,22.7,72.8,0,45,0,0,10.0,6.0,9.7,15.6,0.0
1735066800,2024-12-25 03:00,24.4,75.9,0,"{'text': 'Patchy rain possible', 'icon': '//cdn.weatherapi.com/weather/64x64/night/176.png', 'code': 1063}",5.4,8.6,17,NNE,1009.0,29.8,0.13,0.01,0.0,91,53,26.9,80.4,24.4,75.9,26.9,80.4,22.8,73.0,1,100,0,0,10.0,6.0,8.7,14.0,0.0
1735070400,2024-12-25 04:00,24.1,75.3,0,"{'text': 'Partly cloudy', 'icon': '//cdn.weatherapi.com/weather/64x64/night/116.png', 'code': 1003}",5.4,8.6,14,NNE,1009.0,29.78,0.0,0.0,0.0,93,49,26.5,79.8,24.1,75.3,26.5,79.8,22.8,73.0,0,0,0,0,10.0,6.0,9.1,14.6,0.0
1735074000,2024-12-25 05:00,24.1,75.3,0,"{'text': 'Partly cloudy', 'icon': '//cdn.weatherapi.com/weather/64x64/night/116.png', 'code': 1003}",5.8,9.4,12,NNE,1008.0,29.78,0.0,0.0,0.0,93,43,26.6,79.8,24.1,75.3,26.6,79.8,22.8,73.1,0,0,0,0,10.0,6.0,9.8,15.8,0.0
1735077600,2024-12-25 06:00,24.0,75.1,0,"{'text': 'Partly cloudy', 'icon': '//cdn.weatherapi.com/weather/64x64/night/116.png', 'code': 1003}",6.0,9.7,21,NNE,1009.0,29.79,0.0,0.0,0.0,93,40,26.4,79.6,24.0,75.1,26.4,79.6,22.8,73.0,0,0,0,0,10.0,6.0,10.4,16.7,0.0
1735081200,2024-12-25 07:00,24.0,75.2,0,"{'text': 'Partly cloudy', 'icon': '//cdn.weatherapi.com/weather/64x64/night/116.png', 'code': 1003}",5.1,8.3,27,NNE,1009.0,29.81,0.0,0.0,0.0,93,48,26.5,79.7,24.0,75.2,26.5,79.7,22.7,72.9,0,45,0,0,10.0,6.0,8.7,14.0,0.0
1735084800,2024-12-25 08:00,24.6,76.3,1,"{'text': 'Partly cloudy', 'icon': '//cdn.weatherapi.com/weather/64x64/day/116.png', 'code': 1003}",5.4,8.6,23,NNE,1010.0,29.84,0.0,0.0,0.0,91,61,27.2,81.0,24.6,76.3,27.2,81.0,23.1,73.6,0,0,0,0,10.0,6.0,8.3,13.4,6.0
1735088400,2024-12-25 09:00,25.8,78.4,1,"{'text': 'Partly cloudy', 'icon': '//cdn.weatherapi.com/weather/64x64/day/116.png', 'code': 1003}",6.7,10.8,10,N,1011.0,29.86,0.0,0.0,0.0,86,56,28.7,83.6,25.8,78.4,28.7,83.6,23.2,73.7,0,0,0,0,10.0,6.0,8.9,14.3,7.0
1735092000,2024-12-25 10:00,27.3,81.1,1,"{'text': 'Patchy rain possible', 'icon': '//cdn.weatherapi.com/weather/64x64/day/176.png', 'code': 1063}",8.1,13.0,1,N,1011.0,29.86,0.01,0.0,0.0,80,78,30.8,87.4,27.3,81.1,30.8,87.4,23.4,74.2,0,45,0,0,10.0,6.0,9.6,15.4,6.0
1735095600,2024-12-25 11:00,28.5,83.4,1,"{'text': 'Patchy rain possible', 'icon': '//cdn.weatherapi.com/weather/64x64/day/176.png', 'code': 1063}",7.4,11.9,356,N,1011.0,29.85,0.04,0.0,0.0,74,68,32.5,90.6,28.5,83.4,32.5,90.6,23.5,74.2,0,45,0,0,10.0,6.0,8.5,13.7,6.0
1735099200,2024-12-25 12:00,29.6,85.2,1,"{'text': 'Light rain shower', 'icon': '//cdn.weatherapi.com/weather/64x64/day/353.png', 'code': 1240}",5.4,8.6,343,NNW,1010.0,29.83,0.34,0.01,0.0,68,72,33.7,92.6,29.6,85.2,33.7,92.6,23.0,73.4,1,100,0,0,10.0,6.0,6.2,10.0,6.0
1735102800,2024-12-25 13:00,30.2,86.4,1,"{'text': 'Light rain shower', 'icon': '//cdn.weatherapi.com/weather/64x64/day/353.png', 'code': 1240}",4.0,6.5,321,NW,1009.0,29.8,0.45,0.02,0.0,65,70,34.5,94.1,30.2,86.4,34.5,94.1,23.0,73.3,1,100,0,0,10.0,6.0,5.0,8.0,7.0
1735106400,2024-12-25 14:00,30.1,86.3,1,"{'text': 'Light rain shower', 'icon': '//cdn.weatherapi.com/weather/64x64/day/353.png', 'code': 1240}",3.1,5.0,313,NW,1009.0,29.78,0.78,0.03,0.0,67,89,34.7,94.4,30.2,86.3,34.7,94.4,23.3,73.9,1,100,0,0,10.0,6.0,4.0,6.4,7.0
1735110000,2024-12-25 15:00,28.9,84.0,1,"{'text': 'Light rain shower', 'icon': '//cdn.weatherapi.com/weather/64x64/day/353.png', 'code': 1240}",2.2,3.6,280,W,1008.0,29.77,1.0,0.04,0.0,72,94,33.0,91.4,28.9,84.0,33.0,91.4,23.4,74.2,1,100,0,0,10.0,6.0,2.9,4.7,6.0
1735113600,2024-12-25 16:00,28.1,82.5,1,"{'text': 'Light rain shower', 'icon': '//cdn.weatherapi.com/weather/64x64/day/353.png', 'code': 1240}",1.8,2.9,299,WNW,1008.0,29.76,0.88,0.03,0.0,77,81,32.0,89.6,28.1,82.5,32.0,89.6,23.6,74.5,1,100,0,0,10.0,6.0,2.4,3.9,6.0
1735117200,2024-12-25 17:00,28.1,82.7,1,"{'text': 'Light rain shower', 'icon': '//cdn.weatherapi.com/weather/64x64/day/353.png', 'code': 1240}",3.1,5.0,358,N,1007.0,29.75,1.04,0.04,0.0,76,69,32.0,89.5,28.2,82.7,32.0,89.5,23.4,74.2,1,100,0,0,10.0,6.0,5.0,8.0,6.0
1735120800,2024-12-25 18:00,27.8,82.0,1,"{'text': 'Light rain shower', 'icon': '//cdn.weatherapi.com/weather/64x64/day/353.png', 'code': 1240}",4.3,6.8,14,NNE,1008.0,29.77,0.44,0.02,0.0,78,69,31.7,89.0,27.8,82.0,31.7,89.0,23.7,74.6,1,100,0,0,10.0,6.0,6.0,9.7,6.0
1735124400,2024-12-25 19:00,26.0,78.9,1,"{'text': 'Light rain shower', 'icon': '//cdn.weatherapi.com/weather/64x64/day/353.png', 'code': 1240}",5.6,9.0,21,NNE,1009.0,29.79,1.17,0.05,0.0,87,77,29.3,84.7,26.0,78.9,29.3,84.7,23.7,74.6,1,100,0,0,10.0,6.0,9.9,16.0,6.0
1735128000,2024-12-25 20:00,25.0,77.0,0,"{'text': 'Patchy rain possible', 'icon': '//cdn.weatherapi.com/weather/64x64/night/176.png', 'code': 1063}",6.0,9.7,14,NNE,1010.0,29.82,1.0,0.04,0.0,90,76,27.7,81.9,25.0,77.0,27.7,81.9,23.2,73.8,1,100,0,0,9.0,5.0,11.0,17.7,0.0
1735131600,2024-12-25 21:00,24.7,76.5,0,"{'text': 'Patchy rain possible', 'icon': '//cdn.weatherapi.com/weather/64x64/night/176.png', 'code': 1063}",7.8,12.6,19,NNE,1011.0,29.85,0.07,0.0,0.0,91,83,27.4,81.3,24.7,76.5,27.4,81.3,23.2,73.7,0,45,0,0,10.0,6.0,13.8,22.2,0.0
1735135200,2024-12-25 22:00,24.7,76.4,0,"{'text': 'Patchy rain possible', 'icon': '//cdn.weatherapi.com/weather/64x64/night/176.png', 'code': 1063}",8.3,13.3,17,NNE,1012.0,29.87,0.12,0.0,0.0,90,78,27.3,81.1,24.7,76.4,27.3,81.1,23.0,73.3,1,100,0,0,10.0,6.0,14.4,23.1,0.0
1735138800,2024-12-25 23:00,24.4,76.0,0,"{'text': 'Patchy rain possible', 'icon': '//cdn.weatherapi.com/weather/64x64/night/176.png', 'code': 1063}",6.7,10.8,16,NNE,1012.0,29.88,0.3,0.01,0.0,91,85,27.0,80.5,24.4,76.0,27.0,80.5,22.9,73.2,1,100,0,0,9.0,5.0,11.9,19.2,0.0
