time_epoch,time,temp_c,temp_f,is_day,condition,wind_mph,wind_kph,wind_degree,wind_dir,pressure_mb,pressure_in,precip_mm,precip_in,snow_cm,humidity,cloud,feelslike_c,feelslike_f,windchill_c,windchill_f,heatindex_c,heatindex_f,dewpoint_c,dewpoint_f,will_it_rain,chance_of_rain,will_it_snow,chance_of_snow,vis_km,vis_miles,gust_mph,gust_kph,uv
1735401600,2024-12-29 00:00,24.4,76.0,0,"{'text': 'Partly cloudy', 'icon': '//cdn.weatherapi.com/weather/64x64/night/116.png', 'code': 1003}",8.5,13.7,40,NE,1013.0,29.9,0.0,0.0,0.0,90,44,26.9,80.4,24.4,76.0,26.9,80.4,22.6,72.7,0,0,0,0,10.0,6.0,14.3,23.1,0.0
1735405200,2024-12-29 01:00,24.4,75.8,0,"{'text': 'Clear', 'icon': '//cdn.weatherapi.com/weather/64x64/night/113.png', 'code': 1000}",8.7,14.0,44,NE,1012.0,29.9,0.0,0.0,0.0,90,18,26.8,80.2,24.4,75.8,26.8,80.2,22.6,72.6,0,0,0,0,10.0,6.0,14.6,23.4,0.0
1735408800,2024-12-29 02:00,24.3,75.7,0,"{'text': 'Clear', 'icon': '//cdn.weatherapi.com/weather/64x64/night/113.png', 'code': 1000}",8.7,14.0,48,NE,1012.0,29.87,0.0,0.0,0.0,90,18,26.7,80.0,24.3,75.7,26.7,80.0,22.5,72.6,0,0,0,0,10.0,6.0,14.5,23.4,0.0
1735412400,2024-12-29 03:00,24.2,75.5,0,"{'text': 'Clear', 'icon': '//cdn.weatherapi.com/weather/64x64/night/113.png', 'code': 1000}",8.9,14.4,51,NE,1011.0,29.85,0.0,0.0,0.0,90,19,26.6,79.8,24.2,75.5,26.6,79.8,22.5,72.5,0,0,0,0,10.0,6.0,14.8,23.9,0.0
1735416000,2024-12-29 04:00,24.0,75.3,0,"{'text': 'Clear', 'icon': '//cdn.weatherapi.com/weather/64x64/night/113.png', 'code': 1000}",9.2,14.8,52,NE,1010.0,29.83,0.0,0.0,0.0,90,20,26.4,79.5,24.0,75.3,26.4,79.5,22.3,72.2,0,0,0,0,10.0,6.0,15.1,24.3,0.0
1735419600,2024-12-29 05:00,23.9,75.0,0,"{'text': 'Clear', 'icon': '//cdn.weatherapi.com/weather/64x64/night/113.png', 'code': 1000}",7.8,12.6,61,ENE,1010.0,29.83,0.0,0.0,0.0,90,21,26.2,79.2,23.9,75.1,26.2,79.2,22.2,71.9,0,0,0,0,10.0,6.0,12.8,20.6,0.0
1735423200,2024-12-29 06:00,23.7,74.7,0,"{'text': 'Clear', 'icon': '//cdn.weatherapi.com/weather/64x64/night/113.png', 'code': 1000}",7.8,12.6,63,ENE,1011.0,29.85,0.0,0.0,0.0,91,24,26.0,78.8,23.7,74.7,26.0,78.8,22.1,71.8,0,0,0,0,10.0,6.0,13.0,21.0,0.0
1735426800,2024-12-29 07:00,23.6,74.5,0,"{'text': 'Partly cloudy', 'icon': '//cdn.weatherapi.com/weather/64x64/night/116.png', 'code': 1003}",7.8,12.6,57,ENE,1011.0,29.87,0.0,0.0,0.0,91,62,25.9,78.6,23.6,74.5,25.9,78.6,22.0,71.6,0,0,0,0,10.0,6.0,13.1,21.1,0.0
1735430400,2024-12-29 08:00,23.9,75.0,1,"{'text': 'Partly cloudy', 'icon': '//cdn.weatherapi.com/weather/64x64/day/116.png', 'code': 1003}",7.4,11.9,60,ENE,1012.0,29.89,0.0,0.0,0.0,90,56,26.1,79.1,23.9,74.9,26.1,79.1,22.1,71.7,0,0,0,0,10.0,6.0,12.0,19.3,6.0
1735434000,2024-12-29 09:00,25.2,77.4,1,"{'text': 'Partly cloudy', 'icon': '//cdn.weatherapi.com/weather/64x64/day/116.png', 'code': 1003}",8.7,14.0,65,ENE,1013.0,29.91,0.0,0.0,0.0,84,46,27.7,81.8,25.2,77.4,27.7,81.8,22.4,72.3,0,0,0,0,10.0,6.0,11.9,19.2,7.0
1735437600,2024-12-29 10:00,26.8,80.2,1,"{'text': 'Partly cloudy', 'icon': '//cdn.weatherapi.com/weather/64x64/day/116.png', 'code': 1003}",10.1,16.2,71,ENE,1014.0,29.93,0.0,0.0,0.0,77,42,29.6,85.2,26.8,80.2,29.6,85.2,22.4,72.3,0,0,0,0,10.0,6.0,12.7,20.4,7.0
1735441200,2024-12-29 11:00,28.4,83.1,1,"{'text': 'Partly cloudy', 'icon': '//cdn.weatherapi.com/weather/64x64/day/116.png', 'code': 1003}",10.7,17.3,73,ENE,1014.0,29.93,0.0,0.0,0.0,69,28,31.5,88.8,28.4,83.1,31.5,88.8,22.3,72.1,0,0,0,0,10.0,6.0,12.8,20.6,7.0
1735444800,2024-12-29 12:00,29.5,85.2,1,"{'text': 'Patchy light drizzle', 'icon': '//cdn.weatherapi.com/weather/64x64/day/263.png', 'code': 1150}",9.8,15.8,79,E,1013.0,29.9,0.24,0.01,0.0,64,89,33.0,91.4,29.6,85.2,33.0,91.4,22.1,71.9,1,100,0,0,5.0,3.0,11.7,18.8,6.0
1735448400,2024-12-29 13:00,30.2,86.4,1,"{'text': 'Light rain shower', 'icon': '//cdn.weatherapi.com/weather/64x64/day/353.png', 'code': 1240}",8.3,13.3,82,E,1011.0,29.87,0.2,0.01,0.0,62,80,33.9,93.0,30.2,86.4,33.9,93.0,22.1,71.8,1,100,0,0,10.0,6.0,10.0,16.1,7.0
1735452000,2024-12-29 14:00,30.3,86.5,1,"{'text': 'Light rain shower', 'icon': '//cdn.weatherapi.com/weather/64x64/day/353.png', 'code': 1240}",6.9,11.2,74,ENE,1010.0,29.83,0.48,0.02,0.0,62,91,34.0,93.3,30.3,86.5,34.0,93.3,22.3,72.1,1,100,0,0,10.0,6.0,8.8,14.1,7.0
1735455600,2024-12-29 15:00,28.2,82.7,1,"{'text': 'Light rain shower', 'icon': '//cdn.weatherapi.com/weather/64x64/day/353.png', 'code': 1240}",8.7,14.0,52,NE,1009.0,29.81,0.84,0.03,0.0,75,66,32.0,89.6,28.2,82.7,32.0,89.6,23.4,74.1,1,100,0,0,10.0,6.0,12.5,20.2,6.0
1735459200,2024-12-29 16:00,27.3,81.2,1,"{'text': 'Light rain shower', 'icon': '//cdn.weatherapi.com/weather/64x64/day/353.png', 'code': 1240}",10.5,16.9,52,NE,1009.0,29.79,1.15,0.05,0.0,82,87,31.1,88.0,27.3,81.2,31.1,88.0,23.9,75.0,1,100,0,0,10.0,6.0,15.3,24.6,6.0
1735462800,2024-12-29 17:00,26.9,80.4,1,"{'text': 'Light rain shower', 'icon': '//cdn.weatherapi.com/weather/64x64/day/353.png', 'code': 1240}",12.1,19.4,54,NE,1009.0,29.79,0.96,0.04,0.0,84,83,30.5,86.9,26.9,80.4,30.5,86.9,23.9,75.0,1,100,0,0,10.0,6.0,19.7,31.7,6.0
1735466400,2024-12-29 18:00,26.0,78.8,1,"{'text': 'Light rain shower', 'icon': '//cdn.weatherapi.com/weather/64x64/day/353.png', 'code': 1240}",13.2,21.2,53,NE,1009.0,29.81,0.34,0.01,0.0,86,80,29.2,84.5,26.0,78.8,29.2,84.5,23.6,74.4,1,100,0,0,10.0,6.0,22.8,36.8,6.0
1735470000,2024-12-29 19:00,25.0,77.0,1,"{'text': 'Patchy rain possible', 'icon': '//cdn.weatherapi.com/weather/64x64/day/176.png', 'code': 1063}",13.4,21.6,57,ENE,1010.0,29.83,0.02,0.0,0.0,89,79,27.6,81.7,25.0,77.0,27.6,81.7,23.0,73.3,0,45,0,0,10.0,6.0,23.4,37.7,5.0
1735473600,2024-12-29 20:00,24.5,76.2,0,"{'text': 'Partly cloudy', 'icon': '//cdn.weatherapi.com/weather/64x64/night/116.png', 'code': 1003}",13.6,22.0,59,ENE,1011.0,29.85,0.0,0.0,0.0,89,54,27.0,80.6,24.5,76.2,27.0,80.6,22.6,72.7,0,0,0,0,10.0,6.0,23.8,38.3,0.0
1735477200,2024-12-29 21:00,24.5,76.1,0,"{'text': 'Patchy rain possible', 'icon': '//cdn.weatherapi.com/weather/64x64/night/176.png', 'code': 1063}",13.2,21.2,60,ENE,1012.0,29.88,0.01,0.0,0.0,89,54,26.9,80.5,24.5,76.1,26.9,80.5,22.6,72.7,0,45,0,0,10.0,6.0,20.1,32.3,0.0
1735480800,2024-12-29 22:00,24.5,76.2,0,"{'text': 'Patchy rain possible', 'icon': '//cdn.weatherapi.com/weather/64x64/night/176.png', 'code': 1063}",12.8,20.5,64,ENE,1013.0,29.9,0.04,0.0,0.0,89,57,27.0,80.5,24.5,76.2,27.0,80.5,22.5,72.6,0,45,0,0,10.0,6.0,19.3,31.1,0.0
1735484400,2024-12-29 23:00,24.6,76.3,0,"{'text': 'Patchy rain possible', 'icon': '//cdn.weatherapi.com/weather/64x64/night/176.png', 'code': 1063}",12.8,20.5,64,ENE,1013.0,29.91,0.04,0.0,0.0,88,87,27.1,80.7,24.6,76.3,27.1,80.7,22.5,72.5,0,45,0,0,10.0,6.0,19.3,31.1,0.0
