time_epoch,time,temp_c,temp_f,is_day,condition,wind_mph,wind_kph,wind_degree,wind_dir,pressure_mb,pressure_in,precip_mm,precip_in,snow_cm,humidity,cloud,feelslike_c,feelslike_f,windchill_c,windchill_f,heatindex_c,heatindex_f,dewpoint_c,dewpoint_f,will_it_rain,chance_of_rain,will_it_snow,chance_of_snow,vis_km,vis_miles,gust_mph,gust_kph,uv
1734969600,2024-12-24 00:00,24.1,75.5,0,"{'text': 'Clear', 'icon': '//cdn.weatherapi.com/weather/64x64/night/113.png', 'code': 1000}",8.1,13.0,44,NE,1010.0,29.83,0.0,0.0,0.0,87,17,26.4,79.5,24.1,75.5,26.4,79.5,21.9,71.5,0,0,0,0,10.0,6.0,13.5,21.7,0.0
1734973200,2024-12-24 01:00,23.9,75.0,0,"{'text': 'Clear', 'icon': '//cdn.weatherapi.com/weather/64x64/night/113.png', 'code': 1000}",8.1,13.0,42,NE,1010.0,29.82,0.0,0.0,0.0,88,14,26.1,79.0,23.9,75.0,26.1,79.0,21.8,71.3,0,0,0,0,10.0,6.0,13.7,22.1,0.0
1734976800,2024-12-24 02:00,23.7,74.7,0,"{'text': 'Clear', 'icon': '//cdn.weatherapi.com/weather/64x64/night/113.png', 'code': 1000}",8.5,13.7,40,NE,1009.0,29.81,0.0,0.0,0.0,88,23,25.9,78.7,23.7,74.7,25.9,78.7,21.7,71.0,0,0,0,0,10.0,6.0,14.5,23.3,0.0
1734980400,2024-12-24 03:00,23.6,74.5,0,"{'text': 'Clear', 'icon': '//cdn.weatherapi.com/weather/64x64/night/113.png', 'code': 1000}",7.6,12.2,43,NE,1009.0,29.79,0.0,0.0,0.0,88,13,25.8,78.4,23.6,74.5,25.8,78.4,21.5,70.6,0,0,0,0,10.0,6.0,12.8,20.6,0.0
1734984000,2024-12-24 04:00,23.5,74.3,0,"{'text': 'Clear', 'icon': '//cdn.weatherapi.com/weather/64x64/night/113.png', 'code': 1000}",7.4,11.9,41,NE,1008.0,29.77,0.0,0.0,0.0,88,21,25.7,78.2,23.5,74.3,25.7,78.2,21.3,70.4,0,0,0,0,10.0,6.0,12.4,19.9,0.0
1734987600,2024-12-24 05:00,23.5,74.2,0,"{'text': 'Partly cloudy', 'icon': '//cdn.weatherapi.com/weather/64x64/night/116.png', 'code': 1003}",7.4,11.9,50,NE,1008.0,29.77,0.0,0.0,0.0,87,34,25.6,78.1,23.5,74.2,25.6,78.1,21.3,70.3,0,0,0,0,10.0,6.0,12.3,19.7,0.0
1734991200,2024-12-24 06:00,23.3,74.0,0,"{'text': 'Partly cloudy', 'icon': '//cdn.weatherapi.com/weather/64x64/night/116.png', 'code': 1003}",8.1,13.0,46,NE,1008.0,29.78,0.0,0.0,0.0,88,40,25.5,77.9,23.3,74.0,25.5,77.9,21.2,70.2,0,0,0,0,10.0,6.0,13.4,21.6,0.0
1734994800,2024-12-24 07:00,23.3,73.9,0,"{'text': 'Partly cloudy', 'icon': '//cdn.weatherapi.com/weather/64x64/night/116.png', 'code': 1003}",8.3,13.3,47,NE,1009.0,29.8,0.0,0.0,0.0,88,43,25.5,77.8,23.3,73.9,25.5,77.8,21.2,70.1,0,0,0,0,10.0,6.0,13.9,22.4,0.0
1734998400,2024-12-24 08:00,23.5,74.2,1,"{'text': 'Partly cloudy', 'icon': '//cdn.weatherapi.com/weather/64x64/day/116.png', 'code': 1003}",8.3,13.3,44,NE,1010.0,29.81,0.0,0.0,0.0,88,42,25.6,78.2,23.5,74.2,25.6,78.2,21.4,70.5,0,0,0,0,10.0,6.0,13.5,21.7,6.0
1735002000,2024-12-24 09:00,24.8,76.7,1,"{'text': 'Partly cloudy', 'icon': '//cdn.weatherapi.com/weather/64x64/day/116.png', 'code': 1003}",8.9,14.4,47,NE,1010.0,29.84,0.0,0.0,0.0,84,35,27.1,80.7,24.8,76.7,27.1,80.7,21.9,71.4,0,0,0,0,10.0,6.0,12.2,19.7,6.0
1735005600,2024-12-24 10:00,26.4,79.5,1,"{'text': 'Partly cloudy', 'icon': '//cdn.weatherapi.com/weather/64x64/day/116.png', 'code': 1003}",10.7,17.3,47,NE,1011.0,29.86,0.0,0.0,0.0,78,32,29.0,84.1,26.4,79.5,29.0,84.1,22.3,72.1,0,0,0,0,10.0,6.0,13.3,21.4,7.0
1735009200,2024-12-24 11:00,27.6,81.8,1,"{'text': 'Partly cloudy', 'icon': '//cdn.weatherapi.com/weather/64x64/day/116.png', 'code': 1003}",11.6,18.7,46,NE,1011.0,29.84,0.0,0.0,0.0,73,28,30.6,87.1,27.7,81.8,30.6,87.1,22.3,72.2,0,0,0,0,10.0,6.0,14.0,22.5,7.0
1735012800,2024-12-24 12:00,28.9,84.1,1,"{'text': 'Partly cloudy', 'icon': '//cdn.weatherapi.com/weather/64x64/day/116.png', 'code': 1003}",11.0,17.6,46,NE,1010.0,29.82,0.0,0.0,0.0,68,56,32.3,90.2,28.9,84.1,32.3,90.2,22.4,72.3,0,45,0,0,10.0,6.0,12.8,20.6,7.0
1735016400,2024-12-24 13:00,29.6,85.3,1,"{'text': 'Patchy light drizzle', 'icon': '//cdn.weatherapi.com/weather/64x64/day/263.png', 'code': 1150}",11.0,17.6,41,NE,1009.0,29.8,0.22,0.01,0.0,66,56,33.4,92.1,29.6,85.3,33.4,92.1,22.6,72.7,1,100,0,0,5.0,3.0,13.0,20.9,6.0
1735020000,2024-12-24 14:00,29.7,85.5,1,"{'text': 'Light rain shower', 'icon': '//cdn.weatherapi.com/weather/64x64/day/353.png', 'code': 1240}",12.1,19.4,34,NE,1008.0,29.77,0.18,0.01,0.0,66,52,33.6,92.5,29.7,85.5,33.6,92.5,22.8,73.0,1,100,0,0,10.0,6.0,14.5,23.3,6.0
1735023600,2024-12-24 15:00,29.3,84.7,1,"{'text': 'Light rain shower', 'icon': '//cdn.weatherapi.com/weather/64x64/day/353.png', 'code': 1240}",13.2,21.2,33,NNE,1007.0,29.74,0.46,0.02,0.0,68,64,33.1,91.5,29.3,84.7,33.1,91.5,22.8,73.1,1,100,0,0,10.0,6.0,16.0,25.8,6.0
1735027200,2024-12-24 16:00,28.8,83.9,1,"{'text': 'Light rain shower', 'icon': '//cdn.weatherapi.com/weather/64x64/day/353.png', 'code': 1240}",13.6,22.0,33,NNE,1006.0,29.72,0.27,0.01,0.0,70,67,32.5,90.5,28.8,83.9,32.5,90.5,22.9,73.1,1,100,0,0,10.0,6.0,17.0,27.3,6.0
1735030800,2024-12-24 17:00,28.3,82.9,1,"{'text': 'Patchy rain possible', 'icon': '//cdn.weatherapi.com/weather/64x64/day/176.png', 'code': 1063}",13.9,22.3,36,NE,1006.0,29.72,0.12,0.0,0.0,72,54,31.8,89.2,28.3,82.9,31.8,89.2,22.9,73.1,1,100,0,0,10.0,6.0,18.0,29.0,6.0
1735034400,2024-12-24 18:00,27.2,80.9,1,"{'text': 'Patchy rain possible', 'icon': '//cdn.weatherapi.com/weather/64x64/day/176.png', 'code': 1063}",13.9,22.3,37,NE,1007.0,29.74,0.01,0.0,0.0,75,85,30.0,86.0,27.2,80.9,30.0,86.0,22.3,72.1,0,45,0,0,10.0,6.0,19.8,31.8,6.0
1735038000,2024-12-24 19:00,25.9,78.6,1,"{'text': 'Partly cloudy', 'icon': '//cdn.weatherapi.com/weather/64x64/day/116.png', 'code': 1003}",12.5,20.2,39,NE,1008.0,29.77,0.0,0.0,0.0,76,37,28.1,82.5,25.9,78.6,28.1,82.5,21.4,70.5,0,0,0,0,10.0,6.0,20.0,32.3,7.0
1735041600,2024-12-24 20:00,25.2,77.3,0,"{'text': 'Partly cloudy', 'icon': '//cdn.weatherapi.com/weather/64x64/night/116.png', 'code': 1003}",11.0,17.6,40,NE,1009.0,29.8,0.0,0.0,0.0,78,26,27.2,80.9,25.2,77.3,27.2,80.9,21.0,69.7,0,0,0,0,10.0,6.0,17.7,28.5,0.0
1735045200,2024-12-24 21:00,24.7,76.5,0,"{'text': 'Partly cloudy', 'icon': '//cdn.weatherapi.com/weather/64x64/night/116.png', 'code': 1003}",10.1,16.2,48,NE,1010.0,29.83,0.0,0.0,0.0,79,28,26.7,80.1,24.7,76.5,26.7,80.1,20.9,69.7,0,0,0,0,10.0,6.0,16.7,26.8,0.0
1735048800,2024-12-24 22:00,24.5,76.1,0,"{'text': 'Partly cloudy', 'icon': '//cdn.weatherapi.com/weather/64x64/night/116.png', 'code': 1003}",9.2,14.8,51,NE,1011.0,29.86,0.0,0.0,0.0,81,29,26.5,79.7,24.5,76.1,26.5,79.7,20.9,69.7,0,0,0,0,10.0,6.0,15.5,24.9,0.0
1735052400,2024-12-24 23:00,24.3,75.7,0,"{'text': 'Partly cloudy', 'icon': '//cdn.weatherapi.com/weather/64x64/night/116.png', 'code': 1003}",8.9,14.4,50,NE,1012.0,29.87,0.0,0.0,0.0,82,37,26.3,79.3,24.3,75.7,26.3,79.3,21.0,69.7,0,0,0,0,10.0,6.0,15.3,24.7,0.0
