time_epoch,time,temp_c,temp_f,is_day,condition,wind_mph,wind_kph,wind_degree,wind_dir,pressure_mb,pressure_in,precip_mm,precip_in,snow_cm,humidity,cloud,feelslike_c,feelslike_f,windchill_c,windchill_f,heatindex_c,heatindex_f,dewpoint_c,dewpoint_f,will_it_rain,chance_of_rain,will_it_snow,chance_of_snow,vis_km,vis_miles,gust_mph,gust_kph,uv
1735142400,2024-12-26 00:00,23.7,74.6,0,"{'text': 'Clear', 'icon': '//cdn.weatherapi.com/weather/64x64/night/113.png', 'code': 1000}",7.8,12.6,39,NE,1012.0,29.89,0.0,0.0,0.0,89,14,25.9,78.6,23.7,74.6,25.9,78.6,21.7,71.1,0,0,0,0,10.0,6.0,13.6,21.9,0.0
1735146000,2024-12-26 01:00,23.4,74.1,0,"{'text': 'Clear', 'icon': '//cdn.weatherapi.com/weather/64x64/night/113.png', 'code': 1000}",7.2,11.5,40,NE,1012.0,29.88,0.0,0.0,0.0,90,14,25.6,78.1,23.4,74.1,25.6,78.1,21.7,71.1,0,0,0,0,10.0,6.0,12.7,20.4,0.0
1735149600,2024-12-26 02:00,23.1,73.5,0,"{'text': 'Clear', 'icon': '//cdn.weatherapi.com/weather/64x64/night/113.png', 'code': 1000}",6.3,10.1,39,NE,1012.0,29.88,0.0,0.0,0.0,92,14,25.4,77.6,23.1,73.5,25.4,77.6,21.6,71.0,0,0,0,0,10.0,6.0,11.3,18.2,0.0
1735153200,2024-12-26 03:00,22.9,73.2,0,"{'text': 'Clear', 'icon': '//cdn.weatherapi.com/weather/64x64/night/113.png', 'code': 1000}",6.5,10.4,35,NE,1011.0,29.86,0.0,0.0,0.0,92,15,25.2,77.4,22.9,73.2,25.2,77.4,21.6,70.8,0,0,0,0,10.0,6.0,11.7,18.8,0.0
1735156800,2024-12-26 04:00,22.7,72.9,0,"{'text': 'Clear', 'icon': '//cdn.weatherapi.com/weather/64x64/night/113.png', 'code': 1000}",6.0,9.7,33,NNE,1011.0,29.85,0.0,0.0,0.0,93,17,25.1,77.2,22.8,73.0,25.1,77.2,21.5,70.7,0,0,0,0,10.0,6.0,10.9,17.5,0.0
1735160400,2024-12-26 05:00,22.6,72.8,0,"{'text': 'Clear', 'icon': '//cdn.weatherapi.com/weather/64x64/night/113.png', 'code': 1000}",6.3,10.1,32,NNE,1011.0,29.84,0.0,0.0,0.0,93,19,25.0,77.0,22.7,72.8,25.0,77.0,21.5,70.7,0,0,0,0,10.0,6.0,11.3,18.1,0.0
1735164000,2024-12-26 06:00,22.6,72.6,0,"{'text': 'Clear', 'icon': '//cdn.weatherapi.com/weather/64x64/night/113.png', 'code': 1000}",5.6,9.0,32,NNE,1011.0,29.86,0.0,0.0,0.0,93,20,25.0,76.9,22.6,72.6,25.0,76.9,21.5,70.6,0,0,0,0,10.0,6.0,10.1,16.3,0.0
1735167600,2024-12-26 07:00,22.6,72.6,0,"{'text': 'Clear', 'icon': '//cdn.weatherapi.com/weather/64x64/night/113.png', 'code': 1000}",6.0,9.7,26,NNE,1012.0,29.87,0.0,0.0,0.0,93,23,25.0,76.9,22.6,72.6,25.0,76.9,21.5,70.6,0,0,0,0,10.0,6.0,10.8,17.4,0.0
1735171200,2024-12-26 08:00,22.9,73.3,1,"{'text': 'Sunny', 'icon': '//cdn.weatherapi.com/weather/64x64/day/113.png', 'code': 1000}",5.8,9.4,26,NNE,1012.0,29.89,0.0,0.0,0.0,92,24,25.3,77.5,22.9,73.3,25.3,77.5,21.6,70.9,0,0,0,0,10.0,6.0,9.8,15.8,6.0
1735174800,2024-12-26 09:00,24.6,76.2,1,"{'text': 'Sunny', 'icon': '//cdn.weatherapi.com/weather/64x64/day/113.png', 'code': 1000}",6.3,10.1,29,NNE,1013.0,29.92,0.0,0.0,0.0,86,20,26.9,80.4,24.6,76.2,26.9,80.4,22.2,71.9,0,0,0,0,10.0,6.0,8.5,13.8,6.0
1735178400,2024-12-26 10:00,26.3,79.3,1,"{'text': 'Sunny', 'icon': '//cdn.weatherapi.com/weather/64x64/day/113.png', 'code': 1000}",8.1,13.0,37,NE,1014.0,29.93,0.0,0.0,0.0,79,12,28.9,84.0,26.3,79.3,28.9,84.0,22.4,72.3,0,0,0,0,10.0,6.0,10.0,16.1,7.0
1735182000,2024-12-26 11:00,27.8,82.0,1,"{'text': 'Partly cloudy', 'icon': '//cdn.weatherapi.com/weather/64x64/day/116.png', 'code': 1003}",9.4,15.1,43,NE,1013.0,29.93,0.0,0.0,0.0,71,34,30.7,87.2,27.8,82.0,30.7,87.2,22.1,71.8,0,0,0,0,10.0,6.0,11.3,18.1,7.0
1735185600,2024-12-26 12:00,29.0,84.2,1,"{'text': 'Partly cloudy', 'icon': '//cdn.weatherapi.com/weather/64x64/day/116.png', 'code': 1003}",9.6,15.5,45,NE,1013.0,29.91,0.0,0.0,0.0,66,44,32.2,89.9,29.0,84.2,32.2,89.9,21.9,71.5,0,45,0,0,10.0,6.0,11.3,18.2,7.0
1735189200,2024-12-26 13:00,30.1,86.2,1,"{'text': 'Patchy rain possible', 'icon': '//cdn.weatherapi.com/weather/64x64/day/176.png', 'code': 1063}",8.9,14.4,45,NE,1012.0,29.88,0.01,0.0,0.0,62,86,33.6,92.5,30.1,86.2,33.6,92.5,22.0,71.5,0,45,0,0,10.0,6.0,10.4,16.7,7.0
1735192800,2024-12-26 14:00,30.7,87.3,1,"{'text': 'Partly cloudy', 'icon': '//cdn.weatherapi.com/weather/64x64/day/116.png', 'code': 1003}",8.1,13.0,39,NE,1010.0,29.84,0.0,0.0,0.0,60,55,34.4,93.8,30.7,87.3,34.4,93.8,21.9,71.5,0,0,0,0,10.0,6.0,9.6,15.4,8.0
1735196400,2024-12-26 15:00,30.8,87.5,1,"{'text': 'Partly cloudy', 'icon': '//cdn.weatherapi.com/weather/64x64/day/116.png', 'code': 1003}",8.7,14.0,35,NE,1009.0,29.8,0.0,0.0,0.0,59,47,34.5,94.1,30.8,87.5,34.5,94.1,21.9,71.4,0,45,0,0,10.0,6.0,10.9,17.5,8.0
1735200000,2024-12-26 16:00,30.5,86.9,1,"{'text': 'Partly cloudy', 'icon': '//cdn.weatherapi.com/weather/64x64/day/116.png', 'code': 1003}",8.9,14.4,35,NE,1008.0,29.78,0.0,0.0,0.0,61,46,34.3,93.8,30.5,87.0,34.3,93.8,22.2,71.9,0,45,0,0,10.0,6.0,11.6,18.7,8.0
1735203600,2024-12-26 17:00,29.9,85.8,1,"{'text': 'Patchy rain possible', 'icon': '//cdn.weatherapi.com/weather/64x64/day/176.png', 'code': 1063}",9.2,14.8,35,NE,1008.0,29.77,0.01,0.0,0.0,65,86,33.8,92.8,29.9,85.8,33.8,92.8,22.7,72.8,0,45,0,0,10.0,6.0,12.4,20.0,6.0
1735207200,2024-12-26 18:00,28.5,83.4,1,"{'text': 'Patchy rain possible', 'icon': '//cdn.weatherapi.com/weather/64x64/day/176.png', 'code': 1063}",9.8,15.8,32,NNE,1009.0,29.78,0.01,0.0,0.0,71,82,32.1,89.8,28.5,83.4,32.1,89.8,22.9,73.2,0,45,0,0,10.0,6.0,14.8,23.8,6.0
1735210800,2024-12-26 19:00,26.9,80.5,1,"{'text': 'Sunny', 'icon': '//cdn.weatherapi.com/weather/64x64/day/113.png', 'code': 1000}",9.8,15.8,34,NE,1010.0,29.81,0.0,0.0,0.0,78,7,29.9,85.8,26.9,80.5,29.9,85.8,22.7,72.9,0,45,0,0,10.0,6.0,15.9,25.6,7.0
1735214400,2024-12-26 20:00,26.2,79.2,0,"{'text': 'Clear', 'icon': '//cdn.weatherapi.com/weather/64x64/night/113.png', 'code': 1000}",10.1,16.2,37,NE,1010.0,29.84,0.0,0.0,0.0,81,12,29.0,84.1,26.2,79.2,29.0,84.1,22.6,72.8,0,45,0,0,10.0,6.0,15.7,25.2,0.0
1735218000,2024-12-26 21:00,25.6,78.1,0,"{'text': 'Partly cloudy', 'icon': '//cdn.weatherapi.com/weather/64x64/night/116.png', 'code': 1003}",9.8,15.8,41,NE,1012.0,29.87,0.0,0.0,0.0,84,26,28.2,82.8,25.6,78.1,28.2,82.8,22.6,72.8,0,45,0,0,10.0,6.0,15.1,24.2,0.0
1735221600,2024-12-26 22:00,25.2,77.3,0,"{'text': 'Patchy rain possible', 'icon': '//cdn.weatherapi.com/weather/64x64/night/176.png', 'code': 1063}",8.5,13.7,45,NE,1012.0,29.89,0.01,0.0,0.0,87,71,27.7,81.9,25.2,77.3,27.7,81.9,22.8,73.0,0,45,0,0,10.0,6.0,13.3,21.4,0.0
1735225200,2024-12-26 23:00,25.0,77.0,0,"{'text': 'Patchy rain possible', 'icon': '//cdn.weatherapi.com/weather/64x64/night/176.png', 'code': 1063}",8.1,13.0,43,NE,1012.0,29.89,0.01,0.0,0.0,88,84,27.6,81.6,25.0,76.9,27.6,81.6,22.9,73.2,0,45,0,0,10.0,6.0,12.5,20.1,0.0
