time_epoch,time,temp_c,temp_f,is_day,condition,wind_mph,wind_kph,wind_degree,wind_dir,pressure_mb,pressure_in,precip_mm,precip_in,snow_cm,humidity,cloud,feelslike_c,feelslike_f,windchill_c,windchill_f,heatindex_c,heatindex_f,dewpoint_c,dewpoint_f,will_it_rain,chance_of_rain,will_it_snow,chance_of_snow,vis_km,vis_miles,gust_mph,gust_kph,uv
1735315200,2024-12-28 00:00,24.9,76.8,0,"{'text': 'Patchy rain possible', 'icon': '//cdn.weatherapi.com/weather/64x64/night/176.png', 'code': 1063}",8.1,13.0,39,NE,1012.0,29.89,0.1,0.0,0.0,91,73,27.7,81.8,24.9,76.8,27.7,81.8,23.4,74.0,1,100,0,0,10.0,6.0,13.6,21.8,0.0
1735318800,2024-12-28 01:00,24.6,76.3,0,"{'text': 'Clear', 'icon': '//cdn.weatherapi.com/weather/64x64/night/113.png', 'code': 1000}",7.6,12.2,37,NE,1012.0,29.88,0.0,0.0,0.0,92,21,27.3,81.2,24.6,76.3,27.3,81.2,23.2,73.8,0,0,0,0,10.0,6.0,12.8,20.6,0.0
1735322400,2024-12-28 02:00,24.4,75.8,0,"{'text': 'Clear', 'icon': '//cdn.weatherapi.com/weather/64x64/night/113.png', 'code': 1000}",7.2,11.5,43,NE,1011.0,29.87,0.0,0.0,0.0,93,22,27.0,80.5,24.4,75.8,27.0,80.5,23.1,73.5,0,0,0,0,10.0,6.0,12.2,19.7,0.0
1735326000,2024-12-28 03:00,24.2,75.5,0,"{'text': 'Clear', 'icon': '//cdn.weatherapi.com/weather/64x64/night/113.png', 'code': 1000}",6.7,10.8,48,NE,1011.0,29.85,0.0,0.0,0.0,93,23,26.7,80.0,24.2,75.5,26.7,80.0,22.9,73.3,0,0,0,0,10.0,6.0,11.5,18.5,0.0
1735329600,2024-12-28 04:00,24.0,75.3,0,"{'text': 'Patchy rain possible', 'icon': '//cdn.weatherapi.com/weather/64x64/night/176.png', 'code': 1063}",6.7,10.8,49,NE,1010.0,29.83,0.02,0.0,0.0,93,82,26.6,79.8,24.1,75.3,26.6,79.8,22.8,73.1,0,45,0,0,10.0,6.0,11.4,18.3,0.0
1735333200,2024-12-28 05:00,23.9,75.0,0,"{'text': 'Partly cloudy', 'icon': '//cdn.weatherapi.com/weather/64x64/night/116.png', 'code': 1003}",6.7,10.8,49,NE,1010.0,29.83,0.0,0.0,0.0,93,28,26.3,79.4,23.9,75.0,26.3,79.4,22.7,72.9,0,0,0,0,10.0,6.0,11.3,18.3,0.0
1735336800,2024-12-28 06:00,23.8,74.8,0,"{'text': 'Partly cloudy', 'icon': '//cdn.weatherapi.com/weather/64x64/night/116.png', 'code': 1003}",6.5,10.4,45,NE,1011.0,29.84,0.0,0.0,0.0,94,30,26.2,79.2,23.8,74.8,26.2,79.2,22.7,72.8,0,0,0,0,10.0,6.0,11.0,17.7,0.0
1735340400,2024-12-28 07:00,23.8,74.8,0,"{'text': 'Partly cloudy', 'icon': '//cdn.weatherapi.com/weather/64x64/night/116.png', 'code': 1003}",6.5,10.4,49,NE,1011.0,29.86,0.0,0.0,0.0,93,31,26.2,79.2,23.8,74.8,26.2,79.2,22.6,72.8,0,0,0,0,10.0,6.0,10.9,17.6,0.0
1735344000,2024-12-28 08:00,24.0,75.2,1,"{'text': 'Partly cloudy', 'icon': '//cdn.weatherapi.com/weather/64x64/day/116.png', 'code': 1003}",6.0,9.7,58,ENE,1012.0,29.89,0.0,0.0,0.0,93,30,26.5,79.6,24.0,75.2,26.5,79.6,22.8,73.0,0,0,0,0,10.0,6.0,9.9,15.9,6.0
1735347600,2024-12-28 09:00,25.3,77.6,1,"{'text': 'Partly cloudy', 'icon': '//cdn.weatherapi.com/weather/64x64/day/116.png', 'code': 1003}",7.6,12.2,63,ENE,1013.0,29.91,0.0,0.0,0.0,88,25,28.1,82.6,25.3,77.6,28.1,82.6,23.2,73.8,0,0,0,0,10.0,6.0,10.3,16.6,7.0
1735351200,2024-12-28 10:00,26.8,80.3,1,"{'text': 'Sunny', 'icon': '//cdn.weatherapi.com/weather/64x64/day/113.png', 'code': 1000}",7.8,12.6,67,ENE,1013.0,29.93,0.0,0.0,0.0,81,22,30.0,86.0,26.8,80.3,30.0,86.0,23.2,73.7,0,0,0,0,10.0,6.0,9.8,15.7,7.0
1735354800,2024-12-28 11:00,28.1,82.6,1,"{'text': 'Partly cloudy', 'icon': '//cdn.weatherapi.com/weather/64x64/day/116.png', 'code': 1003}",8.9,14.4,66,ENE,1013.0,29.92,0.0,0.0,0.0,73,30,31.5,88.7,28.1,82.6,31.5,88.7,22.8,73.0,0,0,0,0,10.0,6.0,10.8,17.4,7.0
1735358400,2024-12-28 12:00,29.5,85.1,1,"{'text': 'Partly cloudy', 'icon': '//cdn.weatherapi.com/weather/64x64/day/116.png', 'code': 1003}",8.7,14.0,67,ENE,1012.0,29.89,0.0,0.0,0.0,66,25,33.1,91.6,29.5,85.1,33.1,91.6,22.4,72.4,0,0,0,0,10.0,6.0,10.2,16.4,7.0
1735362000,2024-12-28 13:00,30.7,87.2,1,"{'text': 'Sunny', 'icon': '//cdn.weatherapi.com/weather/64x64/day/113.png', 'code': 1000}",6.9,11.2,72,ENE,1011.0,29.86,0.0,0.0,0.0,60,12,34.5,94.0,30.7,87.2,34.5,94.0,22.1,71.8,0,0,0,0,10.0,6.0,8.0,12.9,8.0
1735365600,2024-12-28 14:00,31.2,88.1,1,"{'text': 'Patchy rain possible', 'icon': '//cdn.weatherapi.com/weather/64x64/day/176.png', 'code': 1063}",4.5,7.2,77,ENE,1010.0,29.82,0.01,0.0,0.0,59,59,35.2,95.4,31.2,88.1,35.2,95.4,22.2,72.0,0,45,0,0,10.0,6.0,5.3,8.6,7.0
1735369200,2024-12-28 15:00,30.6,87.1,1,"{'text': 'Patchy rain possible', 'icon': '//cdn.weatherapi.com/weather/64x64/day/176.png', 'code': 1063}",3.6,5.8,62,ENE,1009.0,29.79,0.14,0.01,0.0,63,63,35.0,94.9,30.6,87.2,35.0,94.9,22.8,73.1,1,100,0,0,10.0,6.0,4.5,7.3,7.0
1735372800,2024-12-28 16:00,29.3,84.7,1,"{'text': 'Patchy light drizzle', 'icon': '//cdn.weatherapi.com/weather/64x64/day/263.png', 'code': 1150}",3.6,5.8,49,NE,1008.0,29.78,0.65,0.03,0.0,72,58,33.7,92.6,29.3,84.7,33.7,92.6,23.6,74.5,1,100,0,0,5.0,3.0,4.9,7.8,6.0
1735376400,2024-12-28 17:00,28.5,83.3,1,"{'text': 'Light rain shower', 'icon': '//cdn.weatherapi.com/weather/64x64/day/353.png', 'code': 1240}",5.1,8.3,53,NE,1008.0,29.77,0.95,0.04,0.0,76,88,32.7,90.8,28.5,83.3,32.7,90.8,23.8,74.8,1,100,0,0,10.0,6.0,7.5,12.0,6.0
1735380000,2024-12-28 18:00,27.6,81.8,1,"{'text': 'Patchy rain possible', 'icon': '//cdn.weatherapi.com/weather/64x64/day/176.png', 'code': 1063}",7.2,11.5,48,NE,1009.0,29.79,1.11,0.04,0.0,80,80,31.6,88.9,27.6,81.8,31.6,88.9,24.0,75.1,1,100,0,0,9.0,5.0,11.0,17.7,6.0
1735383600,2024-12-28 19:00,26.2,79.2,1,"{'text': 'Patchy rain possible', 'icon': '//cdn.weatherapi.com/weather/64x64/day/176.png', 'code': 1063}",7.8,12.6,42,NE,1010.0,29.81,0.55,0.02,0.0,85,80,29.4,84.9,26.2,79.2,29.4,84.9,23.5,74.3,1,100,0,0,9.0,5.0,13.2,21.3,6.0
1735387200,2024-12-28 20:00,25.3,77.6,0,"{'text': 'Patchy rain possible', 'icon': '//cdn.weatherapi.com/weather/64x64/night/176.png', 'code': 1063}",7.8,12.6,40,NE,1010.0,29.84,0.12,0.0,0.0,88,83,28.1,82.7,25.3,77.6,28.1,82.7,23.2,73.8,1,100,0,0,10.0,6.0,13.7,22.1,0.0
1735390800,2024-12-28 21:00,25.0,76.9,0,"{'text': 'Partly cloudy', 'icon': '//cdn.weatherapi.com/weather/64x64/night/116.png', 'code': 1003}",8.1,13.0,37,NE,1011.0,29.86,0.0,0.0,0.0,89,38,27.6,81.7,25.0,76.9,27.6,81.7,23.0,73.5,0,0,0,0,10.0,6.0,14.0,22.6,0.0
1735394400,2024-12-28 22:00,24.8,76.7,0,"{'text': 'Partly cloudy', 'icon': '//cdn.weatherapi.com/weather/64x64/night/116.png', 'code': 1003}",8.7,14.0,39,NE,1012.0,29.89,0.0,0.0,0.0,89,41,27.4,81.4,24.8,76.7,27.4,81.4,23.0,73.3,0,0,0,0,10.0,6.0,14.8,23.9,0.0
1735398000,2024-12-28 23:00,24.6,76.3,0,"{'text': 'Partly cloudy', 'icon': '//cdn.weatherapi.com/weather/64x64/night/116.png', 'code': 1003}",8.7,14.0,42,NE,1013.0,29.9,0.0,0.0,0.0,90,50,27.2,80.9,24.6,76.3,27.2,80.9,22.9,73.1,0,0,0,0,10.0,6.0,14.7,23.6,0.0
