time_epoch,time,temp_c,temp_f,is_day,condition,wind_mph,wind_kph,wind_degree,wind_dir,pressure_mb,pressure_in,precip_mm,precip_in,snow_cm,humidity,cloud,feelslike_c,feelslike_f,windchill_c,windchill_f,heatindex_c,heatindex_f,dewpoint_c,dewpoint_f,will_it_rain,chance_of_rain,will_it_snow,chance_of_snow,vis_km,vis_miles,gust_mph,gust_kph,uv
1734883200,2024-12-23 00:00,24.3,75.7,0,"{'text': 'Clear', 'icon': '//cdn.weatherapi.com/weather/64x64/night/113.png', 'code': 1000}",9.8,15.8,46,NE,1011.0,29.84,0.0,0.0,0.0,81,20,26.3,79.3,24.3,75.7,26.3,79.3,20.9,69.6,0,0,0,0,10.0,6.0,15.9,25.5,0.0
1734886800,2024-12-23 01:00,24.0,75.3,0,"{'text': 'Clear', 'icon': '//cdn.weatherapi.com/weather/64x64/night/113.png', 'code': 1000}",9.8,15.8,50,NE,1011.0,29.84,0.0,0.0,0.0,82,24,26.1,78.9,24.1,75.3,26.1,78.9,20.9,69.5,0,0,0,0,10.0,6.0,16.0,25.8,0.0
1734890400,2024-12-23 02:00,23.9,75.0,0,"{'text': 'Clear', 'icon': '//cdn.weatherapi.com/weather/64x64/night/113.png', 'code': 1000}",9.4,15.1,47,NE,1010.0,29.83,0.0,0.0,0.0,83,21,25.9,78.6,23.9,75.0,25.9,78.6,20.8,69.5,0,0,0,0,10.0,6.0,15.4,24.8,0.0
1734894000,2024-12-23 03:00,23.8,74.8,0,"{'text': 'Partly cloudy', 'icon': '//cdn.weatherapi.com/weather/64x64/night/116.png', 'code': 1003}",9.6,15.5,42,NE,1009.0,29.81,0.0,0.0,0.0,84,26,25.8,78.5,23.8,74.8,25.8,78.5,20.9,69.6,0,0,0,0,10.0,6.0,15.6,25.2,0.0
1734897600,2024-12-23 04:00,23.7,74.7,0,"{'text': 'Partly cloudy', 'icon': '//cdn.weatherapi.com/weather/64x64/night/116.png', 'code': 1003}",9.6,15.5,44,NE,1009.0,29.79,0.0,0.0,0.0,84,34,25.8,78.4,23.7,74.7,25.8,78.4,20.9,69.6,0,0,0,0,10.0,6.0,15.4,24.8,0.0
1734901200,2024-12-23 05:00,23.6,74.4,0,"{'text': 'Partly cloudy', 'icon': '//cdn.weatherapi.com/weather/64x64/night/116.png', 'code': 1003}",8.9,14.4,48,NE,1009.0,29.78,0.0,0.0,0.0,85,33,25.6,78.2,23.6,74.4,25.6,78.2,20.9,69.6,0,0,0,0,10.0,6.0,14.5,23.3,0.0
1734904800,2024-12-23 06:00,23.4,74.0,0,"{'text': 'Partly cloudy', 'icon': '//cdn.weatherapi.com/weather/64x64/night/116.png', 'code': 1003}",8.5,13.7,56,ENE,1009.0,29.79,0.0,0.0,0.0,86,36,25.5,77.9,23.4,74.0,25.5,77.9,20.9,69.7,0,0,0,0,10.0,6.0,14.0,22.6,0.0
1734908400,2024-12-23 07:00,23.3,73.9,0,"{'text': 'Partly cloudy', 'icon': '//cdn.weatherapi.com/weather/64x64/night/116.png', 'code': 1003}",8.5,13.7,51,NE,1009.0,29.81,0.0,0.0,0.0,87,40,25.4,77.8,23.3,73.9,25.4,77.8,20.9,69.7,0,0,0,0,10.0,6.0,14.1,22.7,0.0
1734912000,2024-12-23 08:00,23.4,74.1,1,"{'text': 'Partly cloudy', 'icon': '//cdn.weatherapi.com/weather/64x64/day/116.png', 'code': 1003}",8.5,13.7,48,NE,1010.0,29.83,0.0,0.0,0.0,88,40,25.6,78.0,23.4,74.1,25.6,78.0,21.2,70.2,0,0,0,0,10.0,6.0,14.0,22.5,6.0
1734915600,2024-12-23 09:00,24.6,76.2,1,"{'text': 'Sunny', 'icon': '//cdn.weatherapi.com/weather/64x64/day/113.png', 'code': 1000}",9.2,14.8,54,NE,1011.0,29.85,0.0,0.0,0.0,84,15,26.8,80.2,24.6,76.2,26.8,80.2,21.8,71.2,0,0,0,0,10.0,6.0,13.0,20.9,6.0
1734919200,2024-12-23 10:00,26.0,78.8,1,"{'text': 'Sunny', 'icon': '//cdn.weatherapi.com/weather/64x64/day/113.png', 'code': 1000}",10.7,17.3,55,NE,1011.0,29.87,0.0,0.0,0.0,79,23,28.4,83.2,26.0,78.7,28.4,83.2,22.1,71.8,0,0,0,0,10.0,6.0,13.6,21.9,7.0
1734922800,2024-12-23 11:00,27.1,80.9,1,"{'text': 'Partly cloudy', 'icon': '//cdn.weatherapi.com/weather/64x64/day/116.png', 'code': 1003}",12.3,19.8,50,NE,1011.0,29.85,0.0,0.0,0.0,73,39,29.8,85.6,27.1,80.9,29.8,85.6,22.0,71.6,0,0,0,0,10.0,6.0,15.1,24.4,7.0
1734926400,2024-12-23 12:00,28.2,82.8,1,"{'text': 'Partly cloudy', 'icon': '//cdn.weatherapi.com/weather/64x64/day/116.png', 'code': 1003}",12.5,20.2,47,NE,1010.0,29.83,0.0,0.0,0.0,68,28,31.0,87.8,28.2,82.7,31.0,87.8,21.8,71.2,0,0,0,0,10.0,6.0,15.1,24.2,7.0
1734930000,2024-12-23 13:00,28.9,84.1,1,"{'text': 'Partly cloudy', 'icon': '//cdn.weatherapi.com/weather/64x64/day/116.png', 'code': 1003}",10.7,17.3,44,NE,1009.0,29.8,0.0,0.0,0.0,65,34,31.9,89.5,29.0,84.1,31.9,89.5,21.7,71.1,0,0,0,0,10.0,6.0,12.8,20.6,7.0
1734933600,2024-12-23 14:00,29.3,84.8,1,"{'text': 'Partly cloudy', 'icon': '//cdn.weatherapi.com/weather/64x64/day/116.png', 'code': 1003}",9.2,14.8,43,NE,1008.0,29.78,0.0,0.0,0.0,64,28,32.4,90.4,29.3,84.8,32.4,90.4,21.7,71.1,0,0,0,0,10.0,6.0,11.1,17.9,7.0
1734937200,2024-12-23 15:00,29.4,84.9,1,"{'text': 'Sunny', 'icon': '//cdn.weatherapi.com/weather/64x64/day/113.png', 'code': 1000}",9.4,15.1,37,NE,1007.0,29.74,0.0,0.0,0.0,64,21,32.6,90.7,29.4,84.9,32.6,90.7,21.8,71.3,0,0,0,0,10.0,6.0,11.7,18.8,7.0
1734940800,2024-12-23 16:00,29.3,84.8,1,"{'text': 'Sunny', 'icon': '//cdn.weatherapi.com/weather/64x64/day/113.png', 'code': 1000}",10.3,16.6,34,NE,1006.0,29.71,0.0,0.0,0.0,65,18,32.7,90.8,29.3,84.8,32.7,90.8,22.1,71.8,0,45,0,0,10.0,6.0,13.1,21.0,7.0
1734944400,2024-12-23 17:00,28.9,84.0,1,"{'text': 'Sunny', 'icon': '//cdn.weatherapi.com/weather/64x64/day/113.png', 'code': 1000}",10.3,16.6,34,NE,1006.0,29.7,0.0,0.0,0.0,68,22,32.3,90.1,28.9,84.0,32.3,90.1,22.4,72.4,0,45,0,0,10.0,6.0,13.6,21.9,7.0
1734948000,2024-12-23 18:00,27.8,82.1,1,"{'text': 'Patchy rain possible', 'icon': '//cdn.weatherapi.com/weather/64x64/day/176.png', 'code': 1063}",9.8,15.8,33,NNE,1006.0,29.72,0.01,0.0,0.0,72,81,30.8,87.5,27.8,82.1,30.8,87.5,22.3,72.2,0,45,0,0,10.0,6.0,14.1,22.8,6.0
1734951600,2024-12-23 19:00,26.1,79.0,1,"{'text': 'Patchy rain possible', 'icon': '//cdn.weatherapi.com/weather/64x64/day/176.png', 'code': 1063}",9.6,15.5,35,NE,1007.0,29.75,0.01,0.0,0.0,77,71,28.5,83.4,26.1,79.1,28.5,83.4,21.9,71.4,0,45,0,0,10.0,6.0,15.5,25.0,6.0
1734955200,2024-12-23 20:00,25.2,77.3,0,"{'text': 'Partly cloudy', 'icon': '//cdn.weatherapi.com/weather/64x64/night/116.png', 'code': 1003}",9.4,15.1,38,NE,1009.0,29.78,0.0,0.0,0.0,80,25,27.4,81.2,25.2,77.3,27.4,81.2,21.5,70.8,0,45,0,0,10.0,6.0,15.4,24.7,0.0
1734958800,2024-12-23 21:00,24.7,76.5,0,"{'text': 'Clear', 'icon': '//cdn.weatherapi.com/weather/64x64/night/113.png', 'code': 1000}",9.8,15.8,37,NE,1010.0,29.81,0.0,0.0,0.0,82,19,26.8,80.3,24.7,76.5,26.8,80.3,21.4,70.6,0,45,0,0,10.0,6.0,16.1,26.0,0.0
1734962400,2024-12-23 22:00,24.3,75.7,0,"{'text': 'Clear', 'icon': '//cdn.weatherapi.com/weather/64x64/night/113.png', 'code': 1000}",9.2,14.8,42,NE,1010.0,29.84,0.0,0.0,0.0,84,18,26.4,79.4,24.3,75.7,26.4,79.4,21.3,70.4,0,0,0,0,10.0,6.0,15.4,24.8,0.0
1734966000,2024-12-23 23:00,24.1,75.3,0,"{'text': 'Clear', 'icon': '//cdn.weatherapi.com/weather/64x64/night/113.png', 'code': 1000}",9.2,14.8,41,NE,1010.0,29.84,0.0,0.0,0.0,84,14,26.1,79.1,24.1,75.3,26.1,79.1,21.2,70.2,0,0,0,0,10.0,6.0,15.5,24.9,0.0
