time_epoch,time,temp_c,temp_f,is_day,condition,wind_mph,wind_kph,wind_degree,wind_dir,pressure_mb,pressure_in,precip_mm,precip_in,snow_cm,humidity,cloud,feelslike_c,feelslike_f,windchill_c,windchill_f,heatindex_c,heatindex_f,dewpoint_c,dewpoint_f,will_it_rain,chance_of_rain,will_it_snow,chance_of_snow,vis_km,vis_miles,gust_mph,gust_kph,uv
1735056000,2024-12-25 00:00,24.0,75.2,0,"{'text': 'Partly cloudy', 'icon': '//cdn.weatherapi.com/weather/64x64/night/116.png', 'code': 1003}",9.4,15.1,47,NE,1012.0,29.87,0.0,0.0,0.0,83,50,26.0,78.8,24.0,75.2,26.0,78.8,20.9,69.6,0,0,0,0,10.0,6.0,15.9,25.5,0.0
1735059600,2024-12-25 01:00,23.9,75.0,0,"{'text': 'Partly cloudy', 'icon': '//cdn.weatherapi.com/weather/64x64/night/116.png', 'code': 1003}",9.2,14.8,44,NE,1011.0,29.87,0.0,0.0,0.0,83,48,25.9,78.7,23.9,75.0,25.9,78.7,20.9,69.7,0,0,0,0,10.0,6.0,15.4,24.7,0.0
1735063200,2024-12-25 02:00,23.7,74.7,0,"{'text': 'Partly cloudy', 'icon': '//cdn.weatherapi.com/weather/64x64/night/116.png', 'code': 1003}",9.2,14.8,41,NE,1011.0,29.86,0.0,0.0,0.0,84,34,25.8,78.4,23.7,74.7,25.8,78.4,20.9,69.6,0,0,0,0,10.0,6.0,15.4,24.8,0.0
1735066800,2024-12-25 03:00,23.5,74.2,0,"{'text': 'Partly cloudy', 'icon': '//cdn.weatherapi.com/weather/64x64/night/116.png', 'code': 1003}",8.5,13.7,41,NE,1010.0,29.84,0.0,0.0,0.0,85,28,25.6,78.0,23.5,74.2,25.6,78.0,20.9,69.6,0,0,0,0,10.0,6.0,14.5,23.3,0.0
1735070400,2024-12-25 04:00,23.2,73.8,0,"{'text': 'Partly cloudy', 'icon': '//cdn.weatherapi.com/weather/64x64/night/116.png', 'code': 1003}",7.8,12.6,44,NE,1010.0,29.82,0.0,0.0,0.0,87,28,25.4,77.7,23.2,73.8,25.4,77.7,20.9,69.6,0,0,0,0,10.0,6.0,13.4,21.5,0.0
1735074000,2024-12-25 05:00,22.9,73.1,0,"{'text': 'Partly cloudy', 'icon': '//cdn.weatherapi.com/weather/64x64/night/116.png', 'code': 1003}",7.2,11.5,40,NE,1009.0,29.8,0.0,0.0,0.0,89,29,25.1,77.2,22.9,73.1,25.1,77.2,20.9,69.6,0,0,0,0,10.0,6.0,12.5,20.2,0.0
1735077600,2024-12-25 06:00,22.7,72.8,0,"{'text': 'Clear', 'icon': '//cdn.weatherapi.com/weather/64x64/night/113.png', 'code': 1000}",6.9,11.2,41,NE,1010.0,29.82,0.0,0.0,0.0,90,14,25.0,77.0,22.7,72.8,25.0,77.0,21.0,69.8,0,0,0,0,10.0,6.0,12.2,19.6,0.0
1735081200,2024-12-25 07:00,22.6,72.6,0,"{'text': 'Clear', 'icon': '//cdn.weatherapi.com/weather/64x64/night/113.png', 'code': 1000}",7.2,11.5,39,NE,1010.0,29.83,0.0,0.0,0.0,91,16,24.9,76.8,22.6,72.6,24.9,76.8,21.1,69.9,0,0,0,0,10.0,6.0,12.7,20.4,0.0
1735084800,2024-12-25 08:00,22.8,73.0,1,"{'text': 'Sunny', 'icon': '//cdn.weatherapi.com/weather/64x64/day/113.png', 'code': 1000}",6.5,10.4,36,NE,1011.0,29.84,0.0,0.0,0.0,91,17,25.1,77.1,22.8,73.0,25.1,77.1,21.2,70.1,0,0,0,0,10.0,6.0,11.0,17.7,6.0
1735088400,2024-12-25 09:00,24.2,75.5,1,"{'text': 'Sunny', 'icon': '//cdn.weatherapi.com/weather/64x64/day/113.png', 'code': 1000}",5.6,9.0,39,NE,1011.0,29.87,0.0,0.0,0.0,86,15,26.4,79.4,24.2,75.5,26.4,79.4,21.6,71.0,0,0,0,0,10.0,6.0,7.8,12.6,6.0
1735092000,2024-12-25 10:00,25.7,78.3,1,"{'text': 'Sunny', 'icon': '//cdn.weatherapi.com/weather/64x64/day/113.png', 'code': 1000}",6.7,10.8,37,NE,1012.0,29.89,0.0,0.0,0.0,79,13,28.0,82.4,25.7,78.3,28.0,82.4,21.8,71.2,0,0,0,0,10.0,6.0,8.5,13.6,7.0
1735095600,2024-12-25 11:00,27.3,81.1,1,"{'text': 'Sunny', 'icon': '//cdn.weatherapi.com/weather/64x64/day/113.png', 'code': 1000}",8.3,13.3,39,NE,1012.0,29.88,0.0,0.0,0.0,71,19,29.8,85.6,27.3,81.1,29.8,85.6,21.6,70.9,0,0,0,0,10.0,6.0,9.9,15.9,7.0
1735099200,2024-12-25 12:00,28.4,83.2,1,"{'text': 'Sunny', 'icon': '//cdn.weatherapi.com/weather/64x64/day/113.png', 'code': 1000}",9.6,15.5,39,NE,1011.0,29.86,0.0,0.0,0.0,65,22,31.0,87.9,28.4,83.2,31.0,87.9,21.3,70.3,0,45,0,0,10.0,6.0,11.3,18.3,7.0
1735102800,2024-12-25 13:00,29.3,84.8,1,"{'text': 'Sunny', 'icon': '//cdn.weatherapi.com/weather/64x64/day/113.png', 'code': 1000}",10.1,16.2,38,NE,1010.0,29.83,0.0,0.0,0.0,62,9,32.1,89.8,29.3,84.8,32.1,89.8,21.2,70.1,0,0,0,0,10.0,6.0,12.0,19.3,7.0
1735106400,2024-12-25 14:00,30.3,86.5,1,"{'text': 'Partly cloudy', 'icon': '//cdn.weatherapi.com/weather/64x64/day/116.png', 'code': 1003}",9.6,15.5,41,NE,1009.0,29.81,0.0,0.0,0.0,59,50,33.3,92.0,30.3,86.5,33.3,92.0,21.2,70.2,0,45,0,0,10.0,6.0,11.5,18.5,8.0
1735110000,2024-12-25 15:00,30.5,86.9,1,"{'text': 'Partly cloudy', 'icon': '//cdn.weatherapi.com/weather/64x64/day/116.png', 'code': 1003}",10.7,17.3,37,NE,1008.0,29.78,0.0,0.0,0.0,58,48,33.6,92.6,30.5,86.9,33.6,92.6,21.2,70.2,0,45,0,0,10.0,6.0,13.4,21.6,8.0
1735113600,2024-12-25 16:00,29.9,85.9,1,"{'text': 'Patchy rain possible', 'icon': '//cdn.weatherapi.com/weather/64x64/day/176.png', 'code': 1063}",11.2,18.0,31,NNE,1008.0,29.75,0.01,0.0,0.0,62,70,33.3,92.0,29.9,85.9,33.3,92.0,21.9,71.4,0,45,0,0,10.0,6.0,14.8,23.8,6.0
1735117200,2024-12-25 17:00,29.0,84.2,1,"{'text': 'Patchy rain possible', 'icon': '//cdn.weatherapi.com/weather/64x64/day/176.png', 'code': 1063}",10.7,17.3,26,NNE,1008.0,29.75,0.01,0.0,0.0,66,79,32.3,90.1,29.0,84.2,32.3,90.1,22.1,71.8,0,45,0,0,10.0,6.0,15.0,24.2,6.0
1735120800,2024-12-25 18:00,27.8,82.1,1,"{'text': 'Sunny', 'icon': '//cdn.weatherapi.com/weather/64x64/day/113.png', 'code': 1000}",10.1,16.2,30,NNE,1008.0,29.77,0.0,0.0,0.0,71,8,30.8,87.4,27.8,82.1,30.8,87.4,22.2,71.9,0,45,0,0,10.0,6.0,15.3,24.6,7.0
1735124400,2024-12-25 19:00,26.2,79.1,1,"{'text': 'Patchy rain possible', 'icon': '//cdn.weatherapi.com/weather/64x64/day/176.png', 'code': 1063}",8.5,13.7,35,NE,1009.0,29.8,0.01,0.0,0.0,78,84,28.6,83.5,26.2,79.1,28.6,83.5,22.0,71.5,0,45,0,0,10.0,6.0,14.5,23.4,6.0
1735128000,2024-12-25 20:00,25.0,77.1,0,"{'text': 'Clear', 'icon': '//cdn.weatherapi.com/weather/64x64/night/113.png', 'code': 1000}",7.2,11.5,38,NE,1010.0,29.82,0.0,0.0,0.0,81,12,27.2,81.0,25.0,77.1,27.2,81.0,21.6,70.9,0,45,0,0,10.0,6.0,12.9,20.8,0.0
1735131600,2024-12-25 21:00,24.6,76.2,0,"{'text': 'Clear', 'icon': '//cdn.weatherapi.com/weather/64x64/night/113.png', 'code': 1000}",7.2,11.5,41,NE,1011.0,29.85,0.0,0.0,0.0,84,12,26.7,80.1,24.6,76.2,26.7,80.1,21.6,71.0,0,0,0,0,10.0,6.0,12.8,20.7,0.0
1735135200,2024-12-25 22:00,24.4,76.0,0,"{'text': 'Clear', 'icon': '//cdn.weatherapi.com/weather/64x64/night/113.png', 'code': 1000}",6.5,10.4,41,NE,1012.0,29.87,0.0,0.0,0.0,85,14,26.6,79.9,24.4,76.0,26.6,79.9,21.7,71.0,0,0,0,0,10.0,6.0,11.5,18.5,0.0
1735138800,2024-12-25 23:00,24.3,75.8,0,"{'text': 'Clear', 'icon': '//cdn.weatherapi.com/weather/64x64/night/113.png', 'code': 1000}",6.7,10.8,34,NE,1012.0,29.89,0.0,0.0,0.0,85,17,26.5,79.8,24.3,75.8,26.5,79.8,21.7,71.1,0,0,0,0,10.0,6.0,11.8,19.0,0.0
