time_epoch,time,temp_c,temp_f,is_day,condition,wind_mph,wind_kph,wind_degree,wind_dir,pressure_mb,pressure_in,precip_mm,precip_in,snow_cm,humidity,cloud,feelslike_c,feelslike_f,windchill_c,windchill_f,heatindex_c,heatindex_f,dewpoint_c,dewpoint_f,will_it_rain,chance_of_rain,will_it_snow,chance_of_snow,vis_km,vis_miles,gust_mph,gust_kph,uv
1735488000,2024-12-30 00:00,24.9,76.8,0,"{'text': 'Partly cloudy', 'icon': '//cdn.weatherapi.com/weather/64x64/night/116.png', 'code': 1003}",12.5,20.2,57,ENE,1012.0,29.9,0.0,0.0,0.0,87,38,27.3,81.1,24.9,76.7,27.3,81.1,22.5,72.4,0,0,0,0,10.0,6.0,19.1,30.7,0.0
1735491600,2024-12-30 01:00,24.9,76.8,0,"{'text': 'Partly cloudy', 'icon': '//cdn.weatherapi.com/weather/64x64/night/116.png', 'code': 1003}",12.5,20.2,58,ENE,1012.0,29.89,0.0,0.0,0.0,86,41,27.3,81.1,24.9,76.7,27.3,81.1,22.4,72.2,0,0,0,0,10.0,6.0,18.9,30.5,0.0
1735495200,2024-12-30 02:00,24.7,76.5,0,"{'text': 'Cloudy', 'icon': '//cdn.weatherapi.com/weather/64x64/night/119.png', 'code': 1006}",12.3,19.8,58,ENE,1011.0,29.87,0.0,0.0,0.0,86,85,27.1,80.8,24.8,76.6,27.1,80.8,22.2,72.0,0,45,0,0,10.0,6.0,18.7,30.0,0.0
1735498800,2024-12-30 03:00,24.8,76.6,0,"{'text': 'Cloudy', 'icon': '//cdn.weatherapi.com/weather/64x64/night/119.png', 'code': 1006}",12.3,19.8,58,ENE,1011.0,29.85,0.0,0.0,0.0,85,73,27.1,80.8,24.8,76.6,27.1,80.8,22.1,71.7,0,0,0,0,10.0,6.0,18.5,29.8,0.0
1735502400,2024-12-30 04:00,24.9,76.9,0,"{'text': 'Patchy rain possible', 'icon': '//cdn.weatherapi.com/weather/64x64/night/176.png', 'code': 1063}",11.6,18.7,58,ENE,1010.0,29.83,0.02,0.0,0.0,84,63,27.2,80.9,24.9,76.9,27.2,80.9,22.0,71.5,0,45,0,0,10.0,6.0,17.3,27.8,0.0
1735506000,2024-12-30 05:00,24.8,76.7,0,"{'text': 'Patchy rain possible', 'icon': '//cdn.weatherapi.com/weather/64x64/night/176.png', 'code': 1063}",11.2,18.0,60,ENE,1010.0,29.84,0.13,0.01,0.0,84,75,27.1,80.7,24.8,76.7,27.1,80.7,21.9,71.5,1,100,0,0,10.0,6.0,16.9,27.1,0.0
1735509600,2024-12-30 06:00,24.4,76.0,0,"{'text': 'Light rain shower', 'icon': '//cdn.weatherapi.com/weather/64x64/night/353.png', 'code': 1240}",10.1,16.2,57,ENE,1011.0,29.85,0.19,0.01,0.0,87,77,26.7,80.0,24.4,76.0,26.7,80.0,22.0,71.7,1,100,0,0,10.0,6.0,15.6,25.1,0.0
1735513200,2024-12-30 07:00,24.1,75.4,0,"{'text': 'Patchy rain possible', 'icon': '//cdn.weatherapi.com/weather/64x64/night/176.png', 'code': 1063}",8.9,14.4,55,NE,1012.0,29.87,0.12,0.0,0.0,88,97,26.4,79.5,24.1,75.4,26.4,79.5,22.1,71.8,1,100,0,0,10.0,6.0,14.2,22.9,0.0
1735516800,2024-12-30 08:00,24.1,75.3,1,"{'text': 'Patchy rain possible', 'icon': '//cdn.weatherapi.com/weather/64x64/day/176.png', 'code': 1063}",8.5,13.7,57,ENE,1012.0,29.89,0.08,0.0,0.0,89,70,26.4,79.5,24.1,75.3,26.4,79.5,22.2,71.9,0,45,0,0,10.0,6.0,13.8,22.2,5.0
1735520400,2024-12-30 09:00,24.4,75.9,1,"{'text': 'Patchy rain possible', 'icon': '//cdn.weatherapi.com/weather/64x64/day/176.png', 'code': 1063}",8.1,13.0,60,ENE,1013.0,29.92,0.06,0.0,0.0,88,54,26.7,80.1,24.4,75.9,26.7,80.1,22.3,72.1,0,45,0,0,10.0,6.0,13.0,20.8,5.0
1735524000,2024-12-30 10:00,24.9,76.7,1,"{'text': 'Patchy rain possible', 'icon': '//cdn.weatherapi.com/weather/64x64/day/176.png', 'code': 1063}",8.1,13.0,63,ENE,1014.0,29.94,0.01,0.0,0.0,86,51,27.3,81.1,24.9,76.7,27.3,81.1,22.4,72.3,0,45,0,0,10.0,6.0,12.5,20.1,5.0
1735527600,2024-12-30 11:00,25.8,78.4,1,"{'text': 'Partly cloudy', 'icon': '//cdn.weatherapi.com/weather/64x64/day/116.png', 'code': 1003}",9.4,15.1,59,ENE,1014.0,29.94,0.0,0.0,0.0,82,49,28.3,83.0,25.8,78.4,28.3,83.0,22.5,72.4,0,0,0,0,10.0,6.0,13.2,21.3,7.0
1735531200,2024-12-30 12:00,26.1,79.0,1,"{'text': 'Partly cloudy', 'icon': '//cdn.weatherapi.com/weather/64x64/day/116.png', 'code': 1003}",10.7,17.3,57,ENE,1013.0,29.91,0.0,0.0,0.0,79,47,28.6,83.6,26.1,79.0,28.6,83.6,22.2,72.0,0,45,0,0,10.0,6.0,14.8,23.8,7.0
1735534800,2024-12-30 13:00,27.6,81.7,1,"{'text': 'Partly cloudy', 'icon': '//cdn.weatherapi.com/weather/64x64/day/116.png', 'code': 1003}",12.5,20.2,59,ENE,1012.0,29.88,0.0,0.0,0.0,73,49,30.5,86.9,27.6,81.7,30.5,86.9,22.2,72.0,0,0,0,0,10.0,6.0,15.1,24.2,7.0
1735538400,2024-12-30 14:00,29.2,84.6,1,"{'text': 'Partly cloudy', 'icon': '//cdn.weatherapi.com/weather/64x64/day/116.png', 'code': 1003}",12.5,20.2,59,ENE,1011.0,29.85,0.0,0.0,0.0,65,37,32.4,90.3,29.2,84.6,32.4,90.3,21.9,71.5,0,0,0,0,10.0,6.0,14.6,23.4,7.0
1735542000,2024-12-30 15:00,29.8,85.7,1,"{'text': 'Partly cloudy', 'icon': '//cdn.weatherapi.com/weather/64x64/day/116.png', 'code': 1003}",11.9,19.1,55,NE,1010.0,29.81,0.0,0.0,0.0,63,36,33.2,91.8,29.8,85.7,33.2,91.8,21.9,71.5,0,0,0,0,10.0,6.0,14.2,22.9,7.0
1735545600,2024-12-30 16:00,29.6,85.3,1,"{'text': 'Partly cloudy', 'icon': '//cdn.weatherapi.com/weather/64x64/day/116.png', 'code': 1003}",11.9,19.1,56,ENE,1009.0,29.78,0.0,0.0,0.0,64,44,33.0,91.5,29.6,85.3,33.0,91.5,22.0,71.7,0,45,0,0,10.0,6.0,15.1,24.3,7.0
1735549200,2024-12-30 17:00,28.9,84.0,1,"{'text': 'Partly cloudy', 'icon': '//cdn.weatherapi.com/weather/64x64/day/116.png', 'code': 1003}",11.9,19.1,57,ENE,1008.0,29.78,0.0,0.0,0.0,69,25,32.3,90.2,28.9,84.0,32.3,90.2,22.5,72.5,0,45,0,0,10.0,6.0,16.2,26.0,7.0
1735552800,2024-12-30 18:00,27.6,81.7,1,"{'text': 'Partly cloudy', 'icon': '//cdn.weatherapi.com/weather/64x64/day/116.png', 'code': 1003}",11.9,19.1,55,NE,1009.0,29.8,0.0,0.0,0.0,73,27,30.6,87.0,27.6,81.7,30.6,87.0,22.4,72.2,0,0,0,0,10.0,6.0,17.5,28.1,7.0
1735556400,2024-12-30 19:00,26.2,79.2,1,"{'text': 'Partly cloudy', 'icon': '//cdn.weatherapi.com/weather/64x64/day/116.png', 'code': 1003}",11.0,17.6,49,NE,1010.0,29.82,0.0,0.0,0.0,78,26,28.7,83.6,26.2,79.2,28.7,83.6,22.0,71.6,0,0,0,0,10.0,6.0,17.1,27.5,7.0
1735560000,2024-12-30 20:00,25.5,78.0,0,"{'text': 'Partly cloudy', 'icon': '//cdn.weatherapi.com/weather/64x64/night/116.png', 'code': 1003}",10.1,16.2,45,NE,1010.0,29.84,0.0,0.0,0.0,80,25,27.8,82.1,25.6,78.0,27.8,82.1,21.8,71.3,0,0,0,0,10.0,6.0,15.7,25.2,0.0
1735563600,2024-12-30 21:00,25.3,77.5,0,"{'text': 'Partly cloudy', 'icon': '//cdn.weatherapi.com/weather/64x64/night/116.png', 'code': 1003}",9.6,15.5,46,NE,1012.0,29.87,0.0,0.0,0.0,82,34,27.6,81.6,25.3,77.5,27.6,81.6,21.9,71.4,0,0,0,0,10.0,6.0,15.1,24.2,0.0
1735567200,2024-12-30 22:00,25.1,77.2,0,"{'text': 'Partly cloudy', 'icon': '//cdn.weatherapi.com/weather/64x64/night/116.png', 'code': 1003}",9.4,15.1,45,NE,1013.0,29.9,0.0,0.0,0.0,83,55,27.4,81.3,25.1,77.2,27.4,81.3,22.0,71.7,0,0,0,0,10.0,6.0,14.8,23.8,0.0
1735570800,2024-12-30 23:00,25.0,77.0,0,"{'text': 'Cloudy', 'icon': '//cdn.weatherapi.com/weather/64x64/night/119.png', 'code': 1006}",8.9,14.4,45,NE,1013.0,29.91,0.0,0.0,0.0,85,65,27.4,81.2,25.0,77.0,27.4,81.2,22.2,72.0,0,0,0,0,10.0,6.0,14.3,23.0,0.0
