time_epoch,time,temp_c,temp_f,is_day,condition,wind_mph,wind_kph,wind_degree,wind_dir,pressure_mb,pressure_in,precip_mm,precip_in,snow_cm,humidity,cloud,feelslike_c,feelslike_f,windchill_c,windchill_f,heatindex_c,heatindex_f,dewpoint_c,dewpoint_f,will_it_rain,chance_of_rain,will_it_snow,chance_of_snow,vis_km,vis_miles,gust_mph,gust_kph,uv
1735228800,2024-12-27 00:00,24.2,75.6,0,"{'text': 'Partly cloudy', 'icon': '//cdn.weatherapi.com/weather/64x64/night/116.png', 'code': 1003}",7.4,11.9,44,NE,1012.0,29.88,0.0,0.0,0.0,90,36,26.6,80.0,24.2,75.6,26.6,80.0,22.6,72.6,0,0,0,0,10.0,6.0,12.3,19.9,0.0
1735232400,2024-12-27 01:00,24.2,75.5,0,"{'text': 'Partly cloudy', 'icon': '//cdn.weatherapi.com/weather/64x64/night/116.png', 'code': 1003}",7.2,11.5,45,NE,1012.0,29.88,0.0,0.0,0.0,91,39,26.6,79.9,24.2,75.5,26.6,79.9,22.6,72.7,0,0,0,0,10.0,6.0,11.9,19.2,0.0
1735236000,2024-12-27 02:00,24.1,75.5,0,"{'text': 'Partly cloudy', 'icon': '//cdn.weatherapi.com/weather/64x64/night/116.png', 'code': 1003}",7.4,11.9,44,NE,1011.0,29.87,0.0,0.0,0.0,91,41,26.6,79.8,24.1,75.5,26.6,79.8,22.6,72.8,0,0,0,0,10.0,6.0,12.2,19.7,0.0
1735239600,2024-12-27 03:00,23.9,75.1,0,"{'text': 'Partly cloudy', 'icon': '//cdn.weatherapi.com/weather/64x64/night/116.png', 'code': 1003}",6.7,10.8,47,NE,1011.0,29.86,0.0,0.0,0.0,93,36,26.4,79.5,23.9,75.1,26.4,79.5,22.7,72.8,0,0,0,0,10.0,6.0,11.3,18.1,0.0
1735243200,2024-12-27 04:00,23.7,74.6,0,"{'text': 'Partly cloudy', 'icon': '//cdn.weatherapi.com/weather/64x64/night/116.png', 'code': 1003}",6.7,10.8,41,NE,1011.0,29.84,0.0,0.0,0.0,94,33,26.1,79.0,23.7,74.6,26.1,79.0,22.6,72.7,0,0,0,0,10.0,6.0,11.5,18.5,0.0
1735246800,2024-12-27 05:00,23.6,74.5,0,"{'text': 'Mist', 'icon': '//cdn.weatherapi.com/weather/64x64/night/143.png', 'code': 1030}",6.0,9.7,38,NE,1010.0,29.83,0.0,0.0,0.0,94,34,26.1,78.9,23.6,74.5,26.1,78.9,22.6,72.7,0,0,0,0,2.0,1.0,10.4,16.7,0.0
1735250400,2024-12-27 06:00,23.7,74.6,0,"{'text': 'Partly cloudy', 'icon': '//cdn.weatherapi.com/weather/64x64/night/116.png', 'code': 1003}",5.4,8.6,43,NE,1011.0,29.85,0.0,0.0,0.0,94,40,26.1,79.0,23.7,74.6,26.1,79.0,22.6,72.7,0,45,0,0,10.0,6.0,9.1,14.7,0.0
1735254000,2024-12-27 07:00,23.6,74.4,0,"{'text': 'Partly cloudy', 'icon': '//cdn.weatherapi.com/weather/64x64/night/116.png', 'code': 1003}",4.7,7.6,47,NE,1011.0,29.87,0.0,0.0,0.0,94,32,26.0,78.8,23.6,74.4,26.0,78.8,22.5,72.5,0,45,0,0,10.0,6.0,8.1,13.0,0.0
1735257600,2024-12-27 08:00,23.9,75.0,1,"{'text': 'Partly cloudy', 'icon': '//cdn.weatherapi.com/weather/64x64/day/116.png', 'code': 1003}",4.7,7.6,50,NE,1012.0,29.88,0.0,0.0,0.0,93,35,26.3,79.4,23.9,75.0,26.3,79.4,22.6,72.7,0,0,0,0,10.0,6.0,7.7,12.3,6.0
1735261200,2024-12-27 09:00,25.3,77.5,1,"{'text': 'Partly cloudy', 'icon': '//cdn.weatherapi.com/weather/64x64/day/116.png', 'code': 1003}",5.6,9.0,45,NE,1013.0,29.91,0.0,0.0,0.0,87,32,28.0,82.3,25.3,77.5,28.0,82.3,22.9,73.3,0,0,0,0,10.0,6.0,7.5,12.1,7.0
1735264800,2024-12-27 10:00,26.9,80.5,1,"{'text': 'Partly cloudy', 'icon': '//cdn.weatherapi.com/weather/64x64/day/116.png', 'code': 1003}",6.5,10.4,53,NE,1014.0,29.93,0.0,0.0,0.0,78,29,30.0,85.9,26.9,80.5,30.0,85.9,22.9,73.1,0,0,0,0,10.0,6.0,8.0,12.9,7.0
1735268400,2024-12-27 11:00,28.4,83.2,1,"{'text': 'Partly cloudy', 'icon': '//cdn.weatherapi.com/weather/64x64/day/116.png', 'code': 1003}",6.0,9.7,59,ENE,1013.0,29.93,0.0,0.0,0.0,71,29,31.8,89.2,28.4,83.2,31.8,89.2,22.6,72.6,0,0,0,0,10.0,6.0,7.1,11.5,7.0
1735272000,2024-12-27 12:00,29.6,85.3,1,"{'text': 'Patchy rain possible', 'icon': '//cdn.weatherapi.com/weather/64x64/day/176.png', 'code': 1063}",5.1,8.3,63,ENE,1013.0,29.9,0.04,0.0,0.0,66,73,33.3,91.9,29.6,85.2,33.3,91.9,22.5,72.5,0,45,0,0,10.0,6.0,5.9,9.5,6.0
1735275600,2024-12-27 13:00,29.7,85.5,1,"{'text': 'Patchy rain possible', 'icon': '//cdn.weatherapi.com/weather/64x64/day/176.png', 'code': 1063}",4.9,7.9,60,ENE,1012.0,29.87,0.28,0.01,0.0,67,72,33.7,92.7,29.7,85.5,33.7,92.7,22.9,73.1,1,100,0,0,9.0,5.0,6.1,9.8,6.0
1735279200,2024-12-27 14:00,29.8,85.7,1,"{'text': 'Light rain shower', 'icon': '//cdn.weatherapi.com/weather/64x64/day/353.png', 'code': 1240}",5.8,9.4,47,NE,1011.0,29.84,0.4,0.02,0.0,67,61,33.9,93.0,29.8,85.7,33.9,93.0,22.9,73.3,1,100,0,0,10.0,6.0,7.9,12.7,6.0
1735282800,2024-12-27 15:00,29.6,85.2,1,"{'text': 'Light rain shower', 'icon': '//cdn.weatherapi.com/weather/64x64/day/353.png', 'code': 1240}",5.8,9.4,45,NE,1010.0,29.82,0.78,0.03,0.0,68,89,33.8,92.8,29.6,85.2,33.8,92.8,23.2,73.7,1,100,0,0,10.0,6.0,7.3,11.7,6.0
1735286400,2024-12-27 16:00,28.6,83.5,1,"{'text': 'Light rain shower', 'icon': '//cdn.weatherapi.com/weather/64x64/day/353.png', 'code': 1240}",6.3,10.1,40,NE,1009.0,29.8,0.6,0.02,0.0,74,75,32.7,90.8,28.6,83.5,32.7,90.8,23.5,74.3,1,100,0,0,10.0,6.0,8.6,13.8,6.0
1735290000,2024-12-27 17:00,28.4,83.1,1,"{'text': 'Patchy rain possible', 'icon': '//cdn.weatherapi.com/weather/64x64/day/176.png', 'code': 1063}",7.2,11.5,39,NE,1009.0,29.79,0.64,0.03,0.0,75,72,32.4,90.4,28.4,83.1,32.4,90.4,23.6,74.5,1,100,0,0,9.0,5.0,10.6,17.1,6.0
1735293600,2024-12-27 18:00,28.2,82.7,1,"{'text': 'Patchy rain possible', 'icon': '//cdn.weatherapi.com/weather/64x64/day/176.png', 'code': 1063}",6.7,10.8,40,NE,1009.0,29.8,0.07,0.0,0.0,77,76,32.2,90.0,28.2,82.7,32.2,90.0,23.7,74.7,0,45,0,0,10.0,6.0,10.3,16.6,6.0
1735297200,2024-12-27 19:00,27.0,80.6,1,"{'text': 'Partly cloudy', 'icon': '//cdn.weatherapi.com/weather/64x64/day/116.png', 'code': 1003}",6.5,10.4,38,NE,1010.0,29.82,0.0,0.0,0.0,81,26,30.3,86.6,27.0,80.6,30.3,86.6,23.4,74.1,0,45,0,0,10.0,6.0,10.5,17.0,7.0
1735300800,2024-12-27 20:00,26.0,78.7,0,"{'text': 'Clear', 'icon': '//cdn.weatherapi.com/weather/64x64/night/113.png', 'code': 1000}",6.0,9.7,37,NE,1011.0,29.84,0.0,0.0,0.0,85,24,28.9,83.9,26.0,78.7,28.9,83.9,23.1,73.7,0,45,0,0,10.0,6.0,10.4,16.7,0.0
1735304400,2024-12-27 21:00,25.4,77.7,0,"{'text': 'Clear', 'icon': '//cdn.weatherapi.com/weather/64x64/night/113.png', 'code': 1000}",6.5,10.4,38,NE,1012.0,29.87,0.0,0.0,0.0,87,23,28.1,82.6,25.4,77.7,28.1,82.6,23.1,73.5,0,45,0,0,10.0,6.0,11.2,18.1,0.0
1735308000,2024-12-27 22:00,25.0,77.0,0,"{'text': 'Clear', 'icon': '//cdn.weatherapi.com/weather/64x64/night/113.png', 'code': 1000}",6.9,11.2,42,NE,1012.0,29.9,0.0,0.0,0.0,89,23,27.7,81.8,25.0,77.0,27.7,81.8,23.0,73.4,0,45,0,0,10.0,6.0,12.0,19.4,0.0
1735311600,2024-12-27 23:00,24.7,76.5,0,"{'text': 'Clear', 'icon': '//cdn.weatherapi.com/weather/64x64/night/113.png', 'code': 1000}",6.7,10.8,37,NE,1013.0,29.9,0.0,0.0,0.0,90,25,27.4,81.2,24.8,76.6,27.4,81.2,23.0,73.4,0,0,0,0,10.0,6.0,11.5,18.5,0.0
