time_epoch,time,temp_c,temp_f,is_day,condition,wind_mph,wind_kph,wind_degree,wind_dir,pressure_mb,pressure_in,precip_mm,precip_in,snow_cm,humidity,cloud,feelslike_c,feelslike_f,windchill_c,windchill_f,heatindex_c,heatindex_f,dewpoint_c,dewpoint_f,will_it_rain,chance_of_rain,will_it_snow,chance_of_snow,vis_km,vis_miles,gust_mph,gust_kph,uv
1734883200,2024-12-23 00:00,24.8,76.7,0,"{'text': 'Partly cloudy', 'icon': '//cdn.weatherapi.com/weather/64x64/night/116.png', 'code': 1003}",7.4,11.9,176,S,1010.0,29.82,0.0,0.0,0.0,80,30,26.8,80.3,24.8,76.7,26.8,80.3,21.1,70.0,0,0,0,0,10.0,6.0,11.8,19.0,0.0
1734886800,2024-12-23 01:00,24.8,76.6,0,"{'text': 'Partly cloudy', 'icon': '//cdn.weatherapi.com/weather/64x64/night/116.png', 'code': 1003}",7.6,12.2,180,S,1009.0,29.81,0.0,0.0,0.0,80,37,26.8,80.3,24.8,76.6,26.8,80.3,21.1,69.9,0,0,0,0,10.0,6.0,12.2,19.7,0.0
1734890400,2024-12-23 02:00,24.7,76.4,0,"{'text': 'Partly cloudy', 'icon': '//cdn.weatherapi.com/weather/64x64/night/116.png', 'code': 1003}",7.6,12.2,177,S,1009.0,29.79,0.0,0.0,0.0,80,46,26.7,80.0,24.7,76.4,26.7,80.0,21.0,69.7,0,0,0,0,10.0,6.0,12.4,19.9,0.0
1734894000,2024-12-23 03:00,24.7,76.4,0,"{'text': 'Partly cloudy', 'icon': '//cdn.weatherapi.com/weather/64x64/night/116.png', 'code': 1003}",7.6,12.2,179,S,1008.0,29.76,0.0,0.0,0.0,80,56,26.7,80.0,24.7,76.4,26.7,80.0,20.9,69.7,0,0,0,0,10.0,6.0,12.3,19.8,0.0
1734897600,2024-12-23 04:00,24.7,76.5,0,"{'text': 'Partly cloudy', 'icon': '//cdn.weatherapi.com/weather/64x64/night/116.png', 'code': 1003}",7.8,12.6,184,S,1008.0,29.77,0.0,0.0,0.0,80,32,26.7,80.1,24.7,76.5,26.7,80.1,21.0,69.8,0,0,0,0,10.0,6.0,12.5,20.1,0.0
1734901200,2024-12-23 05:00,24.7,76.5,0,"{'text': 'Partly cloudy', 'icon': '//cdn.weatherapi.com/weather/64x64/night/116.png', 'code': 1003}",8.5,13.7,186,S,1008.0,29.77,0.0,0.0,0.0,80,38,26.7,80.1,24.7,76.5,26.7,80.1,21.1,69.9,0,0,0,0,10.0,6.0,13.6,21.8,0.0
1734904800,2024-12-23 06:00,24.8,76.6,0,"{'text': 'Partly cloudy', 'icon': '//cdn.weatherapi.com/weather/64x64/night/116.png', 'code': 1003}",8.3,13.3,189,S,1008.0,29.78,0.0,0.0,0.0,80,34,26.8,80.3,24.8,76.6,26.8,80.3,21.1,70.0,0,0,0,0,10.0,6.0,13.2,21.2,0.0
1734908400,2024-12-23 07:00,25.0,76.9,1,"{'text': 'Partly cloudy', 'icon': '//cdn.weatherapi.com/weather/64x64/day/116.png', 'code': 1003}",8.7,14.0,193,SSW,1009.0,29.8,0.0,0.0,0.0,81,31,27.1,80.7,25.0,76.9,27.1,80.7,21.4,70.5,0,0,0,0,10.0,6.0,13.6,21.8,6.0
1734912000,2024-12-23 08:00,25.7,78.3,1,"{'text': 'Partly cloudy', 'icon': '//cdn.weatherapi.com/weather/64x64/day/116.png', 'code': 1003}",9.2,14.8,196,SSW,1010.0,29.82,0.0,0.0,0.0,80,49,28.1,82.5,25.7,78.3,28.1,82.5,22.0,71.6,0,0,0,0,10.0,6.0,12.8,20.6,7.0
1734915600,2024-12-23 09:00,26.5,79.8,1,"{'text': 'Partly cloudy', 'icon': '//cdn.weatherapi.com/weather/64x64/day/116.png', 'code': 1003}",9.8,15.8,202,SSW,1010.0,29.84,0.0,0.0,0.0,77,45,29.2,84.6,26.6,79.8,29.2,84.6,22.3,72.1,0,0,0,0,10.0,6.0,12.3,19.7,7.0
1734919200,2024-12-23 10:00,27.3,81.1,1,"{'text': 'Partly cloudy', 'icon': '//cdn.weatherapi.com/weather/64x64/day/116.png', 'code': 1003}",11.0,17.6,211,SSW,1010.0,29.84,0.0,0.0,0.0,75,33,30.2,86.3,27.3,81.1,30.2,86.3,22.4,72.4,0,0,0,0,10.0,6.0,12.9,20.8,7.0
1734922800,2024-12-23 11:00,27.8,82.0,1,"{'text': 'Sunny', 'icon': '//cdn.weatherapi.com/weather/64x64/day/113.png', 'code': 1000}",11.4,18.4,219,SW,1010.0,29.83,0.0,0.0,0.0,73,23,30.9,87.7,27.8,82.0,30.9,87.7,22.6,72.7,0,45,0,0,10.0,6.0,13.2,21.3,7.0
1734926400,2024-12-23 12:00,27.8,82.0,1,"{'text': 'Sunny', 'icon': '//cdn.weatherapi.com/weather/64x64/day/113.png', 'code': 1000}",12.1,19.4,232,SW,1009.0,29.81,0.0,0.0,0.0,75,15,31.2,88.1,27.8,82.0,31.2,88.1,23.0,73.4,0,0,0,0,10.0,6.0,14.1,22.6,7.0
1734930000,2024-12-23 13:00,27.9,82.2,1,"{'text': 'Sunny', 'icon': '//cdn.weatherapi.com/weather/64x64/day/113.png', 'code': 1000}",11.6,18.7,235,SW,1009.0,29.78,0.0,0.0,0.0,75,11,31.4,88.4,27.9,82.2,31.4,88.4,23.1,73.5,0,0,0,0,10.0,6.0,13.7,22.1,7.0
1734933600,2024-12-23 14:00,28.2,82.8,1,"{'text': 'Sunny', 'icon': '//cdn.weatherapi.com/weather/64x64/day/113.png', 'code': 1000}",12.8,20.5,237,WSW,1008.0,29.76,0.0,0.0,0.0,74,13,31.9,89.3,28.3,82.9,31.9,89.3,23.1,73.5,0,45,0,0,10.0,6.0,15.2,24.5,7.0
1734937200,2024-12-23 15:00,28.2,82.7,1,"{'text': 'Sunny', 'icon': '//cdn.weatherapi.com/weather/64x64/day/113.png', 'code': 1000}",12.5,20.2,237,WSW,1007.0,29.74,0.0,0.0,0.0,74,14,31.8,89.3,28.2,82.7,31.8,89.3,23.2,73.7,0,45,0,0,10.0,6.0,15.3,24.7,7.0
1734940800,2024-12-23 16:00,28.1,82.6,1,"{'text': 'Sunny', 'icon': '//cdn.weatherapi.com/weather/64x64/day/113.png', 'code': 1000}",11.9,19.1,238,WSW,1007.0,29.73,0.0,0.0,0.0,76,14,31.8,89.3,28.1,82.6,31.8,89.3,23.4,74.0,0,0,0,0,10.0,6.0,14.7,23.6,7.0
1734944400,2024-12-23 17:00,27.9,82.3,1,"{'text': 'Sunny', 'icon': '//cdn.weatherapi.com/weather/64x64/day/113.png', 'code': 1000}",11.4,18.4,237,WSW,1007.0,29.74,0.0,0.0,0.0,77,16,31.7,89.1,27.9,82.3,31.7,89.1,23.5,74.3,0,45,0,0,10.0,6.0,14.5,23.3,7.0
1734948000,2024-12-23 18:00,27.4,81.3,1,"{'text': 'Sunny', 'icon': '//cdn.weatherapi.com/weather/64x64/day/113.png', 'code': 1000}",9.8,15.8,228,SW,1008.0,29.76,0.0,0.0,0.0,80,21,31.0,87.8,27.4,81.3,31.0,87.8,23.5,74.4,0,0,0,0,10.0,6.0,13.6,21.8,7.0
1734951600,2024-12-23 19:00,27.0,80.5,0,"{'text': 'Patchy rain possible', 'icon': '//cdn.weatherapi.com/weather/64x64/night/176.png', 'code': 1063}",8.5,13.7,213,SSW,1009.0,29.78,0.01,0.0,0.0,80,70,30.3,86.5,27.0,80.5,30.3,86.5,23.3,73.9,0,45,0,0,10.0,6.0,12.4,19.9,0.0
1734955200,2024-12-23 20:00,26.8,80.2,0,"{'text': 'Clear', 'icon': '//cdn.weatherapi.com/weather/64x64/night/113.png', 'code': 1000}",6.7,10.8,207,SSW,1009.0,29.8,0.0,0.0,0.0,81,18,29.9,85.8,26.8,80.2,29.9,85.8,23.2,73.7,0,0,0,0,10.0,6.0,9.9,16.0,0.0
1734958800,2024-12-23 21:00,26.6,79.9,0,"{'text': 'Clear', 'icon': '//cdn.weatherapi.com/weather/64x64/night/113.png', 'code': 1000}",6.3,10.1,203,SSW,1010.0,29.83,0.0,0.0,0.0,81,22,29.7,85.5,26.6,79.9,29.7,85.5,23.1,73.6,0,0,0,0,10.0,6.0,9.3,15.0,0.0
1734962400,2024-12-23 22:00,26.5,79.7,0,"{'text': 'Partly cloudy', 'icon': '//cdn.weatherapi.com/weather/64x64/night/116.png', 'code': 1003}",6.7,10.8,197,SSW,1010.0,29.83,0.0,0.0,0.0,82,35,29.5,85.2,26.5,79.7,29.5,85.2,23.1,73.6,0,0,0,0,10.0,6.0,9.9,15.9,0.0
1734966000,2024-12-23 23:00,26.3,79.3,0,"{'text': 'Partly cloudy', 'icon': '//cdn.weatherapi.com/weather/64x64/night/116.png', 'code': 1003}",6.7,10.8,188,S,1010.0,29.82,0.0,0.0,0.0,83,28,29.3,84.7,26.3,79.3,29.3,84.7,23.1,73.5,0,0,0,0,10.0,6.0,9.8,15.8,0.0
