time_epoch,time,temp_c,temp_f,is_day,condition,wind_mph,wind_kph,wind_degree,wind_dir,pressure_mb,pressure_in,precip_mm,precip_in,snow_cm,humidity,cloud,feelslike_c,feelslike_f,windchill_c,windchill_f,heatindex_c,heatindex_f,dewpoint_c,dewpoint_f,will_it_rain,chance_of_rain,will_it_snow,chance_of_snow,vis_km,vis_miles,gust_mph,gust_kph,uv
1735228800,2024-12-27 00:00,25.5,77.8,0,"{'text': 'Partly cloudy', 'icon': '//cdn.weatherapi.com/weather/64x64/night/116.png', 'code': 1003}",2.7,4.3,41,NE,1012.0,29.89,0.0,0.0,0.0,86,61,28.2,82.7,25.5,77.8,28.2,82.7,22.9,73.3,0,45,0,0,10.0,6.0,4.3,6.9,0.0
1735232400,2024-12-27 01:00,25.3,77.5,0,"{'text': 'Patchy rain possible', 'icon': '//cdn.weatherapi.com/weather/64x64/night/176.png', 'code': 1063}",0.4,0.7,100,E,1012.0,29.89,0.06,0.0,0.0,86,63,27.9,82.2,25.3,77.5,27.9,82.2,22.8,73.0,0,45,0,0,10.0,6.0,0.7,1.2,0.0
1735236000,2024-12-27 02:00,25.0,77.0,0,"{'text': 'Patchy rain possible', 'icon': '//cdn.weatherapi.com/weather/64x64/night/176.png', 'code': 1063}",1.6,2.5,197,SSW,1012.0,29.88,0.02,0.0,0.0,87,71,27.5,81.6,25.0,77.0,27.5,81.6,22.7,72.9,0,45,0,0,10.0,6.0,2.5,4.0,0.0
1735239600,2024-12-27 03:00,24.6,76.2,0,"{'text': 'Partly cloudy', 'icon': '//cdn.weatherapi.com/weather/64x64/night/116.png', 'code': 1003}",2.7,4.3,228,SW,1011.0,29.85,0.0,0.0,0.0,90,53,27.1,80.8,24.6,76.2,27.1,80.8,22.8,73.0,0,45,0,0,10.0,6.0,4.3,6.9,0.0
1735243200,2024-12-27 04:00,24.3,75.8,0,"{'text': 'Partly cloudy', 'icon': '//cdn.weatherapi.com/weather/64x64/night/116.png', 'code': 1003}",3.4,5.4,220,SW,1011.0,29.84,0.0,0.0,0.0,91,52,26.8,80.3,24.3,75.8,26.8,80.3,22.8,73.0,0,45,0,0,10.0,6.0,5.4,8.7,0.0
1735246800,2024-12-27 05:00,24.0,75.3,0,"{'text': 'Partly cloudy', 'icon': '//cdn.weatherapi.com/weather/64x64/night/116.png', 'code': 1003}",4.5,7.2,225,SW,1010.0,29.83,0.0,0.0,0.0,93,50,26.5,79.8,24.0,75.3,26.5,79.8,22.8,73.1,0,45,0,0,10.0,6.0,7.3,11.7,0.0
1735250400,2024-12-27 06:00,23.9,75.0,0,"{'text': 'Patchy rain possible', 'icon': '//cdn.weatherapi.com/weather/64x64/night/176.png', 'code': 1063}",4.7,7.6,221,SW,1011.0,29.85,0.03,0.0,0.0,94,51,26.4,79.6,23.9,75.0,26.4,79.6,22.9,73.1,0,45,0,0,10.0,6.0,7.6,12.3,0.0
1735254000,2024-12-27 07:00,23.9,75.0,0,"{'text': 'Partly cloudy', 'icon': '//cdn.weatherapi.com/weather/64x64/night/116.png', 'code': 1003}",4.5,7.2,235,SW,1011.0,29.86,0.0,0.0,0.0,94,42,26.4,79.5,23.9,75.0,26.4,79.5,22.8,73.0,0,0,0,0,10.0,6.0,7.4,11.8,0.0
1735257600,2024-12-27 08:00,24.2,75.6,1,"{'text': 'Partly cloudy', 'icon': '//cdn.weatherapi.com/weather/64x64/day/116.png', 'code': 1003}",4.5,7.2,227,SW,1012.0,29.88,0.0,0.0,0.0,92,40,26.7,80.1,24.2,75.6,26.7,80.1,22.9,73.1,0,0,0,0,10.0,6.0,7.0,11.3,6.0
1735261200,2024-12-27 09:00,25.0,77.0,1,"{'text': 'Partly cloudy', 'icon': '//cdn.weatherapi.com/weather/64x64/day/116.png', 'code': 1003}",4.9,7.9,230,SW,1013.0,29.91,0.0,0.0,0.0,89,46,27.7,81.8,25.0,77.0,27.7,81.8,23.1,73.5,0,0,0,0,10.0,6.0,7.0,11.2,6.0
1735264800,2024-12-27 10:00,25.7,78.2,1,"{'text': 'Partly cloudy', 'icon': '//cdn.weatherapi.com/weather/64x64/day/116.png', 'code': 1003}",4.7,7.6,239,WSW,1013.0,29.93,0.0,0.0,0.0,86,39,28.5,83.3,25.7,78.2,28.5,83.3,23.2,73.7,0,0,0,0,10.0,6.0,6.4,10.2,7.0
1735268400,2024-12-27 11:00,26.7,80.0,1,"{'text': 'Partly cloudy', 'icon': '//cdn.weatherapi.com/weather/64x64/day/116.png', 'code': 1003}",4.0,6.5,244,WSW,1013.0,29.93,0.0,0.0,0.0,81,34,29.7,85.5,26.7,80.0,29.7,85.5,23.1,73.5,0,0,0,0,10.0,6.0,5.1,8.3,7.0
1735272000,2024-12-27 12:00,28.2,82.7,1,"{'text': 'Patchy rain possible', 'icon': '//cdn.weatherapi.com/weather/64x64/day/176.png', 'code': 1063}",3.1,5.0,275,W,1013.0,29.91,0.15,0.01,0.0,74,72,31.7,89.0,28.2,82.7,31.7,89.0,23.0,73.4,1,100,0,0,10.0,6.0,3.6,5.8,6.0
1735275600,2024-12-27 13:00,28.6,83.5,1,"{'text': 'Partly cloudy', 'icon': '//cdn.weatherapi.com/weather/64x64/day/116.png', 'code': 1003}",3.6,5.8,323,NW,1012.0,29.88,0.0,0.0,0.0,72,42,32.4,90.4,28.6,83.5,32.4,90.4,23.2,73.7,0,45,0,0,10.0,6.0,4.1,6.6,7.0
1735279200,2024-12-27 14:00,28.5,83.3,1,"{'text': 'Patchy rain possible', 'icon': '//cdn.weatherapi.com/weather/64x64/day/176.png', 'code': 1063}",5.1,8.3,349,N,1011.0,29.85,0.22,0.01,0.0,73,74,32.3,90.2,28.5,83.3,32.3,90.2,23.3,73.9,1,100,0,0,9.0,5.0,6.3,10.1,6.0
1735282800,2024-12-27 15:00,27.9,82.2,1,"{'text': 'Patchy rain possible', 'icon': '//cdn.weatherapi.com/weather/64x64/day/176.png', 'code': 1063}",5.6,9.0,3,N,1010.0,29.82,0.18,0.01,0.0,77,73,31.6,88.9,27.9,82.2,31.6,88.9,23.4,74.1,1,100,0,0,9.0,5.0,7.3,11.8,6.0
1735286400,2024-12-27 16:00,27.8,82.0,1,"{'text': 'Patchy rain possible', 'icon': '//cdn.weatherapi.com/weather/64x64/day/176.png', 'code': 1063}",4.7,7.6,11,NNE,1009.0,29.8,0.04,0.0,0.0,76,71,31.3,88.4,27.8,82.0,31.3,88.4,23.2,73.8,0,45,0,0,10.0,6.0,6.1,9.8,6.0
1735290000,2024-12-27 17:00,27.7,81.8,1,"{'text': 'Patchy rain possible', 'icon': '//cdn.weatherapi.com/weather/64x64/day/176.png', 'code': 1063}",4.7,7.6,30,NNE,1009.0,29.79,0.08,0.0,0.0,77,80,31.2,88.2,27.7,81.8,31.2,88.2,23.3,73.9,0,45,0,0,10.0,6.0,6.3,10.2,6.0
1735293600,2024-12-27 18:00,27.2,81.0,1,"{'text': 'Partly cloudy', 'icon': '//cdn.weatherapi.com/weather/64x64/day/116.png', 'code': 1003}",4.5,7.2,40,NE,1009.0,29.81,0.0,0.0,0.0,80,25,30.7,87.3,27.3,81.1,30.7,87.3,23.4,74.2,0,45,0,0,10.0,6.0,6.3,10.2,7.0
1735297200,2024-12-27 19:00,26.4,79.6,1,"{'text': 'Patchy rain possible', 'icon': '//cdn.weatherapi.com/weather/64x64/day/176.png', 'code': 1063}",5.1,8.3,70,ENE,1010.0,29.84,0.01,0.0,0.0,83,88,29.5,85.2,26.4,79.6,29.5,85.2,23.3,73.9,0,45,0,0,10.0,6.0,8.3,13.3,6.0
1735300800,2024-12-27 20:00,26.1,79.0,0,"{'text': 'Partly cloudy', 'icon': '//cdn.weatherapi.com/weather/64x64/night/116.png', 'code': 1003}",5.4,8.6,87,E,1011.0,29.86,0.0,0.0,0.0,84,30,29.2,84.5,26.1,79.0,29.2,84.5,23.3,73.9,0,45,0,0,10.0,6.0,8.9,14.3,0.0
1735304400,2024-12-27 21:00,26.1,78.9,0,"{'text': 'Partly cloudy', 'icon': '//cdn.weatherapi.com/weather/64x64/night/116.png', 'code': 1003}",5.1,8.3,95,E,1012.0,29.89,0.0,0.0,0.0,85,41,29.1,84.5,26.1,78.9,29.1,84.5,23.4,74.1,0,45,0,0,10.0,6.0,8.5,13.7,0.0
1735308000,2024-12-27 22:00,25.7,78.2,0,"{'text': 'Light rain shower', 'icon': '//cdn.weatherapi.com/weather/64x64/night/353.png', 'code': 1240}",6.7,10.8,99,E,1013.0,29.91,0.77,0.03,0.0,88,74,28.7,83.7,25.7,78.2,28.7,83.7,23.5,74.3,1,100,0,0,10.0,6.0,11.3,18.3,0.0
1735311600,2024-12-27 23:00,25.5,77.9,0,"{'text': 'Patchy rain possible', 'icon': '//cdn.weatherapi.com/weather/64x64/night/176.png', 'code': 1063}",7.2,11.5,102,ESE,1013.0,29.92,0.62,0.02,0.0,89,72,28.5,83.3,25.5,77.9,28.5,83.3,23.6,74.4,1,100,0,0,9.0,5.0,11.9,19.2,0.0
