time_epoch,time,temp_c,temp_f,is_day,condition,wind_mph,wind_kph,wind_degree,wind_dir,pressure_mb,pressure_in,precip_mm,precip_in,snow_cm,humidity,cloud,feelslike_c,feelslike_f,windchill_c,windchill_f,heatindex_c,heatindex_f,dewpoint_c,dewpoint_f,will_it_rain,chance_of_rain,will_it_snow,chance_of_snow,vis_km,vis_miles,gust_mph,gust_kph,uv
1735401600,2024-12-29 00:00,24.3,75.7,0,"{'text': 'Cloudy', 'icon': '//cdn.weatherapi.com/weather/64x64/night/119.png', 'code': 1006}",6.0,9.7,166,SSE,1012.0,29.89,0.0,0.0,0.0,90,76,26.6,80.0,24.3,75.7,26.6,80.0,22.5,72.4,0,45,0,0,10.0,6.0,8.5,13.6,0.0
1735405200,2024-12-29 01:00,24.4,75.9,0,"{'text': 'Patchy rain possible', 'icon': '//cdn.weatherapi.com/weather/64x64/night/176.png', 'code': 1063}",6.7,10.8,181,S,1011.0,29.86,0.01,0.0,0.0,89,74,26.7,80.1,24.4,75.8,26.7,80.1,22.4,72.3,0,45,0,0,10.0,6.0,9.4,15.2,0.0
1735408800,2024-12-29 02:00,24.5,76.1,0,"{'text': 'Cloudy', 'icon': '//cdn.weatherapi.com/weather/64x64/night/119.png', 'code': 1006}",6.5,10.4,184,S,1011.0,29.84,0.0,0.0,0.0,87,72,26.8,80.3,24.5,76.1,26.8,80.3,22.2,72.0,0,45,0,0,10.0,6.0,9.2,14.8,0.0
1735412400,2024-12-29 03:00,24.6,76.3,0,"{'text': 'Cloudy', 'icon': '//cdn.weatherapi.com/weather/64x64/night/119.png', 'code': 1006}",6.0,9.7,189,S,1010.0,29.82,0.0,0.0,0.0,86,70,26.9,80.4,24.6,76.3,26.9,80.4,22.1,71.9,0,0,0,0,10.0,6.0,8.6,13.9,0.0
1735416000,2024-12-29 04:00,24.6,76.3,0,"{'text': 'Cloudy', 'icon': '//cdn.weatherapi.com/weather/64x64/night/119.png', 'code': 1006}",6.7,10.8,187,S,1010.0,29.81,0.0,0.0,0.0,86,64,26.9,80.4,24.6,76.3,26.9,80.4,22.1,71.8,0,0,0,0,10.0,6.0,9.7,15.6,0.0
1735419600,2024-12-29 05:00,24.6,76.3,0,"{'text': 'Partly cloudy', 'icon': '//cdn.weatherapi.com/weather/64x64/night/116.png', 'code': 1003}",6.5,10.4,186,S,1010.0,29.82,0.0,0.0,0.0,85,48,26.9,80.4,24.6,76.3,26.9,80.4,21.9,71.5,0,0,0,0,10.0,6.0,9.5,15.3,0.0
1735423200,2024-12-29 06:00,24.7,76.5,0,"{'text': 'Partly cloudy', 'icon': '//cdn.weatherapi.com/weather/64x64/night/116.png', 'code': 1003}",6.0,9.7,190,S,1010.0,29.83,0.0,0.0,0.0,84,41,27.0,80.5,24.7,76.5,27.0,80.5,21.8,71.2,0,0,0,0,10.0,6.0,8.9,14.3,0.0
1735426800,2024-12-29 07:00,24.9,76.9,1,"{'text': 'Overcast', 'icon': '//cdn.weatherapi.com/weather/64x64/day/122.png', 'code': 1009}",5.6,9.0,189,S,1011.0,29.84,0.0,0.0,0.0,83,88,27.1,80.9,24.9,76.9,27.1,80.9,21.8,71.2,0,0,0,0,10.0,6.0,8.1,13.1,5.0
1735430400,2024-12-29 08:00,25.5,77.9,1,"{'text': 'Partly cloudy', 'icon': '//cdn.weatherapi.com/weather/64x64/day/116.png', 'code': 1003}",6.3,10.1,198,SSW,1011.0,29.86,0.0,0.0,0.0,82,60,27.9,82.2,25.5,77.9,27.9,82.2,22.1,71.9,0,0,0,0,10.0,6.0,8.4,13.5,7.0
1735434000,2024-12-29 09:00,26.1,78.9,1,"{'text': 'Partly cloudy', 'icon': '//cdn.weatherapi.com/weather/64x64/day/116.png', 'code': 1003}",7.2,11.5,206,SSW,1012.0,29.88,0.0,0.0,0.0,80,44,28.6,83.5,26.1,78.9,28.6,83.5,22.3,72.1,0,0,0,0,10.0,6.0,8.8,14.2,7.0
1735437600,2024-12-29 10:00,26.5,79.7,1,"{'text': 'Partly cloudy', 'icon': '//cdn.weatherapi.com/weather/64x64/day/116.png', 'code': 1003}",8.1,13.0,211,SSW,1012.0,29.87,0.0,0.0,0.0,78,31,29.2,84.5,26.5,79.7,29.2,84.5,22.3,72.2,0,0,0,0,10.0,6.0,9.6,15.4,7.0
1735441200,2024-12-29 11:00,27.2,80.9,1,"{'text': 'Sunny', 'icon': '//cdn.weatherapi.com/weather/64x64/day/113.png', 'code': 1000}",9.2,14.8,219,SW,1011.0,29.85,0.0,0.0,0.0,75,21,30.0,86.0,27.2,80.9,30.0,86.0,22.3,72.1,0,0,0,0,10.0,6.0,10.6,17.0,7.0
1735444800,2024-12-29 12:00,27.6,81.7,1,"{'text': 'Sunny', 'icon': '//cdn.weatherapi.com/weather/64x64/day/113.png', 'code': 1000}",9.6,15.5,229,SW,1010.0,29.83,0.0,0.0,0.0,73,21,30.6,87.0,27.6,81.7,30.6,87.0,22.3,72.1,0,45,0,0,10.0,6.0,11.1,17.8,7.0
1735448400,2024-12-29 13:00,27.8,82.0,1,"{'text': 'Sunny', 'icon': '//cdn.weatherapi.com/weather/64x64/day/113.png', 'code': 1000}",10.5,16.9,238,WSW,1009.0,29.8,0.0,0.0,0.0,73,22,30.9,87.6,27.8,82.0,30.9,87.6,22.5,72.6,0,45,0,0,10.0,6.0,12.1,19.5,7.0
1735452000,2024-12-29 14:00,28.0,82.4,1,"{'text': 'Sunny', 'icon': '//cdn.weatherapi.com/weather/64x64/day/113.png', 'code': 1000}",11.4,18.4,239,WSW,1008.0,29.77,0.0,0.0,0.0,73,22,31.2,88.2,28.0,82.4,31.2,88.2,22.6,72.7,0,0,0,0,10.0,6.0,13.2,21.2,7.0
1735455600,2024-12-29 15:00,28.0,82.4,1,"{'text': 'Sunny', 'icon': '//cdn.weatherapi.com/weather/64x64/day/113.png', 'code': 1000}",11.4,18.4,241,WSW,1007.0,29.75,0.0,0.0,0.0,72,20,31.3,88.3,28.0,82.4,31.3,88.3,22.6,72.7,0,0,0,0,10.0,6.0,13.6,21.9,7.0
1735459200,2024-12-29 16:00,28.0,82.3,1,"{'text': 'Sunny', 'icon': '//cdn.weatherapi.com/weather/64x64/day/113.png', 'code': 1000}",11.4,18.4,241,WSW,1007.0,29.74,0.0,0.0,0.0,73,22,31.2,88.2,28.0,82.3,31.2,88.2,22.7,72.8,0,0,0,0,10.0,6.0,13.7,22.1,7.0
1735462800,2024-12-29 17:00,27.7,81.8,1,"{'text': 'Partly cloudy', 'icon': '//cdn.weatherapi.com/weather/64x64/day/116.png', 'code': 1003}",10.5,16.9,242,WSW,1008.0,29.75,0.0,0.0,0.0,75,26,30.9,87.6,27.7,81.8,30.9,87.6,22.8,73.1,0,0,0,0,10.0,6.0,13.0,21.0,7.0
1735466400,2024-12-29 18:00,27.2,81.0,1,"{'text': 'Partly cloudy', 'icon': '//cdn.weatherapi.com/weather/64x64/day/116.png', 'code': 1003}",9.6,15.5,234,SW,1008.0,29.77,0.0,0.0,0.0,78,30,30.4,86.6,27.2,81.0,30.4,86.6,22.9,73.3,0,0,0,0,10.0,6.0,13.0,20.9,7.0
1735470000,2024-12-29 19:00,27.0,80.5,0,"{'text': 'Clear', 'icon': '//cdn.weatherapi.com/weather/64x64/night/113.png', 'code': 1000}",8.9,14.4,220,SW,1009.0,29.8,0.0,0.0,0.0,79,20,30.1,86.1,27.0,80.5,30.1,86.1,22.9,73.3,0,0,0,0,10.0,6.0,12.4,20.0,0.0
1735473600,2024-12-29 20:00,26.8,80.2,0,"{'text': 'Partly cloudy', 'icon': '//cdn.weatherapi.com/weather/64x64/night/116.png', 'code': 1003}",8.9,14.4,204,SSW,1010.0,29.82,0.0,0.0,0.0,80,27,29.9,85.8,26.8,80.2,29.9,85.8,23.0,73.5,0,0,0,0,10.0,6.0,12.5,20.1,0.0
1735477200,2024-12-29 21:00,26.6,79.8,0,"{'text': 'Partly cloudy', 'icon': '//cdn.weatherapi.com/weather/64x64/night/116.png', 'code': 1003}",9.2,14.8,192,SSW,1011.0,29.84,0.0,0.0,0.0,81,37,29.6,85.3,26.6,79.8,29.6,85.3,23.1,73.6,0,0,0,0,10.0,6.0,12.9,20.8,0.0
1735480800,2024-12-29 22:00,26.1,79.1,0,"{'text': 'Partly cloudy', 'icon': '//cdn.weatherapi.com/weather/64x64/night/116.png', 'code': 1003}",9.2,14.8,187,S,1011.0,29.85,0.0,0.0,0.0,83,36,29.1,84.3,26.2,79.1,29.1,84.3,23.1,73.5,0,0,0,0,10.0,6.0,13.2,21.3,0.0
1735484400,2024-12-29 23:00,25.9,78.6,0,"{'text': 'Partly cloudy', 'icon': '//cdn.weatherapi.com/weather/64x64/night/116.png', 'code': 1003}",8.5,13.7,188,S,1010.0,29.84,0.0,0.0,0.0,84,34,28.7,83.7,25.9,78.6,28.7,83.7,23.0,73.3,0,0,0,0,10.0,6.0,12.5,20.2,0.0
