time_epoch,time,temp_c,temp_f,is_day,condition,wind_mph,wind_kph,wind_degree,wind_dir,pressure_mb,pressure_in,precip_mm,precip_in,snow_cm,humidity,cloud,feelslike_c,feelslike_f,windchill_c,windchill_f,heatindex_c,heatindex_f,dewpoint_c,dewpoint_f,will_it_rain,chance_of_rain,will_it_snow,chance_of_snow,vis_km,vis_miles,gust_mph,gust_kph,uv
1734883200,2024-12-23 00:00,24.6,76.3,0,"{'text': 'Partly cloudy', 'icon': '//cdn.weatherapi.com/weather/64x64/night/116.png', 'code': 1003}",2.5,4.0,55,NE,1011.0,29.86,0.0,0.0,0.0,79,55,26.6,79.8,24.6,76.3,26.6,79.8,20.7,69.3,0,0,0,0,10.0,6.0,4.1,6.6,0.0
1734886800,2024-12-23 01:00,24.5,76.1,0,"{'text': 'Partly cloudy', 'icon': '//cdn.weatherapi.com/weather/64x64/night/116.png', 'code': 1003}",2.0,3.2,50,NE,1011.0,29.86,0.0,0.0,0.0,79,61,26.4,79.6,24.5,76.1,26.4,79.6,20.7,69.2,0,45,0,0,10.0,6.0,3.3,5.3,0.0
1734890400,2024-12-23 02:00,24.3,75.8,0,"{'text': 'Partly cloudy', 'icon': '//cdn.weatherapi.com/weather/64x64/night/116.png', 'code': 1003}",1.6,2.5,37,NE,1011.0,29.85,0.0,0.0,0.0,80,61,26.3,79.3,24.3,75.8,26.3,79.3,20.7,69.2,0,0,0,0,10.0,6.0,2.6,4.1,0.0
1734894000,2024-12-23 03:00,24.2,75.6,0,"{'text': 'Cloudy', 'icon': '//cdn.weatherapi.com/weather/64x64/night/119.png', 'code': 1006}",2.2,3.6,24,NNE,1010.0,29.82,0.0,0.0,0.0,81,65,26.2,79.2,24.2,75.6,26.2,79.2,20.7,69.3,0,45,0,0,10.0,6.0,3.6,5.9,0.0
1734897600,2024-12-23 04:00,24.1,75.3,0,"{'text': 'Patchy rain possible', 'icon': '//cdn.weatherapi.com/weather/64x64/night/176.png', 'code': 1063}",1.8,2.9,34,NE,1009.0,29.8,0.01,0.0,0.0,81,73,26.1,78.9,24.1,75.3,26.1,78.9,20.7,69.2,0,45,0,0,10.0,6.0,2.9,4.7,0.0
1734901200,2024-12-23 05:00,23.9,75.0,0,"{'text': 'Patchy rain possible', 'icon': '//cdn.weatherapi.com/weather/64x64/night/176.png', 'code': 1063}",0.9,1.4,70,ENE,1009.0,29.8,0.02,0.0,0.0,82,72,25.9,78.6,23.9,75.1,25.9,78.6,20.7,69.2,0,45,0,0,10.0,6.0,1.5,2.3,0.0
1734904800,2024-12-23 06:00,23.7,74.6,0,"{'text': 'Patchy rain possible', 'icon': '//cdn.weatherapi.com/weather/64x64/night/176.png', 'code': 1063}",0.9,1.4,195,SSW,1010.0,29.82,0.02,0.0,0.0,83,59,25.7,78.3,23.7,74.6,25.7,78.3,20.7,69.2,0,45,0,0,10.0,6.0,1.5,2.3,0.0
1734908400,2024-12-23 07:00,23.4,74.0,0,"{'text': 'Patchy rain possible', 'icon': '//cdn.weatherapi.com/weather/64x64/night/176.png', 'code': 1063}",2.0,3.2,176,S,1010.0,29.83,0.05,0.0,0.0,85,58,25.5,77.8,23.4,74.0,25.5,77.8,20.7,69.3,0,45,0,0,10.0,6.0,3.3,5.3,0.0
1734912000,2024-12-23 08:00,23.5,74.4,1,"{'text': 'Patchy rain possible', 'icon': '//cdn.weatherapi.com/weather/64x64/day/176.png', 'code': 1063}",2.2,3.6,173,S,1011.0,29.85,0.03,0.0,0.0,85,87,25.6,78.1,23.5,74.4,25.6,78.1,20.9,69.6,0,45,0,0,10.0,6.0,3.5,5.7,5.0
1734915600,2024-12-23 09:00,24.5,76.1,1,"{'text': 'Patchy rain possible', 'icon': '//cdn.weatherapi.com/weather/64x64/day/176.png', 'code': 1063}",1.6,2.5,185,S,1012.0,29.88,0.02,0.0,0.0,82,78,26.5,79.8,24.5,76.1,26.5,79.8,21.1,70.1,0,45,0,0,10.0,6.0,2.1,3.5,5.0
1734919200,2024-12-23 10:00,25.7,78.3,1,"{'text': 'Partly cloudy', 'icon': '//cdn.weatherapi.com/weather/64x64/day/116.png', 'code': 1003}",0.2,0.4,109,ESE,1012.0,29.88,0.0,0.0,0.0,77,51,27.9,82.1,25.7,78.3,27.9,82.1,21.4,70.5,0,0,0,0,10.0,6.0,0.3,0.4,7.0
1734922800,2024-12-23 11:00,26.6,79.9,1,"{'text': 'Patchy rain possible', 'icon': '//cdn.weatherapi.com/weather/64x64/day/176.png', 'code': 1063}",2.0,3.2,49,NE,1012.0,29.87,0.05,0.0,0.0,73,84,28.9,84.1,26.6,79.9,28.9,84.1,21.5,70.6,0,45,0,0,10.0,6.0,2.4,3.9,6.0
1734926400,2024-12-23 12:00,26.9,80.4,1,"{'text': 'Patchy rain possible', 'icon': '//cdn.weatherapi.com/weather/64x64/day/176.png', 'code': 1063}",4.5,7.2,46,NE,1011.0,29.86,0.07,0.0,0.0,72,67,29.3,84.7,26.9,80.4,29.3,84.7,21.4,70.5,0,45,0,0,10.0,6.0,5.6,9.0,6.0
1734930000,2024-12-23 13:00,27.0,80.5,1,"{'text': 'Patchy rain possible', 'icon': '//cdn.weatherapi.com/weather/64x64/day/176.png', 'code': 1063}",6.5,10.4,53,NE,1010.0,29.83,0.06,0.0,0.0,71,79,29.3,84.7,27.0,80.5,29.3,84.7,21.4,70.4,0,45,0,0,10.0,6.0,8.3,13.3,6.0
1734933600,2024-12-23 14:00,26.8,80.2,1,"{'text': 'Patchy rain possible', 'icon': '//cdn.weatherapi.com/weather/64x64/day/176.png', 'code': 1063}",7.4,11.9,53,NE,1009.0,29.81,0.02,0.0,0.0,72,68,29.1,84.3,26.8,80.2,29.1,84.3,21.4,70.5,0,45,0,0,10.0,6.0,9.7,15.6,6.0
1734937200,2024-12-23 15:00,26.7,80.1,1,"{'text': 'Partly cloudy', 'icon': '//cdn.weatherapi.com/weather/64x64/day/116.png', 'code': 1003}",7.4,11.9,46,NE,1008.0,29.77,0.0,0.0,0.0,71,48,28.9,84.0,26.7,80.1,28.9,84.0,21.0,69.8,0,45,0,0,10.0,6.0,9.7,15.6,7.0
1734940800,2024-12-23 16:00,27.0,80.6,1,"{'text': 'Partly cloudy', 'icon': '//cdn.weatherapi.com/weather/64x64/day/116.png', 'code': 1003}",7.2,11.5,46,NE,1007.0,29.74,0.0,0.0,0.0,69,44,29.2,84.5,27.0,80.6,29.2,84.5,20.9,69.5,0,45,0,0,10.0,6.0,9.1,14.7,7.0
1734944400,2024-12-23 17:00,26.7,80.1,1,"{'text': 'Partly cloudy', 'icon': '//cdn.weatherapi.com/weather/64x64/day/116.png', 'code': 1003}",7.4,11.9,47,NE,1007.0,29.74,0.0,0.0,0.0,70,46,28.9,83.9,26.7,80.1,28.9,83.9,20.9,69.7,0,45,0,0,10.0,6.0,9.8,15.8,7.0
1734948000,2024-12-23 18:00,26.1,79.0,1,"{'text': 'Partly cloudy', 'icon': '//cdn.weatherapi.com/weather/64x64/day/116.png', 'code': 1003}",6.9,11.2,49,NE,1007.0,29.75,0.0,0.0,0.0,74,53,28.3,82.9,26.1,79.1,28.3,82.9,21.1,70.1,0,45,0,0,10.0,6.0,10.0,16.1,7.0
1734951600,2024-12-23 19:00,25.4,77.6,1,"{'text': 'Cloudy', 'icon': '//cdn.weatherapi.com/weather/64x64/day/119.png', 'code': 1006}",6.7,10.8,56,ENE,1008.0,29.77,0.0,0.0,0.0,77,65,27.4,81.3,25.4,77.6,27.4,81.3,21.1,69.9,0,0,0,0,10.0,6.0,10.8,17.4,6.0
1734955200,2024-12-23 20:00,25.1,77.2,0,"{'text': 'Cloudy', 'icon': '//cdn.weatherapi.com/weather/64x64/night/119.png', 'code': 1006}",6.7,10.8,60,ENE,1009.0,29.8,0.0,0.0,0.0,78,71,27.1,80.8,25.1,77.2,27.1,80.8,21.0,69.8,0,45,0,0,10.0,6.0,11.0,17.7,0.0
1734958800,2024-12-23 21:00,25.1,77.1,0,"{'text': 'Patchy rain possible', 'icon': '//cdn.weatherapi.com/weather/64x64/night/176.png', 'code': 1063}",6.3,10.1,62,ENE,1010.0,29.84,0.01,0.0,0.0,78,82,27.1,80.7,25.1,77.1,27.1,80.7,21.0,69.8,0,45,0,0,10.0,6.0,10.3,16.6,0.0
1734962400,2024-12-23 22:00,25.2,77.3,0,"{'text': 'Overcast', 'icon': '//cdn.weatherapi.com/weather/64x64/night/122.png', 'code': 1009}",6.0,9.7,64,ENE,1011.0,29.86,0.0,0.0,0.0,78,93,27.2,80.9,25.2,77.3,27.2,80.9,21.0,69.9,0,45,0,0,10.0,6.0,9.8,15.7,0.0
1734966000,2024-12-23 23:00,25.2,77.4,0,"{'text': 'Patchy rain possible', 'icon': '//cdn.weatherapi.com/weather/64x64/night/176.png', 'code': 1063}",5.6,9.0,62,ENE,1011.0,29.86,0.01,0.0,0.0,78,94,27.2,81.0,25.2,77.4,27.2,81.0,21.1,69.9,0,45,0,0,10.0,6.0,8.9,14.3,0.0
