time_epoch,time,temp_c,temp_f,is_day,condition,wind_mph,wind_kph,wind_degree,wind_dir,pressure_mb,pressure_in,precip_mm,precip_in,snow_cm,humidity,cloud,feelslike_c,feelslike_f,windchill_c,windchill_f,heatindex_c,heatindex_f,dewpoint_c,dewpoint_f,will_it_rain,chance_of_rain,will_it_snow,chance_of_snow,vis_km,vis_miles,gust_mph,gust_kph,uv
1735315200,2024-12-28 00:00,25.5,77.9,0,"{'text': 'Partly cloudy', 'icon': '//cdn.weatherapi.com/weather/64x64/night/116.png', 'code': 1003}",3.8,6.1,81,E,1012.0,29.9,0.0,0.0,0.0,82,57,27.9,82.3,25.5,77.9,27.9,82.3,22.2,72.0,0,0,0,0,10.0,6.0,5.8,9.3,0.0
1735318800,2024-12-28 01:00,25.3,77.6,0,"{'text': 'Partly cloudy', 'icon': '//cdn.weatherapi.com/weather/64x64/night/116.png', 'code': 1003}",2.7,4.3,110,ESE,1012.0,29.88,0.0,0.0,0.0,83,48,27.7,81.9,25.3,77.6,27.7,81.9,22.2,72.0,0,0,0,0,10.0,6.0,4.0,6.5,0.0
1735322400,2024-12-28 02:00,25.2,77.3,0,"{'text': 'Partly cloudy', 'icon': '//cdn.weatherapi.com/weather/64x64/night/116.png', 'code': 1003}",2.0,3.2,142,SE,1011.0,29.86,0.0,0.0,0.0,83,49,27.5,81.6,25.2,77.3,27.5,81.6,22.1,71.8,0,0,0,0,10.0,6.0,3.0,4.8,0.0
1735326000,2024-12-28 03:00,25.1,77.2,0,"{'text': 'Partly cloudy', 'icon': '//cdn.weatherapi.com/weather/64x64/night/116.png', 'code': 1003}",2.5,4.0,141,SE,1011.0,29.85,0.0,0.0,0.0,83,54,27.4,81.3,25.1,77.2,27.4,81.3,22.1,71.8,0,0,0,0,10.0,6.0,3.6,5.9,0.0
1735329600,2024-12-28 04:00,24.9,76.9,0,"{'text': 'Cloudy', 'icon': '//cdn.weatherapi.com/weather/64x64/night/119.png', 'code': 1006}",2.9,4.7,143,SE,1010.0,29.84,0.0,0.0,0.0,84,67,27.2,81.0,24.9,76.9,27.2,81.0,22.1,71.7,0,45,0,0,10.0,6.0,4.3,6.9,0.0
1735333200,2024-12-28 05:00,24.9,76.7,0,"{'text': 'Patchy light drizzle', 'icon': '//cdn.weatherapi.com/weather/64x64/night/263.png', 'code': 1150}",4.3,6.8,142,SE,1011.0,29.85,0.34,0.01,0.0,85,89,27.2,80.9,24.9,76.7,27.2,80.9,22.1,71.8,1,100,0,0,5.0,3.0,6.3,10.2,0.0
1735336800,2024-12-28 06:00,24.9,76.9,0,"{'text': 'Patchy rain possible', 'icon': '//cdn.weatherapi.com/weather/64x64/night/176.png', 'code': 1063}",4.5,7.2,155,SSE,1011.0,29.86,0.13,0.01,0.0,84,59,27.2,81.0,24.9,76.9,27.2,81.0,22.0,71.6,1,100,0,0,10.0,6.0,6.7,10.8,0.0
1735340400,2024-12-28 07:00,25.1,77.2,1,"{'text': 'Partly cloudy', 'icon': '//cdn.weatherapi.com/weather/64x64/day/116.png', 'code': 1003}",4.3,6.8,168,SSE,1012.0,29.88,0.0,0.0,0.0,82,62,27.4,81.3,25.1,77.2,27.4,81.3,21.9,71.4,0,45,0,0,10.0,6.0,6.3,10.1,7.0
1735344000,2024-12-28 08:00,25.5,77.9,1,"{'text': 'Partly cloudy', 'icon': '//cdn.weatherapi.com/weather/64x64/day/116.png', 'code': 1003}",4.0,6.5,168,SSE,1013.0,29.91,0.0,0.0,0.0,81,61,27.8,82.1,25.5,77.9,27.8,82.1,22.0,71.6,0,45,0,0,10.0,6.0,5.7,9.1,7.0
1735347600,2024-12-28 09:00,25.7,78.3,1,"{'text': 'Patchy rain possible', 'icon': '//cdn.weatherapi.com/weather/64x64/day/176.png', 'code': 1063}",3.6,5.8,180,S,1013.0,29.93,0.12,0.0,0.0,80,77,28.1,82.5,25.7,78.3,28.1,82.5,22.0,71.5,1,100,0,0,10.0,6.0,4.9,7.9,6.0
1735351200,2024-12-28 10:00,25.8,78.5,1,"{'text': 'Light rain shower', 'icon': '//cdn.weatherapi.com/weather/64x64/day/353.png', 'code': 1240}",4.0,6.5,188,S,1013.0,29.93,0.27,0.01,0.0,80,77,28.3,82.9,25.8,78.5,28.3,82.9,22.1,71.8,1,100,0,0,10.0,6.0,5.4,8.7,6.0
1735354800,2024-12-28 11:00,25.6,78.2,1,"{'text': 'Light rain shower', 'icon': '//cdn.weatherapi.com/weather/64x64/day/353.png', 'code': 1240}",4.0,6.5,208,SSW,1013.0,29.91,0.35,0.01,0.0,82,62,28.1,82.6,25.6,78.2,28.1,82.6,22.3,72.1,1,100,0,0,10.0,6.0,5.3,8.5,6.0
1735358400,2024-12-28 12:00,25.7,78.2,1,"{'text': 'Light rain shower', 'icon': '//cdn.weatherapi.com/weather/64x64/day/353.png', 'code': 1240}",4.0,6.5,211,SSW,1012.0,29.89,0.31,0.01,0.0,82,51,28.2,82.7,25.7,78.2,28.2,82.7,22.4,72.3,1,100,0,0,10.0,6.0,5.3,8.5,6.0
1735362000,2024-12-28 13:00,25.7,78.3,1,"{'text': 'Light rain shower', 'icon': '//cdn.weatherapi.com/weather/64x64/day/353.png', 'code': 1240}",3.8,6.1,200,SSW,1011.0,29.86,0.15,0.01,0.0,82,55,28.3,82.9,25.7,78.3,28.3,82.9,22.4,72.3,1,100,0,0,10.0,6.0,5.1,8.3,6.0
1735365600,2024-12-28 14:00,25.8,78.4,1,"{'text': 'Light rain shower', 'icon': '//cdn.weatherapi.com/weather/64x64/day/353.png', 'code': 1240}",4.9,7.9,200,SSW,1010.0,29.84,0.3,0.01,0.0,82,54,28.4,83.0,25.8,78.4,28.4,83.0,22.5,72.4,1,100,0,0,10.0,6.0,6.8,11.0,6.0
1735369200,2024-12-28 15:00,25.8,78.5,1,"{'text': 'Light rain shower', 'icon': '//cdn.weatherapi.com/weather/64x64/day/353.png', 'code': 1240}",4.7,7.6,207,SSW,1010.0,29.81,0.37,0.01,0.0,82,56,28.4,83.1,25.8,78.5,28.4,83.1,22.5,72.5,1,100,0,0,10.0,6.0,6.0,9.7,6.0
1735372800,2024-12-28 16:00,25.6,78.0,1,"{'text': 'Light rain shower', 'icon': '//cdn.weatherapi.com/weather/64x64/day/353.png', 'code': 1240}",4.3,6.8,225,SW,1009.0,29.81,0.31,0.01,0.0,83,55,28.1,82.6,25.6,78.0,28.1,82.6,22.5,72.4,1,100,0,0,10.0,6.0,5.6,9.0,6.0
1735376400,2024-12-28 17:00,25.1,77.2,1,"{'text': 'Patchy rain possible', 'icon': '//cdn.weatherapi.com/weather/64x64/day/176.png', 'code': 1063}",4.0,6.5,240,WSW,1010.0,29.82,0.3,0.01,0.0,86,71,27.6,81.8,25.1,77.3,27.6,81.8,22.6,72.6,1,100,0,0,9.0,5.0,5.4,8.7,6.0
1735380000,2024-12-28 18:00,25.0,77.0,1,"{'text': 'Patchy rain possible', 'icon': '//cdn.weatherapi.com/weather/64x64/day/176.png', 'code': 1063}",3.6,5.8,242,WSW,1011.0,29.84,0.1,0.0,0.0,86,54,27.4,81.4,25.0,77.0,27.4,81.4,22.5,72.5,1,100,0,0,10.0,6.0,4.8,7.7,5.0
1735383600,2024-12-28 19:00,24.8,76.6,0,"{'text': 'Patchy rain possible', 'icon': '//cdn.weatherapi.com/weather/64x64/night/176.png', 'code': 1063}",4.0,6.5,217,SW,1011.0,29.86,0.03,0.0,0.0,86,100,27.1,80.8,24.8,76.6,27.1,80.8,22.2,72.0,0,45,0,0,10.0,6.0,5.6,9.0,0.0
1735387200,2024-12-28 20:00,24.7,76.5,0,"{'text': 'Patchy rain possible', 'icon': '//cdn.weatherapi.com/weather/64x64/night/176.png', 'code': 1063}",4.5,7.2,199,SSW,1012.0,29.87,0.01,0.0,0.0,85,100,27.0,80.6,24.7,76.5,27.0,80.6,22.1,71.7,0,45,0,0,10.0,6.0,6.3,10.2,0.0
1735390800,2024-12-28 21:00,24.8,76.6,0,"{'text': 'Patchy rain possible', 'icon': '//cdn.weatherapi.com/weather/64x64/night/176.png', 'code': 1063}",5.1,8.3,187,S,1012.0,29.88,0.01,0.0,0.0,84,77,27.0,80.7,24.8,76.6,27.0,80.7,22.0,71.5,0,45,0,0,10.0,6.0,7.4,12.0,0.0
1735394400,2024-12-28 22:00,24.8,76.6,0,"{'text': 'Cloudy', 'icon': '//cdn.weatherapi.com/weather/64x64/night/119.png', 'code': 1006}",5.6,9.0,187,S,1012.0,29.88,0.0,0.0,0.0,84,66,27.0,80.6,24.8,76.6,27.0,80.6,21.8,71.3,0,45,0,0,10.0,6.0,8.3,13.3,0.0
1735398000,2024-12-28 23:00,24.8,76.7,0,"{'text': 'Partly cloudy', 'icon': '//cdn.weatherapi.com/weather/64x64/night/116.png', 'code': 1003}",6.5,10.4,193,SSW,1012.0,29.87,0.0,0.0,0.0,83,40,27.0,80.6,24.8,76.7,27.0,80.6,21.7,71.1,0,45,0,0,10.0,6.0,9.7,15.6,0.0
