time_epoch,time,temp_c,temp_f,is_day,condition,wind_mph,wind_kph,wind_degree,wind_dir,pressure_mb,pressure_in,precip_mm,precip_in,snow_cm,humidity,cloud,feelslike_c,feelslike_f,windchill_c,windchill_f,heatindex_c,heatindex_f,dewpoint_c,dewpoint_f,will_it_rain,chance_of_rain,will_it_snow,chance_of_snow,vis_km,vis_miles,gust_mph,gust_kph,uv
1735142400,2024-12-26 00:00,25.6,78.1,0,"{'text': 'Patchy light drizzle', 'icon': '//cdn.weatherapi.com/weather/64x64/night/263.png', 'code': 1150}",5.1,8.3,154,SSE,1012.0,29.89,0.33,0.01,0.0,82,82,28.1,82.5,25.6,78.1,28.1,82.5,22.3,72.1,1,100,0,0,5.0,3.0,7.9,12.6,0.0
1735146000,2024-12-26 01:00,25.6,78.0,0,"{'text': 'Patchy rain possible', 'icon': '//cdn.weatherapi.com/weather/64x64/night/176.png', 'code': 1063}",4.9,7.9,172,S,1012.0,29.88,0.01,0.0,0.0,81,85,28.0,82.3,25.6,78.0,28.0,82.3,22.1,71.8,0,45,0,0,10.0,6.0,7.4,11.9,0.0
1735149600,2024-12-26 02:00,25.5,77.9,0,"{'text': 'Partly cloudy', 'icon': '//cdn.weatherapi.com/weather/64x64/night/116.png', 'code': 1003}",4.7,7.6,174,S,1012.0,29.87,0.0,0.0,0.0,81,59,27.8,82.1,25.5,77.9,27.8,82.1,22.0,71.6,0,45,0,0,10.0,6.0,7.1,11.4,0.0
1735153200,2024-12-26 03:00,25.5,77.9,0,"{'text': 'Patchy rain possible', 'icon': '//cdn.weatherapi.com/weather/64x64/night/176.png', 'code': 1063}",5.1,8.3,178,S,1011.0,29.86,0.01,0.0,0.0,81,61,27.8,82.0,25.5,77.9,27.8,82.0,21.9,71.4,0,45,0,0,10.0,6.0,7.8,12.6,0.0
1735156800,2024-12-26 04:00,25.5,77.9,0,"{'text': 'Partly cloudy', 'icon': '//cdn.weatherapi.com/weather/64x64/night/116.png', 'code': 1003}",5.6,9.0,184,S,1011.0,29.86,0.0,0.0,0.0,80,57,27.8,82.0,25.5,77.9,27.8,82.0,21.7,71.1,0,45,0,0,10.0,6.0,8.5,13.8,0.0
1735160400,2024-12-26 05:00,25.5,78.0,0,"{'text': 'Partly cloudy', 'icon': '//cdn.weatherapi.com/weather/64x64/night/116.png', 'code': 1003}",5.1,8.3,181,S,1011.0,29.87,0.0,0.0,0.0,79,48,27.7,81.9,25.5,78.0,27.7,81.9,21.5,70.8,0,45,0,0,10.0,6.0,7.9,12.7,0.0
1735164000,2024-12-26 06:00,25.5,77.9,0,"{'text': 'Partly cloudy', 'icon': '//cdn.weatherapi.com/weather/64x64/night/116.png', 'code': 1003}",4.3,6.8,175,S,1012.0,29.88,0.0,0.0,0.0,78,40,27.6,81.8,25.5,77.9,27.6,81.8,21.4,70.5,0,45,0,0,10.0,6.0,6.5,10.5,0.0
1735167600,2024-12-26 07:00,25.5,77.9,1,"{'text': 'Partly cloudy', 'icon': '//cdn.weatherapi.com/weather/64x64/day/116.png', 'code': 1003}",2.5,4.0,172,S,1012.0,29.89,0.0,0.0,0.0,78,45,27.6,81.7,25.5,77.9,27.6,81.7,21.3,70.4,0,0,0,0,10.0,6.0,3.7,6.0,7.0
1735171200,2024-12-26 08:00,26.0,78.8,1,"{'text': 'Partly cloudy', 'icon': '//cdn.weatherapi.com/weather/64x64/day/116.png', 'code': 1003}",2.5,4.0,94,E,1013.0,29.91,0.0,0.0,0.0,77,47,28.3,83.0,26.0,78.9,28.3,83.0,21.7,71.1,0,0,0,0,10.0,6.0,3.4,5.5,7.0
1735174800,2024-12-26 09:00,26.4,79.6,1,"{'text': 'Partly cloudy', 'icon': '//cdn.weatherapi.com/weather/64x64/day/116.png', 'code': 1003}",3.8,6.1,64,ENE,1014.0,29.93,0.0,0.0,0.0,77,49,29.0,84.1,26.4,79.6,29.0,84.1,22.1,71.7,0,45,0,0,10.0,6.0,5.1,8.2,7.0
1735178400,2024-12-26 10:00,26.4,79.6,1,"{'text': 'Patchy rain possible', 'icon': '//cdn.weatherapi.com/weather/64x64/day/176.png', 'code': 1063}",5.8,9.4,48,NE,1014.0,29.94,0.01,0.0,0.0,78,91,29.0,84.3,26.4,79.6,29.0,84.3,22.3,72.1,0,45,0,0,10.0,6.0,7.9,12.7,6.0
1735182000,2024-12-26 11:00,26.3,79.3,1,"{'text': 'Patchy rain possible', 'icon': '//cdn.weatherapi.com/weather/64x64/day/176.png', 'code': 1063}",7.6,12.2,40,NE,1013.0,29.92,0.07,0.0,0.0,80,72,28.9,84.1,26.3,79.3,28.9,84.1,22.5,72.4,0,45,0,0,10.0,6.0,10.2,16.5,6.0
1735185600,2024-12-26 12:00,26.0,78.8,1,"{'text': 'Patchy rain possible', 'icon': '//cdn.weatherapi.com/weather/64x64/day/176.png', 'code': 1063}",9.2,14.8,47,NE,1012.0,29.9,0.05,0.0,0.0,81,61,28.6,83.5,26.0,78.8,28.6,83.5,22.6,72.6,0,45,0,0,10.0,6.0,11.9,19.2,6.0
1735189200,2024-12-26 13:00,25.6,78.2,1,"{'text': 'Patchy rain possible', 'icon': '//cdn.weatherapi.com/weather/64x64/day/176.png', 'code': 1063}",10.1,16.2,45,NE,1012.0,29.89,0.12,0.0,0.0,83,85,28.2,82.7,25.7,78.2,28.2,82.7,22.5,72.4,1,100,0,0,10.0,6.0,13.0,20.9,6.0
1735192800,2024-12-26 14:00,25.5,77.9,1,"{'text': 'Patchy rain possible', 'icon': '//cdn.weatherapi.com/weather/64x64/day/176.png', 'code': 1063}",11.9,19.1,42,NE,1012.0,29.87,0.08,0.0,0.0,83,86,28.0,82.3,25.5,77.8,28.0,82.3,22.4,72.4,0,45,0,0,10.0,6.0,15.1,24.3,6.0
1735196400,2024-12-26 15:00,25.2,77.3,1,"{'text': 'Patchy rain possible', 'icon': '//cdn.weatherapi.com/weather/64x64/day/176.png', 'code': 1063}",11.4,18.4,40,NE,1011.0,29.84,0.02,0.0,0.0,85,58,27.7,81.8,25.2,77.3,27.7,81.8,22.5,72.4,0,45,0,0,10.0,6.0,14.5,23.3,6.0
1735200000,2024-12-26 16:00,25.2,77.3,1,"{'text': 'Patchy rain possible', 'icon': '//cdn.weatherapi.com/weather/64x64/day/176.png', 'code': 1063}",9.6,15.5,42,NE,1010.0,29.83,0.09,0.0,0.0,85,56,27.6,81.7,25.2,77.3,27.6,81.7,22.4,72.3,1,100,0,0,10.0,6.0,12.5,20.1,6.0
1735203600,2024-12-26 17:00,25.2,77.4,1,"{'text': 'Patchy rain possible', 'icon': '//cdn.weatherapi.com/weather/64x64/day/176.png', 'code': 1063}",8.9,14.4,46,NE,1010.0,29.84,0.05,0.0,0.0,84,58,27.6,81.8,25.2,77.4,27.6,81.8,22.4,72.3,0,45,0,0,10.0,6.0,11.7,18.9,6.0
1735207200,2024-12-26 18:00,25.3,77.5,1,"{'text': 'Cloudy', 'icon': '//cdn.weatherapi.com/weather/64x64/day/119.png', 'code': 1006}",9.6,15.5,46,NE,1011.0,29.85,0.0,0.0,0.0,84,63,27.7,81.9,25.3,77.5,27.7,81.9,22.3,72.2,0,45,0,0,10.0,6.0,12.9,20.8,6.0
1735210800,2024-12-26 19:00,25.1,77.3,0,"{'text': 'Partly cloudy', 'icon': '//cdn.weatherapi.com/weather/64x64/night/116.png', 'code': 1003}",9.2,14.8,44,NE,1011.0,29.87,0.0,0.0,0.0,83,37,27.5,81.5,25.2,77.3,27.5,81.5,22.2,71.9,0,0,0,0,10.0,6.0,12.9,20.7,0.0
1735214400,2024-12-26 20:00,25.0,77.0,0,"{'text': 'Partly cloudy', 'icon': '//cdn.weatherapi.com/weather/64x64/night/116.png', 'code': 1003}",8.1,13.0,47,NE,1012.0,29.89,0.0,0.0,0.0,84,61,27.3,81.2,25.0,77.0,27.3,81.2,22.0,71.7,0,0,0,0,10.0,6.0,11.7,18.8,0.0
1735218000,2024-12-26 21:00,25.0,77.1,0,"{'text': 'Partly cloudy', 'icon': '//cdn.weatherapi.com/weather/64x64/night/116.png', 'code': 1003}",6.9,11.2,55,NE,1013.0,29.91,0.0,0.0,0.0,83,48,27.3,81.2,25.0,77.1,27.3,81.2,22.0,71.5,0,0,0,0,10.0,6.0,10.1,16.3,0.0
1735221600,2024-12-26 22:00,25.0,77.0,0,"{'text': 'Partly cloudy', 'icon': '//cdn.weatherapi.com/weather/64x64/night/116.png', 'code': 1003}",5.4,8.6,56,ENE,1013.0,29.91,0.0,0.0,0.0,82,50,27.2,81.0,25.0,77.0,27.2,81.0,21.8,71.2,0,0,0,0,10.0,6.0,7.9,12.7,0.0
1735225200,2024-12-26 23:00,24.9,76.8,0,"{'text': 'Partly cloudy', 'icon': '//cdn.weatherapi.com/weather/64x64/night/116.png', 'code': 1003}",3.6,5.8,68,ENE,1012.0,29.89,0.0,0.0,0.0,82,45,27.1,80.7,24.9,76.8,27.1,80.7,21.6,70.9,0,0,0,0,10.0,6.0,5.3,8.5,0.0
