time_epoch,time,temp_c,temp_f,is_day,condition,wind_mph,wind_kph,wind_degree,wind_dir,pressure_mb,pressure_in,precip_mm,precip_in,snow_cm,humidity,cloud,feelslike_c,feelslike_f,windchill_c,windchill_f,heatindex_c,heatindex_f,dewpoint_c,dewpoint_f,will_it_rain,chance_of_rain,will_it_snow,chance_of_snow,vis_km,vis_miles,gust_mph,gust_kph,uv
1735488000,2024-12-30 00:00,25.7,78.3,0,"{'text': 'Light rain shower', 'icon': '//cdn.weatherapi.com/weather/64x64/night/353.png', 'code': 1240}",13.2,21.2,77,ENE,1013.0,29.91,0.39,0.02,0.0,85,100,28.6,83.4,25.7,78.3,28.6,83.4,23.0,73.5,1,100,0,0,10.0,6.0,22.8,36.8,0.0
1735491600,2024-12-30 01:00,25.6,78.2,0,"{'text': 'Light rain shower', 'icon': '//cdn.weatherapi.com/weather/64x64/night/353.png', 'code': 1240}",13.2,21.2,80,E,1013.0,29.91,0.23,0.01,0.0,85,100,28.4,83.1,25.6,78.2,28.4,83.1,22.9,73.3,1,100,0,0,10.0,6.0,23.4,37.7,0.0
1735495200,2024-12-30 02:00,25.6,78.0,0,"{'text': 'Light rain shower', 'icon': '//cdn.weatherapi.com/weather/64x64/night/353.png', 'code': 1240}",12.5,20.2,83,E,1012.0,29.89,0.17,0.01,0.0,85,97,28.2,82.8,25.6,78.0,28.2,82.8,22.8,73.0,1,100,0,0,10.0,6.0,22.8,36.6,0.0
1735498800,2024-12-30 03:00,25.5,78.0,0,"{'text': 'Patchy rain possible', 'icon': '//cdn.weatherapi.com/weather/64x64/night/176.png', 'code': 1063}",11.4,18.4,84,E,1012.0,29.87,0.12,0.0,0.0,84,86,28.1,82.6,25.6,78.0,28.1,82.6,22.6,72.6,1,100,0,0,10.0,6.0,18.5,29.7,0.0
1735502400,2024-12-30 04:00,25.5,77.9,0,"{'text': 'Light rain shower', 'icon': '//cdn.weatherapi.com/weather/64x64/night/353.png', 'code': 1240}",11.4,18.4,89,E,1011.0,29.86,0.21,0.01,0.0,83,78,28.0,82.3,25.5,77.9,28.0,82.3,22.4,72.3,1,100,0,0,10.0,6.0,18.5,29.8,0.0
1735506000,2024-12-30 05:00,25.4,77.8,0,"{'text': 'Patchy rain possible', 'icon': '//cdn.weatherapi.com/weather/64x64/night/176.png', 'code': 1063}",10.5,16.9,94,E,1011.0,29.86,0.05,0.0,0.0,83,75,27.9,82.3,25.5,77.8,27.9,82.3,22.4,72.3,0,45,0,0,10.0,6.0,17.2,27.8,0.0
1735509600,2024-12-30 06:00,25.4,77.8,0,"{'text': 'Patchy rain possible', 'icon': '//cdn.weatherapi.com/weather/64x64/night/176.png', 'code': 1063}",9.6,15.5,99,E,1012.0,29.88,0.01,0.0,0.0,83,81,27.9,82.3,25.5,77.8,27.9,82.3,22.4,72.3,0,45,0,0,10.0,6.0,15.8,25.5,0.0
1735513200,2024-12-30 07:00,25.3,77.6,0,"{'text': 'Patchy rain possible', 'icon': '//cdn.weatherapi.com/weather/64x64/night/176.png', 'code': 1063}",8.7,14.0,109,ESE,1012.0,29.89,0.01,0.0,0.0,84,93,27.8,82.1,25.4,77.6,27.8,82.1,22.4,72.4,0,45,0,0,10.0,6.0,14.4,23.1,0.0
1735516800,2024-12-30 08:00,25.4,77.7,1,"{'text': 'Cloudy', 'icon': '//cdn.weatherapi.com/weather/64x64/day/119.png', 'code': 1006}",7.8,12.6,118,ESE,1013.0,29.91,0.0,0.0,0.0,85,80,27.9,82.3,25.4,77.7,27.9,82.3,22.6,72.7,0,0,0,0,10.0,6.0,12.7,20.5,6.0
1735520400,2024-12-30 09:00,25.7,78.2,1,"{'text': 'Light drizzle', 'icon': '//cdn.weatherapi.com/weather/64x64/day/266.png', 'code': 1153}",7.2,11.5,118,ESE,1014.0,29.94,0.24,0.01,0.0,85,82,28.4,83.1,25.7,78.2,28.4,83.1,22.9,73.2,1,100,0,0,2.0,1.0,11.1,17.8,6.0
1735524000,2024-12-30 10:00,25.9,78.6,1,"{'text': 'Light rain shower', 'icon': '//cdn.weatherapi.com/weather/64x64/day/353.png', 'code': 1240}",6.9,11.2,115,ESE,1014.0,29.96,1.07,0.04,0.0,86,76,28.9,84.0,25.9,78.6,28.9,84.0,23.3,74.0,1,100,0,0,10.0,6.0,10.5,16.9,6.0
1735527600,2024-12-30 11:00,26.6,79.9,1,"{'text': 'Patchy rain possible', 'icon': '//cdn.weatherapi.com/weather/64x64/day/176.png', 'code': 1063}",6.3,10.1,107,ESE,1014.0,29.95,0.62,0.02,0.0,84,79,30.0,86.0,26.6,79.9,30.0,86.0,23.6,74.5,1,100,0,0,9.0,5.0,8.8,14.1,6.0
1735531200,2024-12-30 12:00,26.7,80.1,1,"{'text': 'Patchy rain possible', 'icon': '//cdn.weatherapi.com/weather/64x64/day/176.png', 'code': 1063}",6.3,10.1,91,E,1013.0,29.93,0.27,0.01,0.0,82,87,30.0,86.1,26.8,80.2,30.0,86.1,23.4,74.1,1,100,0,0,9.0,5.0,9.5,15.3,6.0
1735534800,2024-12-30 13:00,27.0,80.7,1,"{'text': 'Patchy rain possible', 'icon': '//cdn.weatherapi.com/weather/64x64/day/176.png', 'code': 1063}",5.4,8.6,68,ENE,1012.0,29.9,0.12,0.0,0.0,79,75,30.2,86.3,27.0,80.7,30.2,86.3,23.0,73.4,1,100,0,0,10.0,6.0,8.4,13.5,6.0
1735538400,2024-12-30 14:00,27.4,81.4,1,"{'text': 'Patchy rain possible', 'icon': '//cdn.weatherapi.com/weather/64x64/day/176.png', 'code': 1063}",5.6,9.0,45,NE,1012.0,29.87,0.1,0.0,0.0,75,64,30.5,86.9,27.4,81.4,30.5,86.9,22.6,72.7,1,100,0,0,10.0,6.0,8.9,14.3,6.0
1735542000,2024-12-30 15:00,27.4,81.4,1,"{'text': 'Patchy rain possible', 'icon': '//cdn.weatherapi.com/weather/64x64/day/176.png', 'code': 1063}",5.6,9.0,33,NNE,1010.0,29.84,0.15,0.01,0.0,74,74,30.4,86.7,27.4,81.4,30.4,86.7,22.4,72.4,1,100,0,0,9.0,5.0,7.3,11.7,6.0
1735545600,2024-12-30 16:00,27.4,81.4,1,"{'text': 'Patchy rain possible', 'icon': '//cdn.weatherapi.com/weather/64x64/day/176.png', 'code': 1063}",5.6,9.0,27,NNE,1010.0,29.81,0.03,0.0,0.0,73,75,30.3,86.5,27.4,81.4,30.3,86.5,22.3,72.1,0,45,0,0,10.0,6.0,7.3,11.8,6.0
1735549200,2024-12-30 17:00,27.3,81.1,1,"{'text': 'Patchy rain possible', 'icon': '//cdn.weatherapi.com/weather/64x64/day/176.png', 'code': 1063}",5.4,8.6,22,NNE,1009.0,29.81,0.03,0.0,0.0,75,75,30.2,86.3,27.3,81.1,30.2,86.3,22.4,72.3,0,45,0,0,10.0,6.0,7.2,11.6,6.0
1735552800,2024-12-30 18:00,26.8,80.3,1,"{'text': 'Patchy rain possible', 'icon': '//cdn.weatherapi.com/weather/64x64/day/176.png', 'code': 1063}",4.5,7.2,23,NNE,1010.0,29.82,0.02,0.0,0.0,78,70,29.8,85.6,26.8,80.3,29.8,85.6,22.7,72.8,0,45,0,0,10.0,6.0,6.3,10.2,6.0
1735556400,2024-12-30 19:00,25.9,78.7,1,"{'text': 'Patchy rain possible', 'icon': '//cdn.weatherapi.com/weather/64x64/day/176.png', 'code': 1063}",4.3,6.8,25,NNE,1011.0,29.84,0.01,0.0,0.0,81,72,28.6,83.4,25.9,78.7,28.6,83.4,22.5,72.5,0,45,0,0,10.0,6.0,6.8,11.0,6.0
1735560000,2024-12-30 20:00,25.7,78.2,0,"{'text': 'Patchy rain possible', 'icon': '//cdn.weatherapi.com/weather/64x64/night/176.png', 'code': 1063}",3.8,6.1,31,NNE,1011.0,29.86,0.01,0.0,0.0,82,78,28.3,82.9,25.7,78.2,28.3,82.9,22.5,72.5,0,45,0,0,10.0,6.0,6.2,10.0,0.0
1735563600,2024-12-30 21:00,25.6,78.2,0,"{'text': 'Patchy rain possible', 'icon': '//cdn.weatherapi.com/weather/64x64/night/176.png', 'code': 1063}",2.9,4.7,40,NE,1012.0,29.89,0.02,0.0,0.0,83,53,28.2,82.7,25.6,78.2,28.2,82.7,22.5,72.5,0,45,0,0,10.0,6.0,4.8,7.7,0.0
1735567200,2024-12-30 22:00,25.5,78.0,0,"{'text': 'Partly cloudy', 'icon': '//cdn.weatherapi.com/weather/64x64/night/116.png', 'code': 1003}",0.4,0.7,38,NE,1013.0,29.91,0.0,0.0,0.0,83,52,28.0,82.5,25.5,78.0,28.0,82.5,22.4,72.3,0,45,0,0,10.0,6.0,0.7,1.2,0.0
1735570800,2024-12-30 23:00,25.3,77.5,0,"{'text': 'Partly cloudy', 'icon': '//cdn.weatherapi.com/weather/64x64/night/116.png', 'code': 1003}",1.1,1.8,219,SW,1013.0,29.92,0.0,0.0,0.0,84,56,27.7,81.9,25.3,77.5,27.7,81.9,22.4,72.3,0,45,0,0,10.0,6.0,1.8,3.0,0.0
