time_epoch,time,temp_c,temp_f,is_day,condition,wind_mph,wind_kph,wind_degree,wind_dir,pressure_mb,pressure_in,precip_mm,precip_in,snow_cm,humidity,cloud,feelslike_c,feelslike_f,windchill_c,windchill_f,heatindex_c,heatindex_f,dewpoint_c,dewpoint_f,will_it_rain,chance_of_rain,will_it_snow,chance_of_snow,vis_km,vis_miles,gust_mph,gust_kph,uv
1735056000,2024-12-25 00:00,25.9,78.5,0,"{'text': 'Light rain shower', 'icon': '//cdn.weatherapi.com/weather/64x64/night/353.png', 'code': 1240}",5.4,8.6,173,S,1011.0,29.85,0.25,0.01,0.0,86,56,28.9,84.0,25.9,78.5,28.9,84.0,23.4,74.2,1,100,0,0,10.0,6.0,7.9,12.7,0.0
1735059600,2024-12-25 01:00,25.9,78.6,0,"{'text': 'Partly cloudy', 'icon': '//cdn.weatherapi.com/weather/64x64/night/116.png', 'code': 1003}",4.9,7.9,175,S,1010.0,29.84,0.0,0.0,0.0,85,46,28.8,83.9,25.9,78.6,28.8,83.9,23.2,73.8,0,45,0,0,10.0,6.0,7.2,11.6,0.0
1735063200,2024-12-25 02:00,25.9,78.6,0,"{'text': 'Patchy rain possible', 'icon': '//cdn.weatherapi.com/weather/64x64/night/176.png', 'code': 1063}",4.5,7.2,175,S,1010.0,29.83,0.08,0.0,0.0,85,70,28.7,83.7,25.9,78.5,28.7,83.7,23.1,73.6,0,45,0,0,10.0,6.0,6.6,10.6,0.0
1735066800,2024-12-25 03:00,25.7,78.2,0,"{'text': 'Patchy rain possible', 'icon': '//cdn.weatherapi.com/weather/64x64/night/176.png', 'code': 1063}",4.7,7.6,179,S,1010.0,29.81,0.71,0.03,0.0,85,87,28.4,83.2,25.7,78.2,28.4,83.2,23.0,73.4,1,100,0,0,9.0,5.0,7.1,11.4,0.0
1735070400,2024-12-25 04:00,25.5,78.0,0,"{'text': 'Partly cloudy', 'icon': '//cdn.weatherapi.com/weather/64x64/night/116.png', 'code': 1003}",4.9,7.9,194,SSW,1009.0,29.8,0.0,0.0,0.0,86,29,28.3,82.9,25.5,78.0,28.3,82.9,23.0,73.3,0,0,0,0,10.0,6.0,7.4,11.9,0.0
1735074000,2024-12-25 05:00,25.6,78.1,0,"{'text': 'Patchy rain possible', 'icon': '//cdn.weatherapi.com/weather/64x64/night/176.png', 'code': 1063}",4.5,7.2,189,S,1010.0,29.82,0.02,0.0,0.0,85,87,28.3,83.0,25.6,78.1,28.3,83.0,22.9,73.2,0,45,0,0,10.0,6.0,6.6,10.7,0.0
1735077600,2024-12-25 06:00,25.6,78.1,0,"{'text': 'Partly cloudy', 'icon': '//cdn.weatherapi.com/weather/64x64/night/116.png', 'code': 1003}",4.0,6.5,177,S,1010.0,29.83,0.0,0.0,0.0,85,31,28.3,83.0,25.6,78.1,28.3,83.0,22.9,73.2,0,0,0,0,10.0,6.0,5.9,9.5,0.0
1735081200,2024-12-25 07:00,25.7,78.2,1,"{'text': 'Partly cloudy', 'icon': '//cdn.weatherapi.com/weather/64x64/day/116.png', 'code': 1003}",3.4,5.4,163,SSE,1011.0,29.84,0.0,0.0,0.0,85,27,28.4,83.2,25.7,78.2,28.4,83.2,22.9,73.2,0,45,0,0,10.0,6.0,4.9,7.9,7.0
1735084800,2024-12-25 08:00,26.3,79.4,1,"{'text': 'Sunny', 'icon': '//cdn.weatherapi.com/weather/64x64/day/113.png', 'code': 1000}",2.5,4.0,170,S,1012.0,29.87,0.0,0.0,0.0,83,17,29.4,85.0,26.4,79.4,29.4,85.0,23.3,73.9,0,0,0,0,10.0,6.0,3.3,5.4,7.0
1735088400,2024-12-25 09:00,27.1,80.7,1,"{'text': 'Partly cloudy', 'icon': '//cdn.weatherapi.com/weather/64x64/day/116.png', 'code': 1003}",2.0,3.2,174,S,1012.0,29.89,0.0,0.0,0.0,80,33,30.4,86.7,27.1,80.7,30.4,86.7,23.3,73.9,0,0,0,0,10.0,6.0,2.4,3.9,7.0
1735092000,2024-12-25 10:00,27.6,81.8,1,"{'text': 'Partly cloudy', 'icon': '//cdn.weatherapi.com/weather/64x64/day/116.png', 'code': 1003}",1.6,2.5,206,SSW,1012.0,29.88,0.0,0.0,0.0,76,30,31.1,87.9,27.6,81.8,31.1,87.9,23.1,73.6,0,45,0,0,10.0,6.0,1.8,3.0,7.0
1735095600,2024-12-25 11:00,28.0,82.4,1,"{'text': 'Patchy rain possible', 'icon': '//cdn.weatherapi.com/weather/64x64/day/176.png', 'code': 1063}",2.2,3.6,271,W,1011.0,29.86,0.04,0.0,0.0,75,71,31.5,88.6,28.0,82.4,31.5,88.6,23.0,73.5,0,45,0,0,10.0,6.0,2.6,4.2,6.0
1735099200,2024-12-25 12:00,28.1,82.6,1,"{'text': 'Patchy rain possible', 'icon': '//cdn.weatherapi.com/weather/64x64/day/176.png', 'code': 1063}",4.3,6.8,297,WNW,1011.0,29.84,0.11,0.0,0.0,74,89,31.7,89.1,28.1,82.6,31.7,89.1,23.1,73.6,1,100,0,0,10.0,6.0,5.0,8.0,6.0
1735102800,2024-12-25 13:00,28.1,82.6,1,"{'text': 'Patchy rain possible', 'icon': '//cdn.weatherapi.com/weather/64x64/day/176.png', 'code': 1063}",5.4,8.6,304,NW,1010.0,29.82,0.18,0.01,0.0,74,76,31.6,89.0,28.1,82.6,31.6,89.0,23.1,73.6,1,100,0,0,9.0,5.0,6.4,10.3,6.0
1735106400,2024-12-25 14:00,28.1,82.6,1,"{'text': 'Patchy light drizzle', 'icon': '//cdn.weatherapi.com/weather/64x64/day/263.png', 'code': 1150}",6.0,9.7,308,NW,1009.0,29.8,0.36,0.01,0.0,75,57,31.7,89.1,28.1,82.6,31.7,89.1,23.2,73.7,1,100,0,0,5.0,3.0,7.2,11.6,6.0
1735110000,2024-12-25 15:00,28.0,82.3,1,"{'text': 'Patchy light rain', 'icon': '//cdn.weatherapi.com/weather/64x64/day/293.png', 'code': 1180}",5.8,9.4,308,NW,1009.0,29.79,1.14,0.05,0.0,76,68,31.6,88.9,28.0,82.3,31.6,88.9,23.3,73.9,1,100,0,0,9.0,5.0,7.1,11.4,6.0
1735113600,2024-12-25 16:00,27.6,81.6,1,"{'text': 'Light rain shower', 'icon': '//cdn.weatherapi.com/weather/64x64/day/353.png', 'code': 1240}",4.5,7.2,320,NW,1009.0,29.79,1.05,0.04,0.0,78,87,31.1,88.1,27.6,81.6,31.1,88.1,23.4,74.1,1,100,0,0,10.0,6.0,6.0,9.6,6.0
1735117200,2024-12-25 17:00,26.9,80.4,1,"{'text': 'Moderate or heavy rain shower', 'icon': '//cdn.weatherapi.com/weather/64x64/day/356.png', 'code': 1243}",2.7,4.3,338,NNW,1009.0,29.8,2.63,0.1,0.0,82,81,30.3,86.6,26.9,80.4,30.3,86.6,23.6,74.4,1,100,0,0,7.0,4.0,4.2,6.7,6.0
1735120800,2024-12-25 18:00,26.5,79.7,1,"{'text': 'Moderate or heavy rain shower', 'icon': '//cdn.weatherapi.com/weather/64x64/day/356.png', 'code': 1243}",3.6,5.8,55,NE,1010.0,29.82,3.11,0.12,0.0,83,97,29.7,85.4,26.5,79.7,29.7,85.4,23.3,74.0,1,100,0,0,7.0,4.0,6.4,10.2,6.0
1735124400,2024-12-25 19:00,25.4,77.6,0,"{'text': 'Light rain shower', 'icon': '//cdn.weatherapi.com/weather/64x64/night/353.png', 'code': 1240}",6.5,10.4,70,ENE,1011.0,29.85,0.54,0.02,0.0,88,81,28.2,82.7,25.4,77.6,28.2,82.7,23.2,73.7,1,100,0,0,10.0,6.0,12.0,19.3,0.0
1735128000,2024-12-25 20:00,25.2,77.3,0,"{'text': 'Patchy rain possible', 'icon': '//cdn.weatherapi.com/weather/64x64/night/176.png', 'code': 1063}",3.8,6.1,71,ENE,1012.0,29.88,0.04,0.0,0.0,86,57,27.7,81.9,25.2,77.3,27.7,81.9,22.6,72.7,0,45,0,0,10.0,6.0,7.0,11.2,0.0
1735131600,2024-12-25 21:00,25.5,77.8,0,"{'text': 'Patchy rain possible', 'icon': '//cdn.weatherapi.com/weather/64x64/night/176.png', 'code': 1063}",2.9,4.7,116,ESE,1013.0,29.91,0.08,0.0,0.0,83,76,28.0,82.3,25.5,77.8,28.0,82.3,22.4,72.3,0,45,0,0,10.0,6.0,4.5,7.2,0.0
1735135200,2024-12-25 22:00,25.7,78.2,0,"{'text': 'Overcast', 'icon': '//cdn.weatherapi.com/weather/64x64/night/122.png', 'code': 1009}",3.4,5.4,138,SE,1013.0,29.91,0.0,0.0,0.0,82,90,28.2,82.7,25.7,78.2,28.2,82.7,22.3,72.1,0,0,0,0,10.0,6.0,5.1,8.2,0.0
1735138800,2024-12-25 23:00,25.8,78.4,0,"{'text': 'Partly cloudy', 'icon': '//cdn.weatherapi.com/weather/64x64/night/116.png', 'code': 1003}",4.3,6.8,176,S,1013.0,29.91,0.0,0.0,0.0,82,41,28.3,82.9,25.8,78.4,28.3,82.9,22.4,72.2,0,45,0,0,10.0,6.0,6.3,10.1,0.0
