time_epoch,time,temp_c,temp_f,is_day,condition,wind_mph,wind_kph,wind_degree,wind_dir,pressure_mb,pressure_in,precip_mm,precip_in,snow_cm,humidity,cloud,feelslike_c,feelslike_f,windchill_c,windchill_f,heatindex_c,heatindex_f,dewpoint_c,dewpoint_f,will_it_rain,chance_of_rain,will_it_snow,chance_of_snow,vis_km,vis_miles,gust_mph,gust_kph,uv
1735488000,2024-12-30 00:00,25.9,78.5,0,"{'text': 'Partly cloudy', 'icon': '//cdn.weatherapi.com/weather/64x64/night/116.png', 'code': 1003}",5.1,8.3,181,S,1010.0,29.84,0.0,0.0,0.0,84,41,28.7,83.6,25.9,78.5,28.7,83.6,23.0,73.4,0,0,0,0,10.0,6.0,7.5,12.0,0.0
1735491600,2024-12-30 01:00,25.6,78.1,0,"{'text': 'Partly cloudy', 'icon': '//cdn.weatherapi.com/weather/64x64/night/116.png', 'code': 1003}",5.6,9.0,182,S,1010.0,29.83,0.0,0.0,0.0,85,35,28.3,83.0,25.6,78.1,28.3,83.0,22.9,73.2,0,0,0,0,10.0,6.0,8.2,13.2,0.0
1735495200,2024-12-30 02:00,25.4,77.8,0,"{'text': 'Overcast', 'icon': '//cdn.weatherapi.com/weather/64x64/night/122.png', 'code': 1009}",6.7,10.8,184,S,1010.0,29.81,0.0,0.0,0.0,85,88,28.1,82.6,25.4,77.8,28.1,82.6,22.8,73.0,0,0,0,0,10.0,6.0,9.9,15.9,0.0
1735498800,2024-12-30 03:00,25.3,77.5,0,"{'text': 'Partly cloudy', 'icon': '//cdn.weatherapi.com/weather/64x64/night/116.png', 'code': 1003}",6.9,11.2,185,S,1009.0,29.8,0.0,0.0,0.0,85,47,27.8,82.1,25.3,77.5,27.8,82.1,22.6,72.7,0,0,0,0,10.0,6.0,10.4,16.7,0.0
1735502400,2024-12-30 04:00,25.3,77.5,0,"{'text': 'Clear', 'icon': '//cdn.weatherapi.com/weather/64x64/night/113.png', 'code': 1000}",7.4,11.9,184,S,1009.0,29.79,0.0,0.0,0.0,84,16,27.8,82.0,25.3,77.5,27.8,82.0,22.5,72.4,0,0,0,0,10.0,6.0,11.1,17.9,0.0
1735506000,2024-12-30 05:00,25.3,77.5,0,"{'text': 'Clear', 'icon': '//cdn.weatherapi.com/weather/64x64/night/113.png', 'code': 1000}",7.2,11.5,185,S,1009.0,29.8,0.0,0.0,0.0,83,16,27.7,81.8,25.3,77.5,27.7,81.8,22.2,71.9,0,0,0,0,10.0,6.0,10.9,17.6,0.0
1735509600,2024-12-30 06:00,25.3,77.5,0,"{'text': 'Clear', 'icon': '//cdn.weatherapi.com/weather/64x64/night/113.png', 'code': 1000}",7.4,11.9,188,S,1010.0,29.81,0.0,0.0,0.0,83,15,27.7,81.8,25.3,77.5,27.7,81.8,22.2,71.9,0,0,0,0,10.0,6.0,11.3,18.2,0.0
1735513200,2024-12-30 07:00,25.5,77.9,1,"{'text': 'Partly cloudy', 'icon': '//cdn.weatherapi.com/weather/64x64/day/116.png', 'code': 1003}",7.2,11.5,189,S,1010.0,29.83,0.0,0.0,0.0,83,30,28.0,82.3,25.5,77.9,28.0,82.3,22.3,72.2,0,0,0,0,10.0,6.0,10.7,17.2,7.0
1735516800,2024-12-30 08:00,26.2,79.1,1,"{'text': 'Sunny', 'icon': '//cdn.weatherapi.com/weather/64x64/day/113.png', 'code': 1000}",6.5,10.4,193,SSW,1011.0,29.84,0.0,0.0,0.0,81,14,28.9,83.9,26.2,79.1,28.9,83.9,22.6,72.6,0,0,0,0,10.0,6.0,8.8,14.2,7.0
1735520400,2024-12-30 09:00,27.3,81.1,1,"{'text': 'Sunny', 'icon': '//cdn.weatherapi.com/weather/64x64/day/113.png', 'code': 1000}",6.9,11.2,207,SSW,1011.0,29.86,0.0,0.0,0.0,77,7,30.4,86.8,27.3,81.1,30.4,86.8,22.9,73.2,0,0,0,0,10.0,6.0,8.3,13.3,7.0
1735524000,2024-12-30 10:00,27.8,82.1,1,"{'text': 'Sunny', 'icon': '//cdn.weatherapi.com/weather/64x64/day/113.png', 'code': 1000}",7.8,12.6,225,SW,1011.0,29.85,0.0,0.0,0.0,76,7,31.4,88.5,27.8,82.1,31.4,88.5,23.2,73.8,0,0,0,0,10.0,6.0,9.0,14.5,7.0
1735527600,2024-12-30 11:00,28.2,82.7,1,"{'text': 'Sunny', 'icon': '//cdn.weatherapi.com/weather/64x64/day/113.png', 'code': 1000}",8.3,13.3,238,WSW,1010.0,29.83,0.0,0.0,0.0,75,6,32.0,89.6,28.2,82.7,32.0,89.6,23.4,74.1,0,0,0,0,10.0,6.0,9.5,15.3,7.0
1735531200,2024-12-30 12:00,28.3,83.0,1,"{'text': 'Sunny', 'icon': '//cdn.weatherapi.com/weather/64x64/day/113.png', 'code': 1000}",8.3,13.3,252,WSW,1010.0,29.82,0.0,0.0,0.0,75,6,32.3,90.1,28.4,83.0,32.3,90.1,23.5,74.3,0,0,0,0,10.0,6.0,9.5,15.3,7.0
1735534800,2024-12-30 13:00,28.5,83.2,1,"{'text': 'Sunny', 'icon': '//cdn.weatherapi.com/weather/64x64/day/113.png', 'code': 1000}",9.2,14.8,260,W,1009.0,29.79,0.0,0.0,0.0,75,7,32.5,90.6,28.5,83.2,32.5,90.6,23.6,74.5,0,45,0,0,10.0,6.0,10.6,17.0,7.0
1735538400,2024-12-30 14:00,28.4,83.1,1,"{'text': 'Patchy rain possible', 'icon': '//cdn.weatherapi.com/weather/64x64/day/176.png', 'code': 1063}",10.1,16.2,268,W,1008.0,29.77,0.02,0.0,0.0,76,78,32.6,90.6,28.4,83.1,32.6,90.6,23.8,74.8,0,45,0,0,10.0,6.0,11.6,18.7,6.0
1735542000,2024-12-30 15:00,28.2,82.8,1,"{'text': 'Patchy rain possible', 'icon': '//cdn.weatherapi.com/weather/64x64/day/176.png', 'code': 1063}",9.2,14.8,266,W,1008.0,29.75,0.04,0.0,0.0,77,85,32.3,90.2,28.2,82.8,32.3,90.2,23.8,74.9,0,45,0,0,10.0,6.0,10.7,17.2,6.0
1735545600,2024-12-30 16:00,28.0,82.5,1,"{'text': 'Patchy rain possible', 'icon': '//cdn.weatherapi.com/weather/64x64/day/176.png', 'code': 1063}",7.2,11.5,263,W,1008.0,29.75,0.04,0.0,0.0,77,84,32.0,89.6,28.0,82.5,32.0,89.6,23.7,74.7,0,45,0,0,10.0,6.0,8.7,13.9,6.0
1735549200,2024-12-30 17:00,27.9,82.2,1,"{'text': 'Patchy rain possible', 'icon': '//cdn.weatherapi.com/weather/64x64/day/176.png', 'code': 1063}",5.4,8.6,256,WSW,1008.0,29.76,0.03,0.0,0.0,78,79,31.8,89.3,27.9,82.2,31.8,89.3,23.7,74.7,0,45,0,0,10.0,6.0,6.7,10.7,6.0
1735552800,2024-12-30 18:00,27.6,81.6,1,"{'text': 'Patchy rain possible', 'icon': '//cdn.weatherapi.com/weather/64x64/day/176.png', 'code': 1063}",3.1,5.0,240,WSW,1008.0,29.78,0.01,0.0,0.0,80,83,31.4,88.4,27.6,81.6,31.4,88.4,23.7,74.7,0,45,0,0,10.0,6.0,4.1,6.6,6.0
1735556400,2024-12-30 19:00,27.2,80.9,0,"{'text': 'Partly cloudy', 'icon': '//cdn.weatherapi.com/weather/64x64/night/116.png', 'code': 1003}",2.7,4.3,209,SSW,1009.0,29.8,0.0,0.0,0.0,80,52,30.7,87.2,27.2,80.9,30.7,87.2,23.5,74.3,0,45,0,0,10.0,6.0,3.8,6.0,0.0
1735560000,2024-12-30 20:00,27.0,80.7,0,"{'text': 'Partly cloudy', 'icon': '//cdn.weatherapi.com/weather/64x64/night/116.png', 'code': 1003}",2.9,4.7,203,SSW,1010.0,29.83,0.0,0.0,0.0,81,56,30.5,86.9,27.1,80.7,30.5,86.9,23.5,74.3,0,45,0,0,10.0,6.0,4.2,6.7,0.0
1735563600,2024-12-30 21:00,27.0,80.7,0,"{'text': 'Partly cloudy', 'icon': '//cdn.weatherapi.com/weather/64x64/night/116.png', 'code': 1003}",3.8,6.1,201,SSW,1011.0,29.85,0.0,0.0,0.0,82,60,30.6,87.0,27.0,80.7,30.6,87.0,23.7,74.6,0,45,0,0,10.0,6.0,5.4,8.7,0.0
1735567200,2024-12-30 22:00,26.9,80.4,0,"{'text': 'Patchy rain possible', 'icon': '//cdn.weatherapi.com/weather/64x64/night/176.png', 'code': 1063}",3.8,6.1,189,S,1011.0,29.86,0.01,0.0,0.0,83,70,30.5,86.8,26.9,80.4,30.5,86.8,23.8,74.8,0,45,0,0,10.0,6.0,5.5,8.8,0.0
1735570800,2024-12-30 23:00,26.5,79.7,0,"{'text': 'Patchy rain possible', 'icon': '//cdn.weatherapi.com/weather/64x64/night/176.png', 'code': 1063}",3.8,6.1,178,S,1011.0,29.85,0.56,0.02,0.0,85,85,29.9,85.8,26.5,79.7,29.9,85.8,23.7,74.7,1,100,0,0,9.0,5.0,5.6,9.0,0.0
