time_epoch,time,temp_c,temp_f,is_day,condition,wind_mph,wind_kph,wind_degree,wind_dir,pressure_mb,pressure_in,precip_mm,precip_in,snow_cm,humidity,cloud,feelslike_c,feelslike_f,windchill_c,windchill_f,heatindex_c,heatindex_f,dewpoint_c,dewpoint_f,will_it_rain,chance_of_rain,will_it_snow,chance_of_snow,vis_km,vis_miles,gust_mph,gust_kph,uv
1735315200,2024-12-28 00:00,25.5,77.9,0,"{'text': 'Light rain shower', 'icon': '//cdn.weatherapi.com/weather/64x64/night/353.png', 'code': 1240}",6.7,10.8,97,E,1013.0,29.91,1.23,0.05,0.0,88,80,28.3,83.0,25.5,77.9,28.3,83.0,23.3,73.9,1,100,0,0,10.0,6.0,11.2,18.0,0.0
1735318800,2024-12-28 01:00,25.4,77.7,0,"{'text': 'Light rain shower', 'icon': '//cdn.weatherapi.com/weather/64x64/night/353.png', 'code': 1240}",6.5,10.4,97,E,1013.0,29.9,1.09,0.04,0.0,88,89,28.3,82.9,25.4,77.7,28.3,82.9,23.3,73.9,1,100,0,0,10.0,6.0,10.6,17.0,0.0
1735322400,2024-12-28 02:00,25.3,77.6,0,"{'text': 'Patchy rain possible', 'icon': '//cdn.weatherapi.com/weather/64x64/night/176.png', 'code': 1063}",6.3,10.1,104,ESE,1012.0,29.89,0.46,0.02,0.0,88,81,28.1,82.6,25.3,77.6,28.1,82.6,23.2,73.7,1,100,0,0,9.0,5.0,10.6,17.1,0.0
1735326000,2024-12-28 03:00,25.4,77.7,0,"{'text': 'Light rain shower', 'icon': '//cdn.weatherapi.com/weather/64x64/night/353.png', 'code': 1240}",6.3,10.1,104,ESE,1012.0,29.87,0.29,0.01,0.0,87,55,28.2,82.7,25.4,77.7,28.2,82.7,23.1,73.5,1,100,0,0,10.0,6.0,10.0,16.1,0.0
1735329600,2024-12-28 04:00,25.3,77.5,0,"{'text': 'Light rain shower', 'icon': '//cdn.weatherapi.com/weather/64x64/night/353.png', 'code': 1240}",5.6,9.0,113,ESE,1011.0,29.85,0.18,0.01,0.0,87,65,27.9,82.3,25.3,77.5,27.9,82.3,23.0,73.3,1,100,0,0,10.0,6.0,9.0,14.5,0.0
1735333200,2024-12-28 05:00,25.2,77.4,0,"{'text': 'Patchy rain possible', 'icon': '//cdn.weatherapi.com/weather/64x64/night/176.png', 'code': 1063}",4.9,7.9,131,SE,1011.0,29.85,0.01,0.0,0.0,87,56,27.8,82.1,25.2,77.4,27.8,82.1,22.9,73.1,0,45,0,0,10.0,6.0,7.9,12.6,0.0
1735336800,2024-12-28 06:00,25.0,77.0,0,"{'text': 'Patchy rain possible', 'icon': '//cdn.weatherapi.com/weather/64x64/night/176.png', 'code': 1063}",5.1,8.3,142,SE,1011.0,29.86,0.07,0.0,0.0,88,55,27.6,81.6,25.0,77.0,27.6,81.6,22.8,73.1,0,45,0,0,10.0,6.0,8.1,13.1,0.0
1735340400,2024-12-28 07:00,24.8,76.6,0,"{'text': 'Patchy rain possible', 'icon': '//cdn.weatherapi.com/weather/64x64/night/176.png', 'code': 1063}",4.9,7.9,155,SSE,1012.0,29.88,0.07,0.0,0.0,89,73,27.3,81.2,24.8,76.6,27.3,81.2,22.8,73.0,0,45,0,0,10.0,6.0,7.8,12.6,0.0
1735344000,2024-12-28 08:00,24.9,76.8,1,"{'text': 'Partly cloudy', 'icon': '//cdn.weatherapi.com/weather/64x64/day/116.png', 'code': 1003}",4.5,7.2,159,SSE,1013.0,29.91,0.0,0.0,0.0,88,54,27.5,81.4,24.9,76.8,27.5,81.4,22.8,73.1,0,45,0,0,10.0,6.0,6.8,11.0,6.0
1735347600,2024-12-28 09:00,25.6,78.1,1,"{'text': 'Partly cloudy', 'icon': '//cdn.weatherapi.com/weather/64x64/day/116.png', 'code': 1003}",4.7,7.6,162,SSE,1014.0,29.93,0.0,0.0,0.0,86,53,28.5,83.2,25.6,78.2,28.5,83.2,23.1,73.7,0,45,0,0,10.0,6.0,6.4,10.4,7.0
1735351200,2024-12-28 10:00,26.6,79.9,1,"{'text': 'Patchy rain possible', 'icon': '//cdn.weatherapi.com/weather/64x64/day/176.png', 'code': 1063}",5.1,8.3,155,SSE,1014.0,29.94,0.01,0.0,0.0,82,57,29.8,85.7,26.6,79.9,29.8,85.7,23.4,74.1,0,45,0,0,10.0,6.0,6.5,10.5,6.0
1735354800,2024-12-28 11:00,27.5,81.6,1,"{'text': 'Patchy light drizzle', 'icon': '//cdn.weatherapi.com/weather/64x64/day/263.png', 'code': 1150}",5.1,8.3,133,SE,1014.0,29.94,0.34,0.01,0.0,77,83,30.9,87.7,27.5,81.6,30.9,87.7,23.1,73.6,1,100,0,0,5.0,3.0,6.4,10.2,6.0
1735358400,2024-12-28 12:00,28.3,83.0,1,"{'text': 'Patchy rain possible', 'icon': '//cdn.weatherapi.com/weather/64x64/day/176.png', 'code': 1063}",5.6,9.0,104,ESE,1013.0,29.91,0.01,0.0,0.0,72,87,31.7,89.1,28.3,83.0,31.7,89.1,22.7,72.8,0,45,0,0,10.0,6.0,6.8,10.9,6.0
1735362000,2024-12-28 13:00,28.6,83.5,1,"{'text': 'Patchy rain possible', 'icon': '//cdn.weatherapi.com/weather/64x64/day/176.png', 'code': 1063}",6.3,10.1,91,E,1012.0,29.88,0.01,0.0,0.0,70,59,32.0,89.6,28.6,83.5,32.0,89.6,22.5,72.5,0,45,0,0,10.0,6.0,7.6,12.2,6.0
1735365600,2024-12-28 14:00,28.7,83.7,1,"{'text': 'Partly cloudy', 'icon': '//cdn.weatherapi.com/weather/64x64/day/116.png', 'code': 1003}",6.7,10.8,85,E,1011.0,29.85,0.0,0.0,0.0,69,52,32.1,89.7,28.7,83.7,32.1,89.7,22.4,72.3,0,0,0,0,10.0,6.0,8.2,13.1,7.0
1735369200,2024-12-28 15:00,28.5,83.3,1,"{'text': 'Partly cloudy', 'icon': '//cdn.weatherapi.com/weather/64x64/day/116.png', 'code': 1003}",7.2,11.5,85,E,1010.0,29.82,0.0,0.0,0.0,69,35,31.8,89.2,28.5,83.4,31.8,89.2,22.4,72.3,0,45,0,0,10.0,6.0,8.9,14.4,7.0
1735372800,2024-12-28 16:00,28.3,83.0,1,"{'text': 'Patchy rain possible', 'icon': '//cdn.weatherapi.com/weather/64x64/day/176.png', 'code': 1063}",7.6,12.2,81,E,1009.0,29.81,0.07,0.0,0.0,70,86,31.5,88.8,28.3,83.0,31.5,88.8,22.4,72.3,0,45,0,0,10.0,6.0,9.7,15.6,6.0
1735376400,2024-12-28 17:00,27.9,82.2,1,"{'text': 'Patchy rain possible', 'icon': '//cdn.weatherapi.com/weather/64x64/day/176.png', 'code': 1063}",8.1,13.0,74,ENE,1009.0,29.8,0.28,0.01,0.0,73,72,31.0,87.9,27.9,82.2,31.0,87.9,22.6,72.6,1,100,0,0,9.0,5.0,10.6,17.1,6.0
1735380000,2024-12-28 18:00,27.3,81.1,1,"{'text': 'Patchy rain possible', 'icon': '//cdn.weatherapi.com/weather/64x64/day/176.png', 'code': 1063}",7.8,12.6,72,ENE,1010.0,29.81,0.09,0.0,0.0,77,55,30.5,86.9,27.3,81.1,30.5,86.9,23.0,73.3,1,100,0,0,10.0,6.0,11.1,17.8,6.0
1735383600,2024-12-28 19:00,26.4,79.5,1,"{'text': 'Sunny', 'icon': '//cdn.weatherapi.com/weather/64x64/day/113.png', 'code': 1000}",7.4,11.9,75,ENE,1010.0,29.84,0.0,0.0,0.0,81,23,29.3,84.7,26.4,79.5,29.3,84.7,22.9,73.2,0,0,0,0,10.0,6.0,11.9,19.1,7.0
1735387200,2024-12-28 20:00,26.1,79.0,0,"{'text': 'Partly cloudy', 'icon': '//cdn.weatherapi.com/weather/64x64/night/116.png', 'code': 1003}",8.1,13.0,78,ENE,1011.0,29.86,0.0,0.0,0.0,82,26,28.9,84.0,26.1,79.0,28.9,84.0,22.8,73.0,0,45,0,0,10.0,6.0,13.4,21.5,0.0
1735390800,2024-12-28 21:00,26.1,78.9,0,"{'text': 'Patchy rain possible', 'icon': '//cdn.weatherapi.com/weather/64x64/night/176.png', 'code': 1063}",8.5,13.7,82,E,1012.0,29.89,0.02,0.0,0.0,82,52,28.8,83.9,26.1,78.9,28.8,83.9,22.8,73.0,0,45,0,0,10.0,6.0,14.2,22.9,0.0
1735394400,2024-12-28 22:00,25.9,78.6,0,"{'text': 'Light rain shower', 'icon': '//cdn.weatherapi.com/weather/64x64/night/353.png', 'code': 1240}",8.7,14.0,88,E,1013.0,29.92,0.2,0.01,0.0,84,51,28.7,83.7,25.9,78.6,28.7,83.7,22.9,73.2,1,100,0,0,10.0,6.0,14.7,23.6,0.0
1735398000,2024-12-28 23:00,25.6,78.2,0,"{'text': 'Patchy rain possible', 'icon': '//cdn.weatherapi.com/weather/64x64/night/176.png', 'code': 1063}",7.8,12.6,87,E,1013.0,29.92,0.83,0.03,0.0,85,85,28.4,83.2,25.7,78.2,28.4,83.2,23.0,73.5,1,100,0,0,9.0,5.0,13.2,21.2,0.0
