time_epoch,time,temp_c,temp_f,is_day,condition,wind_mph,wind_kph,wind_degree,wind_dir,pressure_mb,pressure_in,precip_mm,precip_in,snow_cm,humidity,cloud,feelslike_c,feelslike_f,windchill_c,windchill_f,heatindex_c,heatindex_f,dewpoint_c,dewpoint_f,will_it_rain,chance_of_rain,will_it_snow,chance_of_snow,vis_km,vis_miles,gust_mph,gust_kph,uv
1734969600,2024-12-24 00:00,26.1,79.0,0,"{'text': 'Patchy rain possible', 'icon': '//cdn.weatherapi.com/weather/64x64/night/176.png', 'code': 1063}",4.5,7.2,164,SSE,1010.0,29.81,0.01,0.0,0.0,85,84,29.1,84.4,26.1,78.9,29.1,84.4,23.3,73.9,0,45,0,0,10.0,6.0,6.6,10.7,0.0
1734973200,2024-12-24 01:00,25.9,78.6,0,"{'text': 'Patchy rain possible', 'icon': '//cdn.weatherapi.com/weather/64x64/night/176.png', 'code': 1063}",4.5,7.2,153,SSE,1009.0,29.8,0.01,0.0,0.0,86,72,28.9,84.0,25.9,78.6,28.9,84.0,23.3,74.0,0,45,0,0,10.0,6.0,6.6,10.6,0.0
1734976800,2024-12-24 02:00,25.8,78.4,0,"{'text': 'Patchy rain possible', 'icon': '//cdn.weatherapi.com/weather/64x64/night/176.png', 'code': 1063}",4.7,7.6,154,SSE,1009.0,29.79,0.02,0.0,0.0,86,82,28.8,83.8,25.8,78.4,28.8,83.8,23.3,73.9,0,45,0,0,10.0,6.0,7.0,11.2,0.0
1734980400,2024-12-24 03:00,25.8,78.4,0,"{'text': 'Patchy rain possible', 'icon': '//cdn.weatherapi.com/weather/64x64/night/176.png', 'code': 1063}",4.9,7.9,159,SSE,1008.0,29.77,0.01,0.0,0.0,86,71,28.6,83.5,25.8,78.4,28.6,83.5,23.2,73.7,0,45,0,0,10.0,6.0,7.3,11.7,0.0
1734984000,2024-12-24 04:00,25.7,78.3,0,"{'text': 'Patchy rain possible', 'icon': '//cdn.weatherapi.com/weather/64x64/night/176.png', 'code': 1063}",4.3,6.8,174,S,1008.0,29.77,0.1,0.0,0.0,85,78,28.5,83.2,25.7,78.3,28.5,83.2,22.9,73.3,1,100,0,0,10.0,6.0,6.4,10.2,0.0
1734987600,2024-12-24 05:00,25.7,78.3,0,"{'text': 'Patchy rain possible', 'icon': '//cdn.weatherapi.com/weather/64x64/night/176.png', 'code': 1063}",3.4,5.4,191,SSW,1008.0,29.78,0.08,0.0,0.0,84,80,28.4,83.2,25.7,78.3,28.4,83.2,22.8,73.1,0,45,0,0,10.0,6.0,4.9,8.0,0.0
1734991200,2024-12-24 06:00,25.8,78.4,0,"{'text': 'Patchy rain possible', 'icon': '//cdn.weatherapi.com/weather/64x64/night/176.png', 'code': 1063}",3.8,6.1,189,S,1009.0,29.79,0.09,0.0,0.0,84,68,28.5,83.2,25.8,78.4,28.5,83.2,22.8,73.1,1,100,0,0,10.0,6.0,5.5,8.9,0.0
1734994800,2024-12-24 07:00,25.8,78.5,1,"{'text': 'Patchy rain possible', 'icon': '//cdn.weatherapi.com/weather/64x64/day/176.png', 'code': 1063}",4.3,6.8,178,S,1009.0,29.8,0.05,0.0,0.0,84,69,28.6,83.4,25.8,78.5,28.6,83.4,22.9,73.2,0,45,0,0,10.0,6.0,6.0,9.7,6.0
1734998400,2024-12-24 08:00,26.3,79.3,1,"{'text': 'Patchy rain possible', 'icon': '//cdn.weatherapi.com/weather/64x64/day/176.png', 'code': 1063}",4.5,7.2,172,S,1010.0,29.84,0.02,0.0,0.0,83,65,29.3,84.8,26.3,79.3,29.3,84.8,23.2,73.7,0,45,0,0,10.0,6.0,6.1,9.8,6.0
1735002000,2024-12-24 09:00,26.8,80.2,1,"{'text': 'Patchy rain possible', 'icon': '//cdn.weatherapi.com/weather/64x64/day/176.png', 'code': 1063}",4.0,6.5,187,S,1011.0,29.85,0.01,0.0,0.0,81,55,30.0,86.0,26.8,80.2,30.0,86.0,23.3,73.9,0,45,0,0,10.0,6.0,4.9,7.9,6.0
1735005600,2024-12-24 10:00,27.2,81.0,1,"{'text': 'Patchy rain possible', 'icon': '//cdn.weatherapi.com/weather/64x64/day/176.png', 'code': 1063}",3.6,5.8,214,SW,1011.0,29.85,0.02,0.0,0.0,79,81,30.6,87.2,27.2,81.0,30.6,87.2,23.3,74.0,0,45,0,0,10.0,6.0,4.2,6.8,6.0
1735009200,2024-12-24 11:00,27.3,81.1,1,"{'text': 'Patchy rain possible', 'icon': '//cdn.weatherapi.com/weather/64x64/day/176.png', 'code': 1063}",3.8,6.1,237,WSW,1010.0,29.84,0.32,0.01,0.0,80,74,30.8,87.4,27.3,81.1,30.8,87.4,23.5,74.2,1,100,0,0,9.0,5.0,4.6,7.4,6.0
1735012800,2024-12-24 12:00,27.4,81.2,1,"{'text': 'Patchy rain possible', 'icon': '//cdn.weatherapi.com/weather/64x64/day/176.png', 'code': 1063}",4.3,6.8,243,WSW,1010.0,29.82,0.28,0.01,0.0,80,77,31.0,87.7,27.4,81.2,31.0,87.7,23.6,74.5,1,100,0,0,9.0,5.0,5.2,8.4,6.0
1735016400,2024-12-24 13:00,27.4,81.4,1,"{'text': 'Patchy rain possible', 'icon': '//cdn.weatherapi.com/weather/64x64/day/176.png', 'code': 1063}",4.7,7.6,245,WSW,1009.0,29.79,0.32,0.01,0.0,80,79,31.1,88.0,27.4,81.4,31.1,88.0,23.7,74.6,1,100,0,0,9.0,5.0,6.0,9.7,6.0
1735020000,2024-12-24 14:00,27.4,81.3,1,"{'text': 'Patchy rain possible', 'icon': '//cdn.weatherapi.com/weather/64x64/day/176.png', 'code': 1063}",4.7,7.6,249,WSW,1008.0,29.77,0.24,0.01,0.0,80,72,31.1,87.9,27.4,81.3,31.1,87.9,23.6,74.5,1,100,0,0,9.0,5.0,6.2,9.9,6.0
1735023600,2024-12-24 15:00,27.4,81.3,1,"{'text': 'Light rain shower', 'icon': '//cdn.weatherapi.com/weather/64x64/day/353.png', 'code': 1240}",4.3,6.8,250,WSW,1007.0,29.75,0.3,0.01,0.0,80,56,31.0,87.8,27.4,81.3,31.0,87.8,23.6,74.4,1,100,0,0,10.0,6.0,5.3,8.5,6.0
1735027200,2024-12-24 16:00,27.2,81.0,1,"{'text': 'Light rain shower', 'icon': '//cdn.weatherapi.com/weather/64x64/day/353.png', 'code': 1240}",3.4,5.4,245,WSW,1007.0,29.74,1.12,0.04,0.0,81,58,30.7,87.3,27.2,81.0,30.7,87.3,23.6,74.4,1,100,0,0,10.0,6.0,4.3,6.9,6.0
1735030800,2024-12-24 17:00,27.0,80.6,1,"{'text': 'Light rain shower', 'icon': '//cdn.weatherapi.com/weather/64x64/day/353.png', 'code': 1240}",3.1,5.0,244,WSW,1008.0,29.76,0.88,0.03,0.0,82,59,30.5,86.9,27.0,80.6,30.5,86.9,23.7,74.6,1,100,0,0,10.0,6.0,4.4,7.1,6.0
1735034400,2024-12-24 18:00,26.9,80.4,1,"{'text': 'Patchy rain possible', 'icon': '//cdn.weatherapi.com/weather/64x64/day/176.png', 'code': 1063}",2.5,4.0,216,SW,1009.0,29.79,0.07,0.0,0.0,81,68,30.2,86.4,26.9,80.4,30.2,86.4,23.5,74.2,0,45,0,0,10.0,6.0,3.6,5.8,6.0
1735038000,2024-12-24 19:00,26.4,79.4,0,"{'text': 'Patchy rain possible', 'icon': '//cdn.weatherapi.com/weather/64x64/night/176.png', 'code': 1063}",1.6,2.5,187,S,1010.0,29.81,0.13,0.01,0.0,82,63,29.3,84.8,26.4,79.4,29.3,84.8,23.1,73.5,1,100,0,0,10.0,6.0,2.3,3.8,0.0
1735041600,2024-12-24 20:00,26.3,79.4,0,"{'text': 'Patchy rain possible', 'icon': '//cdn.weatherapi.com/weather/64x64/night/176.png', 'code': 1063}",2.7,4.3,145,SE,1010.0,29.84,0.03,0.0,0.0,83,60,29.3,84.8,26.3,79.4,29.3,84.8,23.1,73.6,0,45,0,0,10.0,6.0,4.1,6.6,0.0
1735045200,2024-12-24 21:00,26.2,79.2,0,"{'text': 'Patchy rain possible', 'icon': '//cdn.weatherapi.com/weather/64x64/night/176.png', 'code': 1063}",2.9,4.7,144,SE,1011.0,29.85,0.03,0.0,0.0,83,53,29.2,84.6,26.2,79.2,29.2,84.6,23.2,73.7,0,45,0,0,10.0,6.0,4.3,6.9,0.0
1735048800,2024-12-24 22:00,26.1,78.9,0,"{'text': 'Patchy rain possible', 'icon': '//cdn.weatherapi.com/weather/64x64/night/176.png', 'code': 1063}",3.1,5.0,130,SE,1011.0,29.86,0.06,0.0,0.0,84,55,29.1,84.3,26.1,78.9,29.1,84.3,23.2,73.8,0,45,0,0,10.0,6.0,4.7,7.5,0.0
1735052400,2024-12-24 23:00,25.9,78.6,0,"{'text': 'Patchy rain possible', 'icon': '//cdn.weatherapi.com/weather/64x64/night/176.png', 'code': 1063}",3.1,5.0,138,SE,1011.0,29.86,0.04,0.0,0.0,85,54,28.8,83.9,25.9,78.7,28.8,83.9,23.2,73.7,0,45,0,0,10.0,6.0,4.7,7.5,0.0
