time_epoch,time,temp_c,temp_f,is_day,condition,wind_mph,wind_kph,wind_degree,wind_dir,pressure_mb,pressure_in,precip_mm,precip_in,snow_cm,humidity,cloud,feelslike_c,feelslike_f,windchill_c,windchill_f,heatindex_c,heatindex_f,dewpoint_c,dewpoint_f,will_it_rain,chance_of_rain,will_it_snow,chance_of_snow,vis_km,vis_miles,gust_mph,gust_kph,uv
1735401600,2024-12-29 00:00,25.1,77.2,0,"{'text': 'Light rain shower', 'icon': '//cdn.weatherapi.com/weather/64x64/night/353.png', 'code': 1240}",7.8,12.6,98,E,1014.0,29.93,1.35,0.05,0.0,88,72,27.8,82.1,25.1,77.2,27.8,82.1,23.1,73.5,1,100,0,0,10.0,6.0,13.4,21.5,0.0
1735405200,2024-12-29 01:00,25.0,77.0,0,"{'text': 'Light rain shower', 'icon': '//cdn.weatherapi.com/weather/64x64/night/353.png', 'code': 1240}",8.1,13.0,103,ESE,1013.0,29.92,1.3,0.05,0.0,89,89,27.7,81.8,25.0,77.0,27.7,81.8,23.0,73.5,1,100,0,0,10.0,6.0,14.9,23.9,0.0
1735408800,2024-12-29 02:00,24.9,76.9,0,"{'text': 'Light rain shower', 'icon': '//cdn.weatherapi.com/weather/64x64/night/353.png', 'code': 1240}",6.9,11.2,108,ESE,1012.0,29.89,1.45,0.06,0.0,89,75,27.6,81.7,25.0,76.9,27.6,81.7,23.0,73.4,1,100,0,0,10.0,6.0,13.5,21.7,0.0
1735412400,2024-12-29 03:00,24.8,76.6,0,"{'text': 'Light rain shower', 'icon': '//cdn.weatherapi.com/weather/64x64/night/353.png', 'code': 1240}",6.9,11.2,107,ESE,1012.0,29.88,1.37,0.05,0.0,89,65,27.4,81.3,24.8,76.6,27.4,81.3,22.9,73.3,1,100,0,0,10.0,6.0,10.8,17.4,0.0
1735416000,2024-12-29 04:00,24.7,76.4,0,"{'text': 'Light rain shower', 'icon': '//cdn.weatherapi.com/weather/64x64/night/353.png', 'code': 1240}",6.7,10.8,111,ESE,1011.0,29.86,1.3,0.05,0.0,89,68,27.2,81.0,24.7,76.4,27.2,81.0,22.8,73.0,1,100,0,0,10.0,6.0,10.7,17.2,0.0
1735419600,2024-12-29 05:00,24.7,76.4,0,"{'text': 'Light rain shower', 'icon': '//cdn.weatherapi.com/weather/64x64/night/353.png', 'code': 1240}",6.5,10.4,113,ESE,1011.0,29.86,1.12,0.04,0.0,89,57,27.2,81.0,24.7,76.4,27.2,81.0,22.8,73.0,1,100,0,0,10.0,6.0,11.2,18.1,0.0
1735423200,2024-12-29 06:00,24.7,76.4,0,"{'text': 'Light rain shower', 'icon': '//cdn.weatherapi.com/weather/64x64/night/353.png', 'code': 1240}",7.2,11.5,116,ESE,1012.0,29.88,0.75,0.03,0.0,88,65,27.1,80.8,24.7,76.4,27.1,80.8,22.6,72.6,1,100,0,0,10.0,6.0,13.2,21.2,0.0
1735426800,2024-12-29 07:00,24.7,76.4,0,"{'text': 'Light rain shower', 'icon': '//cdn.weatherapi.com/weather/64x64/night/353.png', 'code': 1240}",6.7,10.8,121,ESE,1012.0,29.89,0.53,0.02,0.0,88,58,27.1,80.8,24.7,76.4,27.1,80.8,22.5,72.6,1,100,0,0,10.0,6.0,12.6,20.3,0.0
1735430400,2024-12-29 08:00,24.8,76.6,1,"{'text': 'Light rain shower', 'icon': '//cdn.weatherapi.com/weather/64x64/day/353.png', 'code': 1240}",6.3,10.1,126,SE,1013.0,29.91,0.7,0.03,0.0,88,67,27.3,81.2,24.8,76.6,27.3,81.2,22.8,73.0,1,100,0,0,10.0,6.0,12.1,19.4,5.0
1735434000,2024-12-29 09:00,25.4,77.7,1,"{'text': 'Light rain shower', 'icon': '//cdn.weatherapi.com/weather/64x64/day/353.png', 'code': 1240}",5.8,9.4,127,SE,1014.0,29.94,0.9,0.04,0.0,87,73,28.1,82.6,25.4,77.7,28.1,82.6,23.1,73.6,1,100,0,0,10.0,6.0,8.2,13.1,6.0
1735437600,2024-12-29 10:00,25.7,78.2,1,"{'text': 'Light rain shower', 'icon': '//cdn.weatherapi.com/weather/64x64/day/353.png', 'code': 1240}",6.3,10.1,114,ESE,1014.0,29.95,1.54,0.06,0.0,87,82,28.7,83.6,25.7,78.2,28.7,83.6,23.4,74.1,1,100,0,0,10.0,6.0,9.0,14.5,6.0
1735441200,2024-12-29 11:00,26.0,78.8,1,"{'text': 'Light rain shower', 'icon': '//cdn.weatherapi.com/weather/64x64/day/353.png', 'code': 1240}",7.6,12.2,100,E,1014.0,29.95,1.77,0.07,0.0,87,100,29.2,84.5,26.0,78.8,29.2,84.5,23.7,74.6,1,100,0,0,10.0,6.0,12.7,20.4,6.0
1735444800,2024-12-29 12:00,25.8,78.5,1,"{'text': 'Moderate or heavy rain shower', 'icon': '//cdn.weatherapi.com/weather/64x64/day/356.png', 'code': 1243}",8.9,14.4,93,E,1014.0,29.93,2.6,0.1,0.0,89,100,29.1,84.4,25.8,78.5,29.1,84.4,23.9,75.1,1,100,0,0,7.0,4.0,16.7,26.9,6.0
1735448400,2024-12-29 13:00,25.4,77.6,1,"{'text': 'Moderate or heavy rain shower', 'icon': '//cdn.weatherapi.com/weather/64x64/day/356.png', 'code': 1243}",9.2,14.8,88,E,1013.0,29.9,3.51,0.14,0.0,92,100,28.5,83.3,25.4,77.6,28.5,83.3,23.9,75.0,1,100,0,0,7.0,4.0,18.5,29.8,6.0
1735452000,2024-12-29 14:00,25.1,77.1,1,"{'text': 'Moderate or heavy rain shower', 'icon': '//cdn.weatherapi.com/weather/64x64/day/356.png', 'code': 1243}",9.8,15.8,81,E,1012.0,29.88,3.17,0.12,0.0,92,100,28.1,82.5,25.1,77.1,28.1,82.5,23.8,74.8,1,100,0,0,7.0,4.0,20.7,33.3,6.0
1735455600,2024-12-29 15:00,24.9,76.9,1,"{'text': 'Moderate or heavy rain shower', 'icon': '//cdn.weatherapi.com/weather/64x64/day/356.png', 'code': 1243}",10.3,16.6,79,E,1011.0,29.85,3.09,0.12,0.0,92,100,27.8,82.1,24.9,76.9,27.8,82.1,23.6,74.5,1,100,0,0,7.0,4.0,15.6,25.1,5.0
1735459200,2024-12-29 16:00,25.1,77.2,1,"{'text': 'Light rain shower', 'icon': '//cdn.weatherapi.com/weather/64x64/day/353.png', 'code': 1240}",10.7,17.3,75,ENE,1010.0,29.83,2.32,0.09,0.0,91,100,28.0,82.4,25.1,77.2,28.0,82.4,23.6,74.4,1,100,0,0,10.0,6.0,19.1,30.7,6.0
1735462800,2024-12-29 17:00,25.4,77.7,1,"{'text': 'Light rain shower', 'icon': '//cdn.weatherapi.com/weather/64x64/day/353.png', 'code': 1240}",12.3,19.8,72,ENE,1010.0,29.83,1.89,0.07,0.0,89,100,28.3,82.9,25.4,77.7,28.3,82.9,23.5,74.2,1,100,0,0,10.0,6.0,23.8,38.4,6.0
1735466400,2024-12-29 18:00,25.5,77.8,1,"{'text': 'Light rain shower', 'icon': '//cdn.weatherapi.com/weather/64x64/day/353.png', 'code': 1240}",13.6,22.0,73,ENE,1011.0,29.84,1.79,0.07,0.0,88,100,28.3,83.0,25.5,77.8,28.3,83.0,23.3,73.9,1,100,0,0,10.0,6.0,27.8,44.7,6.0
1735470000,2024-12-29 19:00,25.5,77.9,1,"{'text': 'Light rain shower', 'icon': '//cdn.weatherapi.com/weather/64x64/day/353.png', 'code': 1240}",14.8,23.8,72,ENE,1011.0,29.87,1.83,0.07,0.0,87,100,28.3,82.9,25.5,77.9,28.3,82.9,23.1,73.7,1,100,0,0,10.0,6.0,31.0,49.9,6.0
1735473600,2024-12-29 20:00,25.6,78.1,0,"{'text': 'Light rain shower', 'icon': '//cdn.weatherapi.com/weather/64x64/night/353.png', 'code': 1240}",14.8,23.8,72,ENE,1012.0,29.88,1.44,0.06,0.0,86,100,28.3,83.0,25.6,78.0,28.3,83.0,23.0,73.4,1,100,0,0,10.0,6.0,31.4,50.6,0.0
1735477200,2024-12-29 21:00,25.6,78.1,0,"{'text': 'Light rain shower', 'icon': '//cdn.weatherapi.com/weather/64x64/night/353.png', 'code': 1240}",14.1,22.7,73,ENE,1013.0,29.9,1.27,0.05,0.0,85,100,28.4,83.0,25.6,78.1,28.4,83.0,22.9,73.3,1,100,0,0,10.0,6.0,21.7,34.8,0.0
1735480800,2024-12-29 22:00,25.7,78.2,0,"{'text': 'Light rain shower', 'icon': '//cdn.weatherapi.com/weather/64x64/night/353.png', 'code': 1240}",13.6,22.0,78,ENE,1013.0,29.92,1.14,0.04,0.0,84,100,28.4,83.1,25.7,78.2,28.4,83.1,22.9,73.1,1,100,0,0,10.0,6.0,21.4,34.5,0.0
1735484400,2024-12-29 23:00,25.7,78.2,0,"{'text': 'Light rain shower', 'icon': '//cdn.weatherapi.com/weather/64x64/night/353.png', 'code': 1240}",13.0,20.9,83,E,1013.0,29.93,0.49,0.02,0.0,85,85,28.4,83.2,25.7,78.2,28.4,83.2,22.9,73.2,1,100,0,0,10.0,6.0,20.6,33.1,0.0
