time_epoch,time,temp_c,temp_f,is_day,condition,wind_mph,wind_kph,wind_degree,wind_dir,pressure_mb,pressure_in,precip_mm,precip_in,snow_cm,humidity,cloud,feelslike_c,feelslike_f,windchill_c,windchill_f,heatindex_c,heatindex_f,dewpoint_c,dewpoint_f,will_it_rain,chance_of_rain,will_it_snow,chance_of_snow,vis_km,vis_miles,gust_mph,gust_kph,uv
1734969600,2024-12-24 00:00,25.0,76.9,0,"{'text': 'Patchy rain possible', 'icon': '//cdn.weatherapi.com/weather/64x64/night/176.png', 'code': 1063}",3.4,5.4,102,ESE,1011.0,29.85,0.02,0.0,0.0,79,88,27.0,80.6,25.0,76.9,27.0,80.6,21.2,70.1,0,45,0,0,10.0,6.0,5.4,8.7,0.0
1734973200,2024-12-24 01:00,25.0,77.1,0,"{'text': 'Overcast', 'icon': '//cdn.weatherapi.com/weather/64x64/night/122.png', 'code': 1009}",3.4,5.4,90,E,1010.0,29.84,0.0,0.0,0.0,79,91,27.1,80.8,25.0,77.1,27.1,80.8,21.2,70.2,0,45,0,0,10.0,6.0,5.3,8.6,0.0
1734976800,2024-12-24 02:00,25.1,77.2,0,"{'text': 'Overcast', 'icon': '//cdn.weatherapi.com/weather/64x64/night/122.png', 'code': 1009}",3.6,5.8,76,ENE,1010.0,29.83,0.0,0.0,0.0,79,99,27.2,80.9,25.1,77.2,27.2,80.9,21.2,70.2,0,45,0,0,10.0,6.0,5.5,8.9,0.0
1734980400,2024-12-24 03:00,25.1,77.2,0,"{'text': 'Overcast', 'icon': '//cdn.weatherapi.com/weather/64x64/night/122.png', 'code': 1009}",3.6,5.8,81,E,1009.0,29.81,0.0,0.0,0.0,80,96,27.2,80.9,25.1,77.2,27.2,80.9,21.3,70.3,0,0,0,0,10.0,6.0,5.5,8.9,0.0
1734984000,2024-12-24 04:00,25.0,76.9,0,"{'text': 'Overcast', 'icon': '//cdn.weatherapi.com/weather/64x64/night/122.png', 'code': 1009}",2.9,4.7,81,E,1009.0,29.79,0.0,0.0,0.0,80,97,27.0,80.7,25.0,76.9,27.0,80.7,21.3,70.3,0,0,0,0,10.0,6.0,4.5,7.2,0.0
1734987600,2024-12-24 05:00,24.8,76.7,0,"{'text': 'Overcast', 'icon': '//cdn.weatherapi.com/weather/64x64/night/122.png', 'code': 1009}",1.8,2.9,105,ESE,1009.0,29.79,0.0,0.0,0.0,80,100,26.9,80.4,24.8,76.7,26.9,80.4,21.2,70.2,0,45,0,0,10.0,6.0,2.8,4.4,0.0
1734991200,2024-12-24 06:00,24.7,76.5,0,"{'text': 'Overcast', 'icon': '//cdn.weatherapi.com/weather/64x64/night/122.png', 'code': 1009}",1.8,2.9,101,ESE,1009.0,29.8,0.0,0.0,0.0,81,100,26.8,80.2,24.7,76.5,26.8,80.2,21.2,70.2,0,45,0,0,10.0,6.0,2.8,4.4,0.0
1734994800,2024-12-24 07:00,24.7,76.4,0,"{'text': 'Overcast', 'icon': '//cdn.weatherapi.com/weather/64x64/night/122.png', 'code': 1009}",2.2,3.6,91,E,1010.0,29.81,0.0,0.0,0.0,81,100,26.7,80.1,24.7,76.4,26.7,80.1,21.2,70.2,0,0,0,0,10.0,6.0,3.4,5.5,0.0
1734998400,2024-12-24 08:00,24.9,76.9,1,"{'text': 'Overcast', 'icon': '//cdn.weatherapi.com/weather/64x64/day/122.png', 'code': 1009}",1.6,2.5,105,ESE,1010.0,29.84,0.0,0.0,0.0,80,100,27.0,80.6,24.9,76.9,27.0,80.6,21.3,70.3,0,45,0,0,10.0,6.0,2.3,3.8,5.0
1735002000,2024-12-24 09:00,25.5,77.9,1,"{'text': 'Overcast', 'icon': '//cdn.weatherapi.com/weather/64x64/day/122.png', 'code': 1009}",1.6,2.5,103,ESE,1011.0,29.86,0.0,0.0,0.0,78,100,27.6,81.8,25.5,77.9,27.6,81.8,21.4,70.5,0,45,0,0,10.0,6.0,2.2,3.5,6.0
1735005600,2024-12-24 10:00,26.1,79.0,1,"{'text': 'Overcast', 'icon': '//cdn.weatherapi.com/weather/64x64/day/122.png', 'code': 1009}",1.3,2.2,55,NE,1012.0,29.87,0.0,0.0,0.0,76,95,28.4,83.0,26.1,79.0,28.4,83.0,21.5,70.6,0,45,0,0,10.0,6.0,1.8,2.8,6.0
1735009200,2024-12-24 11:00,26.8,80.2,1,"{'text': 'Cloudy', 'icon': '//cdn.weatherapi.com/weather/64x64/day/119.png', 'code': 1006}",2.7,4.3,22,NNE,1011.0,29.87,0.0,0.0,0.0,73,83,29.1,84.5,26.8,80.2,29.1,84.5,21.5,70.8,0,45,0,0,10.0,6.0,3.4,5.5,6.0
1735012800,2024-12-24 12:00,27.1,80.8,1,"{'text': 'Patchy rain possible', 'icon': '//cdn.weatherapi.com/weather/64x64/day/176.png', 'code': 1063}",4.3,6.8,23,NNE,1011.0,29.85,0.02,0.0,0.0,72,69,29.6,85.2,27.1,80.8,29.6,85.2,21.6,70.8,0,45,0,0,10.0,6.0,5.4,8.7,6.0
1735016400,2024-12-24 13:00,27.2,81.0,1,"{'text': 'Patchy rain possible', 'icon': '//cdn.weatherapi.com/weather/64x64/day/176.png', 'code': 1063}",5.6,9.0,24,NNE,1010.0,29.83,0.03,0.0,0.0,71,60,29.7,85.5,27.2,81.0,29.7,85.5,21.6,70.9,0,45,0,0,10.0,6.0,7.2,11.6,6.0
1735020000,2024-12-24 14:00,27.2,81.0,1,"{'text': 'Patchy rain possible', 'icon': '//cdn.weatherapi.com/weather/64x64/day/176.png', 'code': 1063}",7.2,11.5,19,NNE,1009.0,29.8,0.02,0.0,0.0,72,70,29.7,85.5,27.2,81.0,29.7,85.5,21.7,71.1,0,45,0,0,10.0,6.0,9.3,15.0,6.0
1735023600,2024-12-24 15:00,27.5,81.5,1,"{'text': 'Partly cloudy', 'icon': '//cdn.weatherapi.com/weather/64x64/day/116.png', 'code': 1003}",8.5,13.7,18,NNE,1008.0,29.77,0.0,0.0,0.0,70,57,30.0,86.0,27.5,81.4,30.0,86.0,21.6,70.9,0,45,0,0,10.0,6.0,10.8,17.5,7.0
1735027200,2024-12-24 16:00,27.6,81.7,1,"{'text': 'Partly cloudy', 'icon': '//cdn.weatherapi.com/weather/64x64/day/116.png', 'code': 1003}",10.1,16.2,17,NNE,1007.0,29.74,0.0,0.0,0.0,68,54,30.0,86.0,27.6,81.7,30.0,86.0,21.2,70.1,0,45,0,0,10.0,6.0,12.9,20.7,7.0
1735030800,2024-12-24 17:00,27.2,81.0,1,"{'text': 'Partly cloudy', 'icon': '//cdn.weatherapi.com/weather/64x64/day/116.png', 'code': 1003}",9.2,14.8,16,NNE,1007.0,29.74,0.0,0.0,0.0,69,52,29.5,85.1,27.2,81.0,29.5,85.1,21.1,70.0,0,45,0,0,10.0,6.0,12.5,20.1,7.0
1735034400,2024-12-24 18:00,27.0,80.5,1,"{'text': 'Partly cloudy', 'icon': '//cdn.weatherapi.com/weather/64x64/day/116.png', 'code': 1003}",8.3,13.3,19,NNE,1008.0,29.77,0.0,0.0,0.0,71,56,29.2,84.5,27.0,80.5,29.2,84.5,21.1,70.1,0,0,0,0,10.0,6.0,11.9,19.2,7.0
1735038000,2024-12-24 19:00,26.0,78.9,1,"{'text': 'Partly cloudy', 'icon': '//cdn.weatherapi.com/weather/64x64/day/116.png', 'code': 1003}",6.9,11.2,22,NNE,1009.0,29.79,0.0,0.0,0.0,75,58,28.2,82.8,26.0,78.9,28.2,82.8,21.3,70.4,0,45,0,0,10.0,6.0,11.5,18.5,7.0
1735041600,2024-12-24 20:00,25.9,78.6,0,"{'text': 'Patchy rain possible', 'icon': '//cdn.weatherapi.com/weather/64x64/night/176.png', 'code': 1063}",6.7,10.8,23,NNE,1010.0,29.82,0.02,0.0,0.0,77,66,28.1,82.5,25.9,78.6,28.1,82.5,21.5,70.6,0,45,0,0,10.0,6.0,11.2,18.0,0.0
1735045200,2024-12-24 21:00,25.9,78.7,0,"{'text': 'Patchy rain possible', 'icon': '//cdn.weatherapi.com/weather/64x64/night/176.png', 'code': 1063}",6.5,10.4,18,NNE,1011.0,29.85,0.04,0.0,0.0,77,60,28.2,82.7,25.9,78.7,28.2,82.7,21.6,70.9,0,45,0,0,10.0,6.0,10.7,17.2,0.0
1735048800,2024-12-24 22:00,26.0,78.8,0,"{'text': 'Patchy rain possible', 'icon': '//cdn.weatherapi.com/weather/64x64/night/176.png', 'code': 1063}",6.3,10.1,10,N,1011.0,29.87,0.03,0.0,0.0,78,81,28.3,83.0,26.0,78.8,28.3,83.0,21.8,71.2,0,45,0,0,10.0,6.0,10.2,16.4,0.0
1735052400,2024-12-24 23:00,26.0,78.7,0,"{'text': 'Patchy rain possible', 'icon': '//cdn.weatherapi.com/weather/64x64/night/176.png', 'code': 1063}",5.1,8.3,14,NNE,1012.0,29.88,0.05,0.0,0.0,78,62,28.3,83.0,26.0,78.7,28.3,83.0,21.9,71.3,0,45,0,0,10.0,6.0,8.4,13.5,0.0
