time_epoch,time,temp_c,temp_f,is_day,condition,wind_mph,wind_kph,wind_degree,wind_dir,pressure_mb,pressure_in,precip_mm,precip_in,snow_cm,humidity,cloud,feelslike_c,feelslike_f,windchill_c,windchill_f,heatindex_c,heatindex_f,dewpoint_c,dewpoint_f,will_it_rain,chance_of_rain,will_it_snow,chance_of_snow,vis_km,vis_miles,gust_mph,gust_kph,uv
1735142400,2024-12-26 00:00,25.8,78.4,0,"{'text': 'Light rain shower', 'icon': '//cdn.weatherapi.com/weather/64x64/night/353.png', 'code': 1240}",6.9,11.2,27,NNE,1012.0,29.89,0.2,0.01,0.0,83,73,28.4,83.1,25.8,78.4,28.4,83.1,22.7,72.8,1,100,0,0,10.0,6.0,11.6,18.7,0.0
1735146000,2024-12-26 01:00,25.7,78.3,0,"{'text': 'Patchy rain possible', 'icon': '//cdn.weatherapi.com/weather/64x64/night/176.png', 'code': 1063}",6.5,10.4,27,NNE,1012.0,29.89,0.07,0.0,0.0,83,68,28.4,83.0,25.7,78.3,28.4,83.0,22.6,72.7,0,45,0,0,10.0,6.0,10.8,17.5,0.0
1735149600,2024-12-26 02:00,25.7,78.2,0,"{'text': 'Patchy rain possible', 'icon': '//cdn.weatherapi.com/weather/64x64/night/176.png', 'code': 1063}",6.3,10.1,25,NNE,1012.0,29.88,0.09,0.0,0.0,82,54,28.2,82.8,25.7,78.2,28.2,82.8,22.4,72.4,0,45,0,0,10.0,6.0,10.4,16.8,0.0
1735153200,2024-12-26 03:00,25.6,78.1,0,"{'text': 'Patchy rain possible', 'icon': '//cdn.weatherapi.com/weather/64x64/night/176.png', 'code': 1063}",6.0,9.7,29,NNE,1011.0,29.86,0.03,0.0,0.0,82,67,28.1,82.5,25.6,78.1,28.1,82.5,22.3,72.2,0,45,0,0,10.0,6.0,10.0,16.2,0.0
1735156800,2024-12-26 04:00,25.5,77.8,0,"{'text': 'Patchy rain possible', 'icon': '//cdn.weatherapi.com/weather/64x64/night/176.png', 'code': 1063}",6.0,9.7,32,NNE,1011.0,29.85,0.04,0.0,0.0,83,66,27.9,82.2,25.5,77.8,27.9,82.2,22.3,72.1,0,45,0,0,10.0,6.0,10.1,16.3,0.0
1735160400,2024-12-26 05:00,25.4,77.7,0,"{'text': 'Patchy rain possible', 'icon': '//cdn.weatherapi.com/weather/64x64/night/176.png', 'code': 1063}",5.1,8.3,38,NE,1011.0,29.84,0.06,0.0,0.0,83,70,27.8,82.0,25.4,77.7,27.8,82.0,22.2,72.0,0,45,0,0,10.0,6.0,8.7,13.9,0.0
1735164000,2024-12-26 06:00,25.3,77.6,0,"{'text': 'Patchy rain possible', 'icon': '//cdn.weatherapi.com/weather/64x64/night/176.png', 'code': 1063}",4.7,7.6,40,NE,1011.0,29.86,0.14,0.01,0.0,83,66,27.7,81.9,25.3,77.6,27.7,81.9,22.3,72.1,1,100,0,0,10.0,6.0,7.9,12.6,0.0
1735167600,2024-12-26 07:00,25.1,77.2,0,"{'text': 'Patchy rain possible', 'icon': '//cdn.weatherapi.com/weather/64x64/night/176.png', 'code': 1063}",4.0,6.5,35,NE,1012.0,29.87,0.41,0.02,0.0,84,73,27.5,81.5,25.1,77.2,27.5,81.5,22.3,72.1,1,100,0,0,9.0,5.0,6.7,10.8,0.0
1735171200,2024-12-26 08:00,25.5,77.9,1,"{'text': 'Patchy rain possible', 'icon': '//cdn.weatherapi.com/weather/64x64/day/176.png', 'code': 1063}",4.3,6.8,21,NNE,1012.0,29.89,0.11,0.0,0.0,84,50,28.0,82.4,25.5,77.9,28.0,82.4,22.5,72.6,1,100,0,0,10.0,6.0,6.7,10.7,6.0
1735174800,2024-12-26 09:00,26.2,79.1,1,"{'text': 'Patchy rain possible', 'icon': '//cdn.weatherapi.com/weather/64x64/day/176.png', 'code': 1063}",4.0,6.5,29,NNE,1013.0,29.92,0.26,0.01,0.0,83,79,29.1,84.4,26.2,79.1,29.1,84.4,23.1,73.5,1,100,0,0,9.0,5.0,5.8,9.4,6.0
1735178400,2024-12-26 10:00,26.6,79.9,1,"{'text': 'Light rain shower', 'icon': '//cdn.weatherapi.com/weather/64x64/day/353.png', 'code': 1240}",5.8,9.4,28,NNE,1014.0,29.94,0.76,0.03,0.0,83,81,29.9,85.9,26.6,79.9,29.9,85.9,23.5,74.3,1,100,0,0,10.0,6.0,8.1,13.0,6.0
1735182000,2024-12-26 11:00,27.0,80.6,1,"{'text': 'Light rain shower', 'icon': '//cdn.weatherapi.com/weather/64x64/day/353.png', 'code': 1240}",6.5,10.4,30,NNE,1014.0,29.94,0.46,0.02,0.0,82,68,30.4,86.8,27.0,80.6,30.4,86.8,23.6,74.4,1,100,0,0,10.0,6.0,9.1,14.7,6.0
1735185600,2024-12-26 12:00,27.0,80.6,1,"{'text': 'Light rain shower', 'icon': '//cdn.weatherapi.com/weather/64x64/day/353.png', 'code': 1240}",6.5,10.4,32,NNE,1013.0,29.92,0.52,0.02,0.0,81,70,30.5,86.9,27.0,80.7,30.5,86.9,23.6,74.4,1,100,0,0,10.0,6.0,9.5,15.3,6.0
1735189200,2024-12-26 13:00,27.1,80.8,1,"{'text': 'Light rain shower', 'icon': '//cdn.weatherapi.com/weather/64x64/day/353.png', 'code': 1240}",6.9,11.2,38,NE,1012.0,29.89,0.55,0.02,0.0,82,67,30.7,87.3,27.1,80.8,30.7,87.3,23.7,74.6,1,100,0,0,10.0,6.0,11.3,18.2,6.0
1735192800,2024-12-26 14:00,27.1,80.7,1,"{'text': 'Light rain shower', 'icon': '//cdn.weatherapi.com/weather/64x64/day/353.png', 'code': 1240}",7.4,11.9,41,NE,1011.0,29.86,0.54,0.02,0.0,82,67,30.7,87.2,27.1,80.7,30.7,87.2,23.7,74.7,1,100,0,0,10.0,6.0,12.3,19.8,6.0
1735196400,2024-12-26 15:00,27.1,80.7,1,"{'text': 'Light rain shower', 'icon': '//cdn.weatherapi.com/weather/64x64/day/353.png', 'code': 1240}",7.6,12.2,41,NE,1010.0,29.83,0.35,0.01,0.0,82,70,30.7,87.3,27.1,80.7,30.7,87.3,23.8,74.8,1,100,0,0,10.0,6.0,10.1,16.3,6.0
1735200000,2024-12-26 16:00,27.0,80.6,1,"{'text': 'Light rain shower', 'icon': '//cdn.weatherapi.com/weather/64x64/day/353.png', 'code': 1240}",7.6,12.2,39,NE,1009.0,29.81,0.26,0.01,0.0,82,68,30.6,87.1,27.0,80.6,30.6,87.1,23.7,74.7,1,100,0,0,10.0,6.0,10.2,16.4,6.0
1735203600,2024-12-26 17:00,26.8,80.3,1,"{'text': 'Light rain shower', 'icon': '//cdn.weatherapi.com/weather/64x64/day/353.png', 'code': 1240}",6.9,11.2,41,NE,1009.0,29.8,0.17,0.01,0.0,83,68,30.3,86.6,26.9,80.3,30.3,86.6,23.7,74.6,1,100,0,0,10.0,6.0,9.5,15.3,6.0
1735207200,2024-12-26 18:00,26.6,79.9,1,"{'text': 'Patchy rain possible', 'icon': '//cdn.weatherapi.com/weather/64x64/day/176.png', 'code': 1063}",6.7,10.8,42,NE,1010.0,29.82,0.11,0.0,0.0,84,54,29.9,85.9,26.6,79.9,29.9,85.9,23.6,74.5,1,100,0,0,10.0,6.0,9.6,15.4,6.0
1735210800,2024-12-26 19:00,25.9,78.6,1,"{'text': 'Patchy rain possible', 'icon': '//cdn.weatherapi.com/weather/64x64/day/176.png', 'code': 1063}",6.5,10.4,47,NE,1010.0,29.84,0.01,0.0,0.0,85,55,28.8,83.9,25.9,78.6,28.8,83.9,23.2,73.8,0,45,0,0,10.0,6.0,10.4,16.7,6.0
1735214400,2024-12-26 20:00,25.6,78.1,0,"{'text': 'Partly cloudy', 'icon': '//cdn.weatherapi.com/weather/64x64/night/116.png', 'code': 1003}",5.6,9.0,51,NE,1011.0,29.86,0.0,0.0,0.0,85,55,28.4,83.1,25.6,78.1,28.4,83.1,22.9,73.3,0,45,0,0,10.0,6.0,9.2,14.8,0.0
1735218000,2024-12-26 21:00,25.5,77.9,0,"{'text': 'Cloudy', 'icon': '//cdn.weatherapi.com/weather/64x64/night/119.png', 'code': 1006}",4.9,7.9,57,ENE,1012.0,29.89,0.0,0.0,0.0,85,65,28.2,82.7,25.5,77.9,28.2,82.7,22.8,73.0,0,45,0,0,10.0,6.0,8.1,13.0,0.0
1735221600,2024-12-26 22:00,25.4,77.8,0,"{'text': 'Cloudy', 'icon': '//cdn.weatherapi.com/weather/64x64/night/119.png', 'code': 1006}",4.7,7.6,63,ENE,1013.0,29.91,0.0,0.0,0.0,84,80,28.0,82.4,25.4,77.8,28.0,82.4,22.6,72.7,0,45,0,0,10.0,6.0,7.7,12.5,0.0
1735225200,2024-12-26 23:00,25.4,77.6,0,"{'text': 'Patchy rain possible', 'icon': '//cdn.weatherapi.com/weather/64x64/night/176.png', 'code': 1063}",4.9,7.9,74,ENE,1013.0,29.92,0.03,0.0,0.0,84,99,27.9,82.2,25.4,77.6,27.9,82.2,22.5,72.6,0,45,0,0,10.0,6.0,8.1,13.1,0.0
