time_epoch,time,temp_c,temp_f,is_day,condition,wind_mph,wind_kph,wind_degree,wind_dir,pressure_mb,pressure_in,precip_mm,precip_in,snow_cm,humidity,cloud,feelslike_c,feelslike_f,windchill_c,windchill_f,heatindex_c,heatindex_f,dewpoint_c,dewpoint_f,will_it_rain,chance_of_rain,will_it_snow,chance_of_snow,vis_km,vis_miles,gust_mph,gust_kph,uv
1735228800,2024-12-27 00:00,26.5,79.6,0,"{'text': 'Patchy rain possible', 'icon': '//cdn.weatherapi.com/weather/64x64/night/176.png', 'code': 1063}",1.8,2.9,156,SSE,1011.0,29.87,0.05,0.0,0.0,81,78,29.5,85.0,26.5,79.6,29.5,85.0,23.0,73.4,0,45,0,0,10.0,6.0,2.6,4.2,0.0
1735232400,2024-12-27 01:00,26.4,79.4,0,"{'text': 'Partly cloudy', 'icon': '//cdn.weatherapi.com/weather/64x64/night/116.png', 'code': 1003}",1.6,2.5,166,SSE,1011.0,29.86,0.0,0.0,0.0,82,46,29.3,84.7,26.4,79.4,29.3,84.7,23.0,73.3,0,45,0,0,10.0,6.0,2.3,3.7,0.0
1735236000,2024-12-27 02:00,26.1,79.0,0,"{'text': 'Partly cloudy', 'icon': '//cdn.weatherapi.com/weather/64x64/night/116.png', 'code': 1003}",2.9,4.7,155,SSE,1011.0,29.85,0.0,0.0,0.0,83,44,29.0,84.1,26.1,79.0,29.0,84.1,22.9,73.2,0,0,0,0,10.0,6.0,4.2,6.8,0.0
1735239600,2024-12-27 03:00,25.8,78.5,0,"{'text': 'Patchy rain possible', 'icon': '//cdn.weatherapi.com/weather/64x64/night/176.png', 'code': 1063}",4.0,6.5,148,SSE,1010.0,29.83,0.01,0.0,0.0,84,82,28.6,83.4,25.8,78.5,28.6,83.4,22.9,73.1,0,45,0,0,10.0,6.0,5.9,9.5,0.0
1735243200,2024-12-27 04:00,25.6,78.1,0,"{'text': 'Partly cloudy', 'icon': '//cdn.weatherapi.com/weather/64x64/night/116.png', 'code': 1003}",4.5,7.2,164,SSE,1010.0,29.82,0.0,0.0,0.0,85,40,28.3,82.9,25.6,78.1,28.3,82.9,22.8,73.1,0,0,0,0,10.0,6.0,6.6,10.5,0.0
1735246800,2024-12-27 05:00,25.4,77.7,0,"{'text': 'Patchy light rain', 'icon': '//cdn.weatherapi.com/weather/64x64/night/293.png', 'code': 1180}",4.3,6.8,165,SSE,1010.0,29.84,0.79,0.03,0.0,85,59,28.0,82.4,25.4,77.7,28.0,82.4,22.8,73.0,1,100,0,0,9.0,5.0,6.3,10.2,0.0
1735250400,2024-12-27 06:00,25.4,77.6,0,"{'text': 'Patchy rain possible', 'icon': '//cdn.weatherapi.com/weather/64x64/night/176.png', 'code': 1063}",4.0,6.5,155,SSE,1011.0,29.86,0.3,0.01,0.0,85,74,27.9,82.2,25.4,77.6,27.9,82.2,22.6,72.7,1,100,0,0,9.0,5.0,6.0,9.7,0.0
1735254000,2024-12-27 07:00,25.4,77.8,1,"{'text': 'Partly cloudy', 'icon': '//cdn.weatherapi.com/weather/64x64/day/116.png', 'code': 1003}",4.3,6.8,160,SSE,1011.0,29.87,0.0,0.0,0.0,84,37,28.0,82.3,25.4,77.8,28.0,82.3,22.5,72.5,0,45,0,0,10.0,6.0,6.3,10.2,7.0
1735257600,2024-12-27 08:00,25.8,78.4,1,"{'text': 'Partly cloudy', 'icon': '//cdn.weatherapi.com/weather/64x64/day/116.png', 'code': 1003}",3.8,6.1,167,SSE,1012.0,29.89,0.0,0.0,0.0,83,32,28.4,83.2,25.8,78.4,28.4,83.2,22.7,72.8,0,0,0,0,10.0,6.0,5.4,8.7,7.0
1735261200,2024-12-27 09:00,26.3,79.3,1,"{'text': 'Partly cloudy', 'icon': '//cdn.weatherapi.com/weather/64x64/day/116.png', 'code': 1003}",2.5,4.0,160,SSE,1013.0,29.91,0.0,0.0,0.0,81,34,29.1,84.4,26.3,79.3,29.1,84.4,22.8,73.0,0,0,0,0,10.0,6.0,3.2,5.2,7.0
1735264800,2024-12-27 10:00,26.8,80.3,1,"{'text': 'Patchy rain possible', 'icon': '//cdn.weatherapi.com/weather/64x64/day/176.png', 'code': 1063}",1.3,2.2,193,SSW,1013.0,29.9,0.01,0.0,0.0,78,83,29.8,85.6,26.8,80.3,29.8,85.6,22.8,73.0,0,45,0,0,10.0,6.0,1.7,2.7,6.0
1735268400,2024-12-27 11:00,27.4,81.3,1,"{'text': 'Light rain shower', 'icon': '//cdn.weatherapi.com/weather/64x64/day/353.png', 'code': 1240}",2.0,3.2,223,SW,1012.0,29.89,0.43,0.02,0.0,76,66,30.6,87.1,27.4,81.3,30.6,87.1,22.9,73.2,1,100,0,0,10.0,6.0,2.5,4.0,6.0
1735272000,2024-12-27 12:00,27.4,81.3,1,"{'text': 'Light rain shower', 'icon': '//cdn.weatherapi.com/weather/64x64/day/353.png', 'code': 1240}",3.1,5.0,250,WSW,1012.0,29.87,0.94,0.04,0.0,77,54,30.6,87.1,27.4,81.3,30.6,87.1,23.0,73.4,1,100,0,0,10.0,6.0,4.2,6.8,6.0
1735275600,2024-12-27 13:00,27.6,81.6,1,"{'text': 'Light rain shower', 'icon': '//cdn.weatherapi.com/weather/64x64/day/353.png', 'code': 1240}",3.1,5.0,261,W,1011.0,29.85,0.33,0.01,0.0,76,63,30.9,87.5,27.6,81.6,30.9,87.5,23.0,73.3,1,100,0,0,10.0,6.0,4.6,7.3,6.0
1735279200,2024-12-27 14:00,27.1,80.8,1,"{'text': 'Light rain shower', 'icon': '//cdn.weatherapi.com/weather/64x64/day/353.png', 'code': 1240}",2.0,3.2,293,WNW,1010.0,29.83,1.43,0.06,0.0,78,75,30.3,86.5,27.1,80.8,30.3,86.5,23.0,73.4,1,100,0,0,10.0,6.0,3.0,4.9,6.0
1735282800,2024-12-27 15:00,26.9,80.4,1,"{'text': 'Patchy rain possible', 'icon': '//cdn.weatherapi.com/weather/64x64/day/176.png', 'code': 1063}",1.1,1.8,294,WNW,1009.0,29.81,0.65,0.03,0.0,80,86,30.0,85.9,26.9,80.3,30.0,85.9,23.0,73.5,1,100,0,0,9.0,5.0,1.5,2.5,6.0
1735286400,2024-12-27 16:00,26.7,80.1,1,"{'text': 'Light rain shower', 'icon': '//cdn.weatherapi.com/weather/64x64/day/353.png', 'code': 1240}",0.7,1.1,68,ENE,1010.0,29.81,0.62,0.02,0.0,80,51,29.8,85.6,26.7,80.1,29.8,85.6,23.0,73.4,1,100,0,0,10.0,6.0,0.9,1.5,6.0
1735290000,2024-12-27 17:00,26.8,80.3,1,"{'text': 'Patchy rain possible', 'icon': '//cdn.weatherapi.com/weather/64x64/day/176.png', 'code': 1063}",1.8,2.9,72,ENE,1010.0,29.82,0.16,0.01,0.0,79,77,29.8,85.7,26.8,80.3,29.8,85.7,22.9,73.2,1,100,0,0,9.0,5.0,2.7,4.3,6.0
1735293600,2024-12-27 18:00,26.6,80.0,1,"{'text': 'Patchy rain possible', 'icon': '//cdn.weatherapi.com/weather/64x64/day/176.png', 'code': 1063}",2.9,4.7,85,E,1010.0,29.83,0.12,0.0,0.0,80,71,29.6,85.3,26.6,80.0,29.6,85.3,22.9,73.2,1,100,0,0,10.0,6.0,4.1,6.6,6.0
1735297200,2024-12-27 19:00,26.1,79.0,0,"{'text': 'Patchy rain possible', 'icon': '//cdn.weatherapi.com/weather/64x64/night/176.png', 'code': 1063}",3.4,5.4,84,E,1011.0,29.86,0.08,0.0,0.0,82,87,28.9,84.0,26.1,79.0,28.9,84.0,22.8,73.0,0,45,0,0,10.0,6.0,5.2,8.4,0.0
1735300800,2024-12-27 20:00,26.1,79.1,0,"{'text': 'Patchy rain possible', 'icon': '//cdn.weatherapi.com/weather/64x64/night/176.png', 'code': 1063}",3.1,5.0,89,E,1012.0,29.88,0.01,0.0,0.0,81,72,28.8,83.9,26.1,79.1,28.8,83.9,22.6,72.6,0,45,0,0,10.0,6.0,4.8,7.7,0.0
1735304400,2024-12-27 21:00,26.1,79.0,0,"{'text': 'Partly cloudy', 'icon': '//cdn.weatherapi.com/weather/64x64/night/116.png', 'code': 1003}",2.9,4.7,95,E,1012.0,29.9,0.0,0.0,0.0,80,32,28.7,83.7,26.1,79.0,28.7,83.7,22.5,72.4,0,45,0,0,10.0,6.0,4.4,7.1,0.0
1735308000,2024-12-27 22:00,26.0,78.7,0,"{'text': 'Patchy rain possible', 'icon': '//cdn.weatherapi.com/weather/64x64/night/176.png', 'code': 1063}",2.7,4.3,93,E,1013.0,29.9,0.16,0.01,0.0,80,79,28.5,83.3,26.0,78.7,28.5,83.3,22.3,72.2,1,100,0,0,9.0,5.0,4.1,6.7,0.0
1735311600,2024-12-27 23:00,25.8,78.4,0,"{'text': 'Patchy rain possible', 'icon': '//cdn.weatherapi.com/weather/64x64/night/176.png', 'code': 1063}",2.9,4.7,102,ESE,1012.0,29.89,0.27,0.01,0.0,81,88,28.3,82.9,25.8,78.4,28.3,82.9,22.3,72.1,1,100,0,0,9.0,5.0,4.5,7.3,0.0
