time_epoch,time,temp_c,temp_f,is_day,condition,wind_mph,wind_kph,wind_degree,wind_dir,pressure_mb,pressure_in,precip_mm,precip_in,snow_cm,humidity,cloud,feelslike_c,feelslike_f,windchill_c,windchill_f,heatindex_c,heatindex_f,dewpoint_c,dewpoint_f,will_it_rain,chance_of_rain,will_it_snow,chance_of_snow,vis_km,vis_miles,gust_mph,gust_kph,uv
1735056000,2024-12-25 00:00,25.7,78.3,0,"{'text': 'Partly cloudy', 'icon': '//cdn.weatherapi.com/weather/64x64/night/116.png', 'code': 1003}",8.1,13.0,16,NNE,1012.0,29.88,0.0,0.0,0.0,78,54,28.0,82.4,25.7,78.3,28.0,82.4,21.7,71.0,0,45,0,0,10.0,6.0,13.0,21.0,0.0
1735059600,2024-12-25 01:00,25.5,78.0,0,"{'text': 'Partly cloudy', 'icon': '//cdn.weatherapi.com/weather/64x64/night/116.png', 'code': 1003}",7.8,12.6,13,NNE,1012.0,29.88,0.0,0.0,0.0,78,52,27.7,81.9,25.5,78.0,27.7,81.9,21.5,70.7,0,45,0,0,10.0,6.0,12.9,20.8,0.0
1735063200,2024-12-25 02:00,25.4,77.7,0,"{'text': 'Partly cloudy', 'icon': '//cdn.weatherapi.com/weather/64x64/night/116.png', 'code': 1003}",8.1,13.0,11,NNE,1011.0,29.86,0.0,0.0,0.0,79,52,27.5,81.6,25.4,77.7,27.5,81.6,21.4,70.5,0,45,0,0,10.0,6.0,13.4,21.6,0.0
1735066800,2024-12-25 03:00,25.3,77.5,0,"{'text': 'Partly cloudy', 'icon': '//cdn.weatherapi.com/weather/64x64/night/116.png', 'code': 1003}",7.2,11.5,8,N,1011.0,29.84,0.0,0.0,0.0,78,50,27.3,81.2,25.3,77.5,27.3,81.2,21.2,70.2,0,45,0,0,10.0,6.0,12.2,19.6,0.0
1735070400,2024-12-25 04:00,25.1,77.2,0,"{'text': 'Clear', 'icon': '//cdn.weatherapi.com/weather/64x64/night/113.png', 'code': 1000}",6.0,9.7,359,N,1010.0,29.82,0.0,0.0,0.0,78,17,27.1,80.8,25.1,77.2,27.1,80.8,21.0,69.9,0,0,0,0,10.0,6.0,10.3,16.6,0.0
1735074000,2024-12-25 05:00,24.9,76.8,0,"{'text': 'Clear', 'icon': '//cdn.weatherapi.com/weather/64x64/night/113.png', 'code': 1000}",4.5,7.2,352,N,1010.0,29.81,0.0,0.0,0.0,79,24,26.9,80.4,24.9,76.8,26.9,80.4,21.0,69.7,0,0,0,0,10.0,6.0,7.6,12.2,0.0
1735077600,2024-12-25 06:00,24.8,76.6,0,"{'text': 'Clear', 'icon': '//cdn.weatherapi.com/weather/64x64/night/113.png', 'code': 1000}",4.0,6.5,350,N,1010.0,29.82,0.0,0.0,0.0,80,7,26.8,80.2,24.8,76.6,26.8,80.2,21.1,70.0,0,0,0,0,10.0,6.0,6.8,10.9,0.0
1735081200,2024-12-25 07:00,24.6,76.4,0,"{'text': 'Clear', 'icon': '//cdn.weatherapi.com/weather/64x64/night/113.png', 'code': 1000}",4.3,6.8,346,NNW,1010.0,29.84,0.0,0.0,0.0,81,24,26.7,80.1,24.6,76.4,26.7,80.1,21.2,70.2,0,45,0,0,10.0,6.0,7.1,11.4,0.0
1735084800,2024-12-25 08:00,24.9,76.8,1,"{'text': 'Patchy rain possible', 'icon': '//cdn.weatherapi.com/weather/64x64/day/176.png', 'code': 1063}",3.8,6.1,342,NNW,1011.0,29.85,0.02,0.0,0.0,81,89,27.0,80.6,24.9,76.8,27.0,80.6,21.4,70.6,0,45,0,0,10.0,6.0,6.0,9.6,5.0
1735088400,2024-12-25 09:00,25.8,78.4,1,"{'text': 'Patchy rain possible', 'icon': '//cdn.weatherapi.com/weather/64x64/day/176.png', 'code': 1063}",3.1,5.0,345,NNW,1012.0,29.88,0.05,0.0,0.0,78,60,28.1,82.5,25.8,78.4,28.1,82.5,21.7,71.1,0,45,0,0,10.0,6.0,4.3,6.9,6.0
1735092000,2024-12-25 10:00,26.8,80.2,1,"{'text': 'Patchy rain possible', 'icon': '//cdn.weatherapi.com/weather/64x64/day/176.png', 'code': 1063}",3.4,5.4,358,N,1012.0,29.89,0.03,0.0,0.0,74,60,29.3,84.7,26.8,80.2,29.3,84.7,21.8,71.3,0,45,0,0,10.0,6.0,4.3,6.8,6.0
1735095600,2024-12-25 11:00,27.6,81.6,1,"{'text': 'Patchy rain possible', 'icon': '//cdn.weatherapi.com/weather/64x64/day/176.png', 'code': 1063}",4.3,6.8,23,NNE,1012.0,29.88,0.1,0.0,0.0,72,81,30.3,86.6,27.6,81.6,30.3,86.6,22.0,71.6,1,100,0,0,10.0,6.0,5.2,8.3,6.0
1735099200,2024-12-25 12:00,28.0,82.3,1,"{'text': 'Patchy rain possible', 'icon': '//cdn.weatherapi.com/weather/64x64/day/176.png', 'code': 1063}",4.7,7.6,39,NE,1011.0,29.86,0.13,0.01,0.0,70,86,30.8,87.4,28.0,82.3,30.8,87.4,21.9,71.4,1,100,0,0,10.0,6.0,5.7,9.2,6.0
1735102800,2024-12-25 13:00,28.1,82.5,1,"{'text': 'Patchy rain possible', 'icon': '//cdn.weatherapi.com/weather/64x64/day/176.png', 'code': 1063}",4.9,7.9,38,NE,1011.0,29.85,0.12,0.0,0.0,68,87,30.8,87.4,28.1,82.5,30.8,87.4,21.7,71.0,1,100,0,0,10.0,6.0,6.1,9.9,6.0
1735106400,2024-12-25 14:00,28.2,82.8,1,"{'text': 'Patchy rain possible', 'icon': '//cdn.weatherapi.com/weather/64x64/day/176.png', 'code': 1063}",5.6,9.0,30,NNE,1010.0,29.83,0.12,0.0,0.0,67,76,31.0,87.7,28.2,82.8,31.0,87.7,21.6,70.9,1,100,0,0,10.0,6.0,7.0,11.2,6.0
1735110000,2024-12-25 15:00,28.1,82.6,1,"{'text': 'Patchy rain possible', 'icon': '//cdn.weatherapi.com/weather/64x64/day/176.png', 'code': 1063}",5.4,8.6,21,NNE,1009.0,29.8,0.1,0.0,0.0,68,81,30.8,87.4,28.1,82.6,30.8,87.4,21.6,70.8,1,100,0,0,10.0,6.0,6.8,10.9,6.0
1735113600,2024-12-25 16:00,27.8,82.1,1,"{'text': 'Patchy rain possible', 'icon': '//cdn.weatherapi.com/weather/64x64/day/176.png', 'code': 1063}",4.5,7.2,11,NNE,1008.0,29.77,0.04,0.0,0.0,69,70,30.4,86.8,27.8,82.1,30.4,86.8,21.6,70.8,0,45,0,0,10.0,6.0,5.8,9.4,6.0
1735117200,2024-12-25 17:00,27.5,81.5,1,"{'text': 'Patchy rain possible', 'icon': '//cdn.weatherapi.com/weather/64x64/day/176.png', 'code': 1063}",3.8,6.1,7,N,1008.0,29.78,0.04,0.0,0.0,71,72,30.1,86.3,27.5,81.5,30.1,86.3,21.7,71.1,0,45,0,0,10.0,6.0,5.1,8.2,6.0
1735120800,2024-12-25 18:00,27.2,80.9,1,"{'text': 'Sunny', 'icon': '//cdn.weatherapi.com/weather/64x64/day/113.png', 'code': 1000}",4.7,7.6,2,N,1009.0,29.79,0.0,0.0,0.0,75,22,30.0,85.9,27.2,80.9,30.0,85.9,22.2,72.0,0,45,0,0,10.0,6.0,6.6,10.6,7.0
1735124400,2024-12-25 19:00,26.1,79.0,1,"{'text': 'Patchy rain possible', 'icon': '//cdn.weatherapi.com/weather/64x64/day/176.png', 'code': 1063}",5.4,8.6,356,N,1010.0,29.81,0.01,0.0,0.0,79,78,28.6,83.6,26.1,79.0,28.6,83.6,22.2,72.0,0,45,0,0,10.0,6.0,8.7,14.0,6.0
1735128000,2024-12-25 20:00,25.8,78.4,0,"{'text': 'Patchy rain possible', 'icon': '//cdn.weatherapi.com/weather/64x64/night/176.png', 'code': 1063}",4.9,7.9,357,N,1010.0,29.83,0.05,0.0,0.0,80,77,28.3,82.9,25.8,78.4,28.3,82.9,22.2,71.9,0,45,0,0,10.0,6.0,8.2,13.1,0.0
1735131600,2024-12-25 21:00,25.8,78.4,0,"{'text': 'Patchy rain possible', 'icon': '//cdn.weatherapi.com/weather/64x64/night/176.png', 'code': 1063}",4.7,7.6,6,N,1011.0,29.86,0.07,0.0,0.0,81,73,28.3,82.9,25.8,78.4,28.3,82.9,22.2,72.0,0,45,0,0,10.0,6.0,7.7,12.5,0.0
1735135200,2024-12-25 22:00,25.7,78.3,0,"{'text': 'Patchy rain possible', 'icon': '//cdn.weatherapi.com/weather/64x64/night/176.png', 'code': 1063}",4.9,7.9,23,NNE,1012.0,29.89,0.08,0.0,0.0,81,82,28.2,82.7,25.7,78.3,28.2,82.7,22.2,72.0,0,45,0,0,10.0,6.0,8.2,13.1,0.0
1735138800,2024-12-25 23:00,25.6,78.1,0,"{'text': 'Patchy rain possible', 'icon': '//cdn.weatherapi.com/weather/64x64/night/176.png', 'code': 1063}",4.5,7.2,29,NNE,1012.0,29.89,0.07,0.0,0.0,81,75,28.0,82.5,25.6,78.1,28.0,82.5,22.2,71.9,0,45,0,0,10.0,6.0,7.4,12.0,0.0
