time_epoch,time,temp_c,temp_f,is_day,condition,wind_mph,wind_kph,wind_degree,wind_dir,pressure_mb,pressure_in,precip_mm,precip_in,snow_cm,humidity,cloud,feelslike_c,feelslike_f,windchill_c,windchill_f,heatindex_c,heatindex_f,dewpoint_c,dewpoint_f,will_it_rain,chance_of_rain,will_it_snow,chance_of_snow,vis_km,vis_miles,gust_mph,gust_kph,uv
1734883200,2024-12-23 00:00,21.8,71.2,0,"{'text': 'Patchy rain possible', 'icon': '//cdn.weatherapi.com/weather/64x64/night/176.png', 'code': 1063}",2.2,3.6,83,E,1011.0,29.85,0.5,0.02,0.0,93,78,21.8,71.2,21.8,71.2,24.4,75.9,20.6,69.0,1,100,0,0,9.0,5.0,4.7,7.6,0.0
1734886800,2024-12-23 01:00,21.7,71.1,0,"{'text': 'Partly cloudy', 'icon': '//cdn.weatherapi.com/weather/64x64/night/116.png', 'code': 1003}",2.9,4.7,73,ENE,1011.0,29.86,0.0,0.0,0.0,93,37,21.7,71.1,21.7,71.1,24.4,75.9,20.5,69.0,0,0,0,0,10.0,6.0,6.1,9.8,0.0
1734890400,2024-12-23 02:00,21.7,71.1,0,"{'text': 'Overcast', 'icon': '//cdn.weatherapi.com/weather/64x64/night/122.png', 'code': 1009}",3.1,5.0,72,ENE,1010.0,29.83,0.0,0.0,0.0,93,96,21.7,71.1,21.7,71.1,24.4,75.9,20.5,69.0,0,0,0,0,10.0,6.0,6.6,10.6,0.0
1734894000,2024-12-23 03:00,22.0,71.7,0,"{'text': 'Overcast', 'icon': '//cdn.weatherapi.com/weather/64x64/night/122.png', 'code': 1009}",2.0,3.2,65,ENE,1009.0,29.81,0.0,0.0,0.0,92,100,24.6,76.2,22.1,71.7,24.6,76.2,20.8,69.4,0,0,0,0,10.0,6.0,4.1,6.6,0.0
1734897600,2024-12-23 04:00,22.3,72.1,0,"{'text': 'Partly cloudy', 'icon': '//cdn.weatherapi.com/weather/64x64/night/116.png', 'code': 1003}",2.0,3.2,79,E,1009.0,29.79,0.0,0.0,0.0,92,46,24.7,76.5,22.3,72.1,24.7,76.5,20.9,69.6,0,0,0,0,10.0,6.0,3.9,6.3,0.0
1734901200,2024-12-23 05:00,21.9,71.4,0,"{'text': 'Partly cloudy', 'icon': '//cdn.weatherapi.com/weather/64x64/night/116.png', 'code': 1003}",2.0,3.2,76,ENE,1009.0,29.79,0.0,0.0,0.0,92,35,21.9,71.4,21.9,71.4,24.5,76.0,20.6,69.0,0,0,0,0,10.0,6.0,4.1,6.7,0.0
1734904800,2024-12-23 06:00,21.7,71.0,0,"{'text': 'Partly cloudy', 'icon': '//cdn.weatherapi.com/weather/64x64/night/116.png', 'code': 1003}",2.2,3.6,70,ENE,1009.0,29.8,0.0,0.0,0.0,92,29,21.7,71.0,21.7,71.0,24.4,75.8,20.4,68.7,0,0,0,0,10.0,6.0,4.7,7.6,0.0
1734908400,2024-12-23 07:00,21.6,70.8,0,"{'text': 'Partly cloudy', 'icon': '//cdn.weatherapi.com/weather/64x64/night/116.png', 'code': 1003}",2.2,3.6,64,ENE,1010.0,29.81,0.0,0.0,0.0,92,34,21.6,70.8,21.6,70.8,24.3,75.8,20.3,68.5,0,0,0,0,10.0,6.0,4.7,7.6,0.0
1734912000,2024-12-23 08:00,22.9,73.3,1,"{'text': 'Partly cloudy', 'icon': '//cdn.weatherapi.com/weather/64x64/day/116.png', 'code': 1003}",2.2,3.6,74,ENE,1010.0,29.84,0.0,0.0,0.0,91,54,25.2,77.4,22.9,73.3,25.2,77.4,21.4,70.5,0,0,0,0,10.0,6.0,3.9,6.3,6.0
1734915600,2024-12-23 09:00,25.3,77.5,1,"{'text': 'Partly cloudy', 'icon': '//cdn.weatherapi.com/weather/64x64/day/116.png', 'code': 1003}",1.8,2.9,88,E,1011.0,29.86,0.0,0.0,0.0,85,50,27.8,82.1,25.3,77.5,27.8,82.1,22.6,72.7,0,45,0,0,10.0,6.0,2.1,3.5,7.0
1734919200,2024-12-23 10:00,27.1,80.8,1,"{'text': 'Patchy rain possible', 'icon': '//cdn.weatherapi.com/weather/64x64/day/176.png', 'code': 1063}",1.8,2.9,98,E,1011.0,29.86,0.02,0.0,0.0,77,83,30.2,86.3,27.1,80.8,30.2,86.3,22.8,73.0,0,45,0,0,10.0,6.0,2.1,3.3,6.0
1734922800,2024-12-23 11:00,29.1,84.3,1,"{'text': 'Patchy rain possible', 'icon': '//cdn.weatherapi.com/weather/64x64/day/176.png', 'code': 1063}",1.1,1.8,114,ESE,1011.0,29.85,0.03,0.0,0.0,69,87,32.8,91.0,29.1,84.3,32.8,91.0,22.8,73.0,0,45,0,0,10.0,6.0,1.3,2.1,6.0
1734926400,2024-12-23 12:00,30.4,86.7,1,"{'text': 'Patchy rain possible', 'icon': '//cdn.weatherapi.com/weather/64x64/day/176.png', 'code': 1063}",1.8,2.9,208,SSW,1010.0,29.82,0.14,0.01,0.0,63,86,34.5,94.1,30.4,86.7,34.5,94.1,22.7,72.8,1,100,0,0,10.0,6.0,2.1,3.3,7.0
1734930000,2024-12-23 13:00,30.6,87.0,1,"{'text': 'Patchy rain possible', 'icon': '//cdn.weatherapi.com/weather/64x64/day/176.png', 'code': 1063}",3.4,5.4,229,SW,1009.0,29.79,0.34,0.01,0.0,63,75,34.7,94.5,30.6,87.0,34.7,94.5,22.6,72.8,1,100,0,0,9.0,5.0,4.0,6.4,7.0
1734933600,2024-12-23 14:00,30.2,86.3,1,"{'text': 'Light rain shower', 'icon': '//cdn.weatherapi.com/weather/64x64/day/353.png', 'code': 1240}",3.6,5.8,235,SW,1008.0,29.76,0.58,0.02,0.0,66,60,34.6,94.2,30.2,86.3,34.6,94.2,23.1,73.7,1,100,0,0,10.0,6.0,4.3,6.9,7.0
1734937200,2024-12-23 15:00,29.4,84.8,1,"{'text': 'Light rain shower', 'icon': '//cdn.weatherapi.com/weather/64x64/day/353.png', 'code': 1240}",3.8,6.1,232,SW,1007.0,29.73,0.74,0.03,0.0,72,58,33.9,92.9,29.4,84.8,33.9,92.9,23.7,74.6,1,100,0,0,10.0,6.0,4.7,7.6,6.0
1734940800,2024-12-23 16:00,28.4,83.1,1,"{'text': 'Patchy light rain', 'icon': '//cdn.weatherapi.com/weather/64x64/day/293.png', 'code': 1180}",4.7,7.6,227,SW,1006.0,29.71,1.17,0.05,0.0,78,64,32.9,91.2,28.4,83.1,32.9,91.2,24.2,75.6,1,100,0,0,9.0,5.0,5.5,8.8,6.0
1734944400,2024-12-23 17:00,27.6,81.6,1,"{'text': 'Light rain shower', 'icon': '//cdn.weatherapi.com/weather/64x64/day/353.png', 'code': 1240}",4.3,6.8,222,SW,1006.0,29.71,1.25,0.05,0.0,83,82,31.8,89.3,27.6,81.6,31.8,89.3,24.4,75.9,1,100,0,0,10.0,6.0,6.9,11.1,6.0
1734948000,2024-12-23 18:00,26.7,80.1,1,"{'text': 'Patchy light rain', 'icon': '//cdn.weatherapi.com/weather/64x64/day/293.png', 'code': 1180}",2.7,4.3,218,SW,1007.0,29.73,1.64,0.06,0.0,87,66,30.6,87.1,26.7,80.1,30.6,87.1,24.4,75.9,1,100,0,0,9.0,5.0,3.4,5.5,6.0
1734951600,2024-12-23 19:00,24.5,76.1,1,"{'text': 'Light rain shower', 'icon': '//cdn.weatherapi.com/weather/64x64/day/353.png', 'code': 1240}",0.4,0.7,204,SSW,1008.0,29.76,1.35,0.05,0.0,91,74,27.1,80.8,24.5,76.1,27.1,80.8,23.0,73.4,1,100,0,0,10.0,6.0,0.9,1.4,5.0
1734955200,2024-12-23 20:00,23.2,73.7,0,"{'text': 'Patchy rain possible', 'icon': '//cdn.weatherapi.com/weather/64x64/night/176.png', 'code': 1063}",0.7,1.1,48,NE,1009.0,29.79,1.66,0.07,0.0,93,74,25.5,77.9,23.2,73.7,25.5,77.9,22.0,71.6,1,100,0,0,9.0,5.0,1.4,2.3,0.0
1734958800,2024-12-23 21:00,23.0,73.4,0,"{'text': 'Light rain shower', 'icon': '//cdn.weatherapi.com/weather/64x64/night/353.png', 'code': 1240}",1.3,2.2,79,E,1010.0,29.82,1.44,0.06,0.0,94,85,25.4,77.6,23.0,73.4,25.4,77.6,21.9,71.5,1,100,0,0,10.0,6.0,2.8,4.5,0.0
1734962400,2024-12-23 22:00,23.0,73.4,0,"{'text': 'Light rain shower', 'icon': '//cdn.weatherapi.com/weather/64x64/night/353.png', 'code': 1240}",2.0,3.2,77,ENE,1011.0,29.84,0.63,0.02,0.0,94,63,25.4,77.7,23.0,73.4,25.4,77.7,21.9,71.5,1,100,0,0,10.0,6.0,4.2,6.8,0.0
1734966000,2024-12-23 23:00,22.9,73.2,0,"{'text': 'Light rain shower', 'icon': '//cdn.weatherapi.com/weather/64x64/night/353.png', 'code': 1240}",2.7,4.3,77,ENE,1010.0,29.84,0.34,0.01,0.0,94,53,25.2,77.4,22.9,73.2,25.2,77.4,21.9,71.3,1,100,0,0,10.0,6.0,5.6,9.0,0.0
