time_epoch,time,temp_c,temp_f,is_day,condition,wind_mph,wind_kph,wind_degree,wind_dir,pressure_mb,pressure_in,precip_mm,precip_in,snow_cm,humidity,cloud,feelslike_c,feelslike_f,windchill_c,windchill_f,heatindex_c,heatindex_f,dewpoint_c,dewpoint_f,will_it_rain,chance_of_rain,will_it_snow,chance_of_snow,vis_km,vis_miles,gust_mph,gust_kph,uv
1735315200,2024-12-28 00:00,25.8,78.4,0,"{'text': 'Patchy rain possible', 'icon': '//cdn.weatherapi.com/weather/64x64/night/176.png', 'code': 1063}",2.2,3.6,98,E,1013.0,29.91,0.02,0.0,0.0,83,68,28.5,83.3,25.8,78.4,28.5,83.3,22.8,73.0,0,45,0,0,10.0,6.0,3.5,5.6,0.0
1735318800,2024-12-28 01:00,25.5,78.0,0,"{'text': 'Patchy rain possible', 'icon': '//cdn.weatherapi.com/weather/64x64/night/176.png', 'code': 1063}",2.5,4.0,100,E,1013.0,29.91,0.1,0.0,0.0,84,65,28.2,82.7,25.5,78.0,28.2,82.7,22.7,72.9,1,100,0,0,10.0,6.0,3.9,6.2,0.0
1735322400,2024-12-28 02:00,25.5,77.8,0,"{'text': 'Patchy rain possible', 'icon': '//cdn.weatherapi.com/weather/64x64/night/176.png', 'code': 1063}",1.8,2.9,89,E,1012.0,29.89,0.01,0.0,0.0,84,70,28.0,82.4,25.5,77.8,28.0,82.4,22.5,72.6,0,45,0,0,10.0,6.0,2.8,4.5,0.0
1735326000,2024-12-28 03:00,25.3,77.6,0,"{'text': 'Patchy rain possible', 'icon': '//cdn.weatherapi.com/weather/64x64/night/176.png', 'code': 1063}",0.9,1.4,65,ENE,1012.0,29.87,0.01,0.0,0.0,84,73,27.8,82.0,25.3,77.6,27.8,82.0,22.4,72.4,0,45,0,0,10.0,6.0,1.4,2.2,0.0
1735329600,2024-12-28 04:00,25.2,77.3,0,"{'text': 'Patchy rain possible', 'icon': '//cdn.weatherapi.com/weather/64x64/night/176.png', 'code': 1063}",0.4,0.7,70,ENE,1011.0,29.86,0.02,0.0,0.0,85,70,27.6,81.7,25.2,77.3,27.6,81.7,22.4,72.3,0,45,0,0,10.0,6.0,0.7,1.1,0.0
1735333200,2024-12-28 05:00,25.0,77.0,0,"{'text': 'Cloudy', 'icon': '//cdn.weatherapi.com/weather/64x64/night/119.png', 'code': 1006}",0.0,0.0,353,N,1011.0,29.85,0.0,0.0,0.0,85,69,27.4,81.3,25.0,77.0,27.4,81.3,22.3,72.2,0,45,0,0,10.0,6.0,0.0,0.0,0.0
1735336800,2024-12-28 06:00,24.9,76.8,0,"{'text': 'Cloudy', 'icon': '//cdn.weatherapi.com/weather/64x64/night/119.png', 'code': 1006}",0.9,1.4,216,SW,1011.0,29.87,0.0,0.0,0.0,86,67,27.3,81.1,24.9,76.8,27.3,81.1,22.3,72.2,0,0,0,0,10.0,6.0,1.4,2.2,0.0
1735340400,2024-12-28 07:00,24.7,76.4,0,"{'text': 'Partly cloudy', 'icon': '//cdn.weatherapi.com/weather/64x64/night/116.png', 'code': 1003}",1.3,2.2,251,WSW,1012.0,29.88,0.0,0.0,0.0,87,60,27.1,80.7,24.7,76.4,27.1,80.7,22.4,72.3,0,45,0,0,10.0,6.0,2.1,3.4,0.0
1735344000,2024-12-28 08:00,24.9,76.9,1,"{'text': 'Partly cloudy', 'icon': '//cdn.weatherapi.com/weather/64x64/day/116.png', 'code': 1003}",1.3,2.2,250,WSW,1013.0,29.91,0.0,0.0,0.0,87,50,27.4,81.4,25.0,76.9,27.4,81.4,22.6,72.6,0,45,0,0,10.0,6.0,2.0,3.2,6.0
1735347600,2024-12-28 09:00,25.8,78.4,1,"{'text': 'Partly cloudy', 'icon': '//cdn.weatherapi.com/weather/64x64/day/116.png', 'code': 1003}",1.1,1.8,277,W,1014.0,29.94,0.0,0.0,0.0,84,47,28.5,83.3,25.8,78.4,28.5,83.3,22.8,73.0,0,45,0,0,10.0,6.0,1.5,2.4,7.0
1735351200,2024-12-28 10:00,26.8,80.2,1,"{'text': 'Partly cloudy', 'icon': '//cdn.weatherapi.com/weather/64x64/day/116.png', 'code': 1003}",0.9,1.4,276,W,1014.0,29.95,0.0,0.0,0.0,79,47,29.8,85.7,26.8,80.2,29.8,85.7,22.9,73.2,0,0,0,0,10.0,6.0,1.1,1.8,7.0
1735354800,2024-12-28 11:00,27.7,81.8,1,"{'text': 'Partly cloudy', 'icon': '//cdn.weatherapi.com/weather/64x64/day/116.png', 'code': 1003}",1.6,2.5,56,ENE,1014.0,29.94,0.0,0.0,0.0,74,41,30.8,87.4,27.7,81.8,30.8,87.4,22.6,72.7,0,0,0,0,10.0,6.0,1.9,3.0,7.0
1735358400,2024-12-28 12:00,28.1,82.6,1,"{'text': 'Patchy rain possible', 'icon': '//cdn.weatherapi.com/weather/64x64/day/176.png', 'code': 1063}",3.6,5.8,57,ENE,1013.0,29.91,0.01,0.0,0.0,71,77,31.2,88.1,28.1,82.6,31.2,88.1,22.3,72.1,0,45,0,0,10.0,6.0,4.3,6.8,6.0
1735362000,2024-12-28 13:00,28.5,83.2,1,"{'text': 'Partly cloudy', 'icon': '//cdn.weatherapi.com/weather/64x64/day/116.png', 'code': 1003}",4.5,7.2,52,NE,1012.0,29.88,0.0,0.0,0.0,68,27,31.5,88.7,28.5,83.2,31.5,88.7,22.1,71.7,0,45,0,0,10.0,6.0,5.3,8.5,7.0
1735365600,2024-12-28 14:00,28.5,83.3,1,"{'text': 'Sunny', 'icon': '//cdn.weatherapi.com/weather/64x64/day/113.png', 'code': 1000}",5.8,9.4,47,NE,1011.0,29.85,0.0,0.0,0.0,68,24,31.6,88.8,28.5,83.3,31.6,88.8,22.1,71.7,0,45,0,0,10.0,6.0,6.9,11.2,7.0
1735369200,2024-12-28 15:00,28.3,83.0,1,"{'text': 'Sunny', 'icon': '//cdn.weatherapi.com/weather/64x64/day/113.png', 'code': 1000}",6.3,10.1,44,NE,1010.0,29.82,0.0,0.0,0.0,69,24,31.4,88.5,28.3,83.0,31.4,88.5,22.1,71.8,0,0,0,0,10.0,6.0,7.6,12.2,7.0
1735372800,2024-12-28 16:00,28.1,82.5,1,"{'text': 'Sunny', 'icon': '//cdn.weatherapi.com/weather/64x64/day/113.png', 'code': 1000}",6.9,11.2,42,NE,1009.0,29.8,0.0,0.0,0.0,71,25,31.1,88.0,28.1,82.5,31.1,88.0,22.2,72.0,0,0,0,0,10.0,6.0,8.7,13.9,7.0
1735376400,2024-12-28 17:00,27.6,81.8,1,"{'text': 'Partly cloudy', 'icon': '//cdn.weatherapi.com/weather/64x64/day/116.png', 'code': 1003}",6.7,10.8,34,NE,1009.0,29.8,0.0,0.0,0.0,73,46,30.6,87.2,27.6,81.8,30.6,87.2,22.4,72.3,0,0,0,0,10.0,6.0,8.8,14.1,7.0
1735380000,2024-12-28 18:00,27.2,80.9,1,"{'text': 'Sunny', 'icon': '//cdn.weatherapi.com/weather/64x64/day/113.png', 'code': 1000}",6.3,10.1,31,NNE,1010.0,29.81,0.0,0.0,0.0,77,22,30.2,86.4,27.2,80.9,30.2,86.4,22.7,72.9,0,0,0,0,10.0,6.0,8.7,13.9,7.0
1735383600,2024-12-28 19:00,26.6,79.9,1,"{'text': 'Partly cloudy', 'icon': '//cdn.weatherapi.com/weather/64x64/day/116.png', 'code': 1003}",6.3,10.1,36,NE,1010.0,29.84,0.0,0.0,0.0,80,30,29.5,85.1,26.6,79.9,29.5,85.1,22.8,73.1,0,45,0,0,10.0,6.0,9.4,15.2,7.0
1735387200,2024-12-28 20:00,26.3,79.4,0,"{'text': 'Patchy rain possible', 'icon': '//cdn.weatherapi.com/weather/64x64/night/176.png', 'code': 1063}",5.8,9.4,39,NE,1011.0,29.87,0.08,0.0,0.0,81,77,29.2,84.5,26.3,79.4,29.2,84.5,22.8,73.0,0,45,0,0,10.0,6.0,9.1,14.7,0.0
1735390800,2024-12-28 21:00,26.3,79.3,0,"{'text': 'Patchy rain possible', 'icon': '//cdn.weatherapi.com/weather/64x64/night/176.png', 'code': 1063}",5.6,9.0,38,NE,1012.0,29.89,0.11,0.0,0.0,81,87,29.1,84.3,26.3,79.3,29.1,84.3,22.8,73.0,1,100,0,0,10.0,6.0,8.9,14.3,0.0
1735394400,2024-12-28 22:00,26.1,79.0,0,"{'text': 'Patchy rain possible', 'icon': '//cdn.weatherapi.com/weather/64x64/night/176.png', 'code': 1063}",4.5,7.2,32,NNE,1013.0,29.91,0.29,0.01,0.0,82,81,28.9,83.9,26.1,79.0,28.9,83.9,22.7,72.9,1,100,0,0,9.0,5.0,7.2,11.6,0.0
1735398000,2024-12-28 23:00,25.6,78.1,0,"{'text': 'Patchy rain possible', 'icon': '//cdn.weatherapi.com/weather/64x64/night/176.png', 'code': 1063}",4.7,7.6,42,NE,1013.0,29.93,0.64,0.03,0.0,85,83,28.3,83.0,25.6,78.0,28.3,83.0,22.9,73.3,1,100,0,0,9.0,5.0,7.7,12.5,0.0
