time_epoch,time,temp_c,temp_f,is_day,condition,wind_mph,wind_kph,wind_degree,wind_dir,pressure_mb,pressure_in,precip_mm,precip_in,snow_cm,humidity,cloud,feelslike_c,feelslike_f,windchill_c,windchill_f,heatindex_c,heatindex_f,dewpoint_c,dewpoint_f,will_it_rain,chance_of_rain,will_it_snow,chance_of_snow,vis_km,vis_miles,gust_mph,gust_kph,uv
1734969600,2024-12-24 00:00,22.4,72.4,0,"{'text': 'Patchy rain possible', 'icon': '//cdn.weatherapi.com/weather/64x64/night/176.png', 'code': 1063}",2.2,3.6,156,SSE,1011.0,29.85,0.53,0.02,0.0,92,82,24.8,76.7,22.4,72.4,24.8,76.7,21.1,70.0,1,100,0,0,9.0,5.0,4.7,7.6,0.0
1734973200,2024-12-24 01:00,22.1,71.8,0,"{'text': 'Light rain shower', 'icon': '//cdn.weatherapi.com/weather/64x64/night/353.png', 'code': 1240}",2.2,3.6,147,SSE,1011.0,29.84,1.21,0.05,0.0,94,60,24.6,76.3,22.1,71.8,24.6,76.3,21.1,70.0,1,100,0,0,10.0,6.0,4.7,7.6,0.0
1734976800,2024-12-24 02:00,22.7,72.9,0,"{'text': 'Patchy light rain', 'icon': '//cdn.weatherapi.com/weather/64x64/night/293.png', 'code': 1180}",1.3,2.2,119,ESE,1010.0,29.83,1.1,0.04,0.0,95,57,25.1,77.2,22.7,72.9,25.1,77.2,21.8,71.3,1,100,0,0,9.0,5.0,2.5,4.1,0.0
1734980400,2024-12-24 03:00,22.3,72.1,0,"{'text': 'Light rain shower', 'icon': '//cdn.weatherapi.com/weather/64x64/night/353.png', 'code': 1240}",2.9,4.7,80,E,1009.0,29.81,0.77,0.03,0.0,94,100,24.8,76.6,22.3,72.1,24.8,76.6,21.4,70.4,1,100,0,0,10.0,6.0,5.9,9.5,0.0
1734984000,2024-12-24 04:00,22.1,71.7,0,"{'text': 'Patchy rain possible', 'icon': '//cdn.weatherapi.com/weather/64x64/night/176.png', 'code': 1063}",3.8,6.1,74,ENE,1009.0,29.78,0.04,0.0,0.0,94,81,24.6,76.3,22.1,71.7,24.6,76.3,21.0,69.9,0,45,0,0,10.0,6.0,8.0,12.9,0.0
1734987600,2024-12-24 05:00,22.0,71.7,0,"{'text': 'Partly cloudy', 'icon': '//cdn.weatherapi.com/weather/64x64/night/116.png', 'code': 1003}",3.6,5.8,74,ENE,1008.0,29.77,0.0,0.0,0.0,94,51,24.6,76.2,22.0,71.7,24.6,76.2,21.0,69.7,0,0,0,0,10.0,6.0,7.5,12.1,0.0
1734991200,2024-12-24 06:00,22.4,72.3,0,"{'text': 'Partly cloudy', 'icon': '//cdn.weatherapi.com/weather/64x64/night/116.png', 'code': 1003}",2.2,3.6,90,E,1009.0,29.78,0.0,0.0,0.0,93,49,24.8,76.6,22.4,72.3,24.8,76.6,21.2,70.2,0,45,0,0,10.0,6.0,4.7,7.6,0.0
1734994800,2024-12-24 07:00,22.4,72.3,0,"{'text': 'Partly cloudy', 'icon': '//cdn.weatherapi.com/weather/64x64/night/116.png', 'code': 1003}",3.1,5.0,88,E,1009.0,29.79,0.0,0.0,0.0,93,52,24.8,76.7,22.4,72.3,24.8,76.7,21.2,70.2,0,45,0,0,10.0,6.0,6.5,10.4,0.0
1734998400,2024-12-24 08:00,22.9,73.3,1,"{'text': 'Partly cloudy', 'icon': '//cdn.weatherapi.com/weather/64x64/day/116.png', 'code': 1003}",2.2,3.6,96,E,1009.0,29.8,0.0,0.0,0.0,93,49,25.3,77.5,22.9,73.3,25.3,77.5,21.7,71.0,0,45,0,0,10.0,6.0,4.3,7.0,6.0
1735002000,2024-12-24 09:00,24.1,75.4,1,"{'text': 'Partly cloudy', 'icon': '//cdn.weatherapi.com/weather/64x64/day/116.png', 'code': 1003}",2.0,3.2,100,E,1010.0,29.83,0.0,0.0,0.0,89,54,26.4,79.6,24.1,75.4,26.4,79.6,22.2,71.9,0,0,0,0,10.0,6.0,3.3,5.3,6.0
1735005600,2024-12-24 10:00,25.0,77.0,1,"{'text': 'Partly cloudy', 'icon': '//cdn.weatherapi.com/weather/64x64/day/116.png', 'code': 1003}",1.6,2.5,98,E,1011.0,29.84,0.0,0.0,0.0,87,58,27.6,81.6,25.0,77.0,27.6,81.6,22.8,73.0,0,0,0,0,10.0,6.0,2.2,3.6,7.0
1735009200,2024-12-24 11:00,25.4,77.7,1,"{'text': 'Partly cloudy', 'icon': '//cdn.weatherapi.com/weather/64x64/day/116.png', 'code': 1003}",1.8,2.9,87,E,1010.0,29.84,0.0,0.0,0.0,87,60,28.2,82.7,25.4,77.7,28.2,82.7,23.1,73.5,0,0,0,0,10.0,6.0,2.4,3.8,7.0
1735012800,2024-12-24 12:00,26.0,78.7,1,"{'text': 'Cloudy', 'icon': '//cdn.weatherapi.com/weather/64x64/day/119.png', 'code': 1006}",2.0,3.2,96,E,1010.0,29.82,0.0,0.0,0.0,85,84,28.9,84.0,26.0,78.7,28.9,84.0,23.2,73.8,0,0,0,0,10.0,6.0,2.5,4.0,6.0
1735016400,2024-12-24 13:00,26.5,79.8,1,"{'text': 'Sunny', 'icon': '//cdn.weatherapi.com/weather/64x64/day/113.png', 'code': 1000}",2.7,4.3,95,E,1009.0,29.8,0.0,0.0,0.0,81,24,29.6,85.2,26.5,79.8,29.6,85.2,23.1,73.6,0,45,0,0,10.0,6.0,3.1,5.0,7.0
1735020000,2024-12-24 14:00,28.1,82.6,1,"{'text': 'Patchy rain possible', 'icon': '//cdn.weatherapi.com/weather/64x64/day/176.png', 'code': 1063}",2.7,4.3,117,ESE,1008.0,29.78,0.01,0.0,0.0,73,78,31.6,88.8,28.1,82.6,31.6,88.8,22.9,73.1,0,45,0,0,10.0,6.0,3.1,5.0,6.0
1735023600,2024-12-24 15:00,29.6,85.2,1,"{'text': 'Patchy rain possible', 'icon': '//cdn.weatherapi.com/weather/64x64/day/176.png', 'code': 1063}",2.2,3.6,138,SE,1007.0,29.74,0.01,0.0,0.0,66,76,33.3,91.9,29.6,85.2,33.3,91.9,22.5,72.6,0,45,0,0,10.0,6.0,2.6,4.1,6.0
1735027200,2024-12-24 16:00,29.8,85.6,1,"{'text': 'Patchy rain possible', 'icon': '//cdn.weatherapi.com/weather/64x64/day/176.png', 'code': 1063}",2.2,3.6,187,S,1006.0,29.72,0.33,0.01,0.0,66,85,33.6,92.5,29.8,85.6,33.6,92.5,22.7,72.8,1,100,0,0,9.0,5.0,2.6,4.1,6.0
1735030800,2024-12-24 17:00,28.7,83.7,1,"{'text': 'Patchy rain possible', 'icon': '//cdn.weatherapi.com/weather/64x64/day/176.png', 'code': 1063}",3.1,5.0,200,SSW,1006.0,29.72,0.75,0.03,0.0,72,78,32.7,90.8,28.7,83.7,32.7,90.8,23.3,73.9,1,100,0,0,9.0,5.0,4.1,6.6,6.0
1735034400,2024-12-24 18:00,27.5,81.6,1,"{'text': 'Patchy rain possible', 'icon': '//cdn.weatherapi.com/weather/64x64/day/176.png', 'code': 1063}",2.9,4.7,198,SSW,1007.0,29.75,0.99,0.04,0.0,82,75,31.6,88.9,27.5,81.6,31.6,88.9,24.2,75.5,1,100,0,0,9.0,5.0,3.8,6.1,6.0
1735038000,2024-12-24 19:00,24.2,75.6,1,"{'text': 'Patchy rain possible', 'icon': '//cdn.weatherapi.com/weather/64x64/day/176.png', 'code': 1063}",2.5,4.0,190,S,1008.0,29.78,0.6,0.02,0.0,89,80,26.6,79.8,24.2,75.6,26.6,79.8,22.3,72.1,1,100,0,0,9.0,5.0,4.9,8.0,5.0
1735041600,2024-12-24 20:00,23.0,73.4,0,"{'text': 'Patchy light rain', 'icon': '//cdn.weatherapi.com/weather/64x64/night/293.png', 'code': 1180}",2.5,4.0,152,SSE,1009.0,29.81,0.89,0.04,0.0,91,73,25.3,77.5,23.0,73.4,25.3,77.5,21.4,70.5,1,100,0,0,9.0,5.0,5.2,8.3,0.0
1735045200,2024-12-24 21:00,22.6,72.7,0,"{'text': 'Light rain shower', 'icon': '//cdn.weatherapi.com/weather/64x64/night/353.png', 'code': 1240}",1.6,2.5,143,SE,1010.0,29.84,1.16,0.05,0.0,91,66,25.0,76.9,22.6,72.7,25.0,76.9,21.2,70.1,1,100,0,0,10.0,6.0,3.3,5.3,0.0
1735048800,2024-12-24 22:00,22.5,72.4,0,"{'text': 'Light rain', 'icon': '//cdn.weatherapi.com/weather/64x64/night/296.png', 'code': 1183}",1.8,2.9,104,ESE,1011.0,29.86,0.76,0.03,0.0,91,100,24.8,76.7,22.5,72.4,24.8,76.7,21.0,69.8,1,100,0,0,9.0,5.0,3.8,6.0,0.0
1735052400,2024-12-24 23:00,22.8,73.0,0,"{'text': 'Light rain shower', 'icon': '//cdn.weatherapi.com/weather/64x64/night/353.png', 'code': 1240}",2.2,3.6,88,E,1011.0,29.87,0.39,0.02,0.0,91,100,25.1,77.1,22.8,73.0,25.1,77.1,21.2,70.1,1,100,0,0,10.0,6.0,4.7,7.6,0.0
