time_epoch,time,temp_c,temp_f,is_day,condition,wind_mph,wind_kph,wind_degree,wind_dir,pressure_mb,pressure_in,precip_mm,precip_in,snow_cm,humidity,cloud,feelslike_c,feelslike_f,windchill_c,windchill_f,heatindex_c,heatindex_f,dewpoint_c,dewpoint_f,will_it_rain,chance_of_rain,will_it_snow,chance_of_snow,vis_km,vis_miles,gust_mph,gust_kph,uv
1735228800,2024-12-27 00:00,25.7,78.2,0,"{'text': 'Cloudy', 'icon': '//cdn.weatherapi.com/weather/64x64/night/119.png', 'code': 1006}",3.4,5.4,325,NW,1012.0,29.89,0.0,0.0,0.0,85,67,28.5,83.2,25.7,78.2,28.5,83.2,23.0,73.4,0,45,0,0,10.0,6.0,5.2,8.4,0.0
1735232400,2024-12-27 01:00,25.6,78.0,0,"{'text': 'Patchy rain possible', 'icon': '//cdn.weatherapi.com/weather/64x64/night/176.png', 'code': 1063}",2.9,4.7,312,NW,1012.0,29.89,0.01,0.0,0.0,86,72,28.3,83.0,25.6,78.0,28.3,83.0,23.0,73.4,0,45,0,0,10.0,6.0,4.5,7.3,0.0
1735236000,2024-12-27 02:00,25.3,77.5,0,"{'text': 'Cloudy', 'icon': '//cdn.weatherapi.com/weather/64x64/night/119.png', 'code': 1006}",3.4,5.4,300,WNW,1011.0,29.87,0.0,0.0,0.0,87,64,28.0,82.3,25.3,77.5,28.0,82.3,23.0,73.4,0,45,0,0,10.0,6.0,5.3,8.5,0.0
1735239600,2024-12-27 03:00,25.0,77.0,0,"{'text': 'Patchy rain possible', 'icon': '//cdn.weatherapi.com/weather/64x64/night/176.png', 'code': 1063}",3.1,5.0,276,W,1011.0,29.85,0.01,0.0,0.0,88,54,27.6,81.8,25.0,77.0,27.6,81.8,22.9,73.3,0,45,0,0,10.0,6.0,4.9,8.0,0.0
1735243200,2024-12-27 04:00,24.7,76.5,0,"{'text': 'Partly cloudy', 'icon': '//cdn.weatherapi.com/weather/64x64/night/116.png', 'code': 1003}",3.4,5.4,279,W,1010.0,29.84,0.0,0.0,0.0,89,43,27.3,81.2,24.8,76.6,27.3,81.2,22.9,73.2,0,45,0,0,10.0,6.0,5.3,8.6,0.0
1735246800,2024-12-27 05:00,24.6,76.3,0,"{'text': 'Partly cloudy', 'icon': '//cdn.weatherapi.com/weather/64x64/night/116.png', 'code': 1003}",3.1,5.0,264,W,1010.0,29.84,0.0,0.0,0.0,90,39,27.1,80.8,24.6,76.3,27.1,80.8,22.9,73.1,0,45,0,0,10.0,6.0,5.0,8.0,0.0
1735250400,2024-12-27 06:00,24.4,76.0,0,"{'text': 'Partly cloudy', 'icon': '//cdn.weatherapi.com/weather/64x64/night/116.png', 'code': 1003}",3.1,5.0,265,W,1011.0,29.85,0.0,0.0,0.0,91,28,27.0,80.5,24.4,76.0,27.0,80.5,22.8,73.0,0,0,0,0,10.0,6.0,5.1,8.1,0.0
1735254000,2024-12-27 07:00,24.3,75.8,0,"{'text': 'Partly cloudy', 'icon': '//cdn.weatherapi.com/weather/64x64/night/116.png', 'code': 1003}",3.4,5.4,243,WSW,1011.0,29.87,0.0,0.0,0.0,91,29,26.8,80.3,24.3,75.8,26.8,80.3,22.7,72.9,0,45,0,0,10.0,6.0,5.4,8.7,0.0
1735257600,2024-12-27 08:00,24.7,76.4,1,"{'text': 'Sunny', 'icon': '//cdn.weatherapi.com/weather/64x64/day/113.png', 'code': 1000}",3.6,5.8,249,WSW,1012.0,29.88,0.0,0.0,0.0,89,23,27.2,80.9,24.7,76.4,27.2,80.9,22.8,73.0,0,0,0,0,10.0,6.0,5.5,8.9,6.0
1735261200,2024-12-27 09:00,25.4,77.7,1,"{'text': 'Sunny', 'icon': '//cdn.weatherapi.com/weather/64x64/day/113.png', 'code': 1000}",2.7,4.3,247,WSW,1013.0,29.91,0.0,0.0,0.0,85,17,28.0,82.4,25.4,77.7,28.0,82.4,22.7,72.9,0,0,0,0,10.0,6.0,3.8,6.1,7.0
1735264800,2024-12-27 10:00,26.6,79.9,1,"{'text': 'Sunny', 'icon': '//cdn.weatherapi.com/weather/64x64/day/113.png', 'code': 1000}",1.6,2.5,236,WSW,1013.0,29.93,0.0,0.0,0.0,79,10,29.4,85.0,26.6,79.9,29.4,85.0,22.7,72.8,0,45,0,0,10.0,6.0,2.0,3.2,7.0
1735268400,2024-12-27 11:00,27.7,81.8,1,"{'text': 'Sunny', 'icon': '//cdn.weatherapi.com/weather/64x64/day/113.png', 'code': 1000}",0.9,1.4,348,NNW,1013.0,29.93,0.0,0.0,0.0,74,19,30.8,87.5,27.7,81.8,30.8,87.5,22.6,72.7,0,0,0,0,10.0,6.0,1.1,1.7,7.0
1735272000,2024-12-27 12:00,28.3,82.9,1,"{'text': 'Sunny', 'icon': '//cdn.weatherapi.com/weather/64x64/day/113.png', 'code': 1000}",2.7,4.3,21,NNE,1013.0,29.9,0.0,0.0,0.0,71,17,31.6,88.9,28.3,82.9,31.6,88.9,22.6,72.7,0,45,0,0,10.0,6.0,3.1,5.0,7.0
1735275600,2024-12-27 13:00,28.6,83.6,1,"{'text': 'Patchy rain possible', 'icon': '//cdn.weatherapi.com/weather/64x64/day/176.png', 'code': 1063}",4.7,7.6,55,NE,1012.0,29.88,0.1,0.0,0.0,71,76,32.2,90.0,28.7,83.6,32.2,90.0,22.8,73.1,1,100,0,0,10.0,6.0,5.5,8.8,6.0
1735279200,2024-12-27 14:00,28.4,83.1,1,"{'text': 'Patchy rain possible', 'icon': '//cdn.weatherapi.com/weather/64x64/day/176.png', 'code': 1063}",6.5,10.4,57,ENE,1011.0,29.85,0.2,0.01,0.0,73,82,32.0,89.5,28.4,83.1,32.0,89.5,23.0,73.3,1,100,0,0,10.0,6.0,7.9,12.8,6.0
1735282800,2024-12-27 15:00,28.2,82.8,1,"{'text': 'Patchy rain possible', 'icon': '//cdn.weatherapi.com/weather/64x64/day/176.png', 'code': 1063}",7.4,11.9,57,ENE,1010.0,29.83,0.13,0.01,0.0,74,81,31.9,89.5,28.3,82.9,31.9,89.5,23.2,73.7,1,100,0,0,10.0,6.0,9.2,14.8,6.0
1735286400,2024-12-27 16:00,28.1,82.6,1,"{'text': 'Patchy rain possible', 'icon': '//cdn.weatherapi.com/weather/64x64/day/176.png', 'code': 1063}",7.8,12.6,57,ENE,1009.0,29.8,0.13,0.01,0.0,74,76,31.7,89.0,28.1,82.6,31.7,89.0,23.1,73.6,1,100,0,0,10.0,6.0,9.9,15.9,6.0
1735290000,2024-12-27 17:00,27.9,82.3,1,"{'text': 'Patchy rain possible', 'icon': '//cdn.weatherapi.com/weather/64x64/day/176.png', 'code': 1063}",7.6,12.2,56,ENE,1009.0,29.79,0.02,0.0,0.0,74,70,31.3,88.4,27.9,82.3,31.3,88.4,23.0,73.3,0,45,0,0,10.0,6.0,9.8,15.8,6.0
1735293600,2024-12-27 18:00,27.3,81.2,1,"{'text': 'Patchy rain possible', 'icon': '//cdn.weatherapi.com/weather/64x64/day/176.png', 'code': 1063}",7.4,11.9,62,ENE,1010.0,29.82,0.02,0.0,0.0,78,78,30.7,87.2,27.3,81.2,30.7,87.2,23.2,73.7,0,45,0,0,10.0,6.0,10.3,16.5,6.0
1735297200,2024-12-27 19:00,26.6,79.9,1,"{'text': 'Partly cloudy', 'icon': '//cdn.weatherapi.com/weather/64x64/day/116.png', 'code': 1003}",6.0,9.7,68,ENE,1011.0,29.84,0.0,0.0,0.0,80,27,29.6,85.3,26.6,79.9,29.6,85.3,23.0,73.4,0,45,0,0,10.0,6.0,9.2,14.8,7.0
1735300800,2024-12-27 20:00,26.4,79.5,0,"{'text': 'Patchy rain possible', 'icon': '//cdn.weatherapi.com/weather/64x64/night/176.png', 'code': 1063}",4.7,7.6,82,E,1011.0,29.87,0.01,0.0,0.0,81,85,29.2,84.6,26.4,79.5,29.2,84.6,22.8,73.0,0,45,0,0,10.0,6.0,7.2,11.7,0.0
1735304400,2024-12-27 21:00,26.2,79.1,0,"{'text': 'Partly cloudy', 'icon': '//cdn.weatherapi.com/weather/64x64/night/116.png', 'code': 1003}",4.0,6.5,89,E,1012.0,29.9,0.0,0.0,0.0,81,31,28.9,84.0,26.2,79.1,28.9,84.0,22.7,72.8,0,0,0,0,10.0,6.0,6.3,10.1,0.0
1735308000,2024-12-27 22:00,26.0,78.8,0,"{'text': 'Partly cloudy', 'icon': '//cdn.weatherapi.com/weather/64x64/night/116.png', 'code': 1003}",3.8,6.1,95,E,1013.0,29.92,0.0,0.0,0.0,81,29,28.7,83.6,26.0,78.8,28.7,83.6,22.6,72.6,0,0,0,0,10.0,6.0,6.0,9.6,0.0
1735311600,2024-12-27 23:00,25.9,78.5,0,"{'text': 'Partly cloudy', 'icon': '//cdn.weatherapi.com/weather/64x64/night/116.png', 'code': 1003}",4.3,6.8,99,E,1013.0,29.92,0.0,0.0,0.0,82,41,28.5,83.3,25.9,78.5,28.5,83.3,22.6,72.6,0,0,0,0,10.0,6.0,6.7,10.8,0.0
