time_epoch,time,temp_c,temp_f,is_day,condition,wind_mph,wind_kph,wind_degree,wind_dir,pressure_mb,pressure_in,precip_mm,precip_in,snow_cm,humidity,cloud,feelslike_c,feelslike_f,windchill_c,windchill_f,heatindex_c,heatindex_f,dewpoint_c,dewpoint_f,will_it_rain,chance_of_rain,will_it_snow,chance_of_snow,vis_km,vis_miles,gust_mph,gust_kph,uv
1735401600,2024-12-29 00:00,23.4,74.1,0,"{'text': 'Light drizzle', 'icon': '//cdn.weatherapi.com/weather/64x64/night/266.png', 'code': 1153}",2.5,4.0,68,ENE,1013.0,29.91,0.41,0.02,0.0,92,77,25.7,78.3,23.4,74.1,25.7,78.3,22.0,71.6,1,100,0,0,2.0,1.0,5.0,8.0,0.0
1735405200,2024-12-29 01:00,23.2,73.7,0,"{'text': 'Light rain shower', 'icon': '//cdn.weatherapi.com/weather/64x64/night/353.png', 'code': 1240}",2.9,4.7,67,ENE,1013.0,29.9,0.19,0.01,0.0,92,78,25.5,77.9,23.2,73.7,25.5,77.9,21.8,71.3,1,100,0,0,10.0,6.0,5.8,9.4,0.0
1735408800,2024-12-29 02:00,23.0,73.5,0,"{'text': 'Patchy rain possible', 'icon': '//cdn.weatherapi.com/weather/64x64/night/176.png', 'code': 1063}",2.7,4.3,68,ENE,1012.0,29.87,0.08,0.0,0.0,92,67,25.3,77.6,23.0,73.5,25.3,77.6,21.7,71.0,0,45,0,0,10.0,6.0,5.4,8.7,0.0
1735412400,2024-12-29 03:00,22.7,72.9,0,"{'text': 'Patchy rain possible', 'icon': '//cdn.weatherapi.com/weather/64x64/night/176.png', 'code': 1063}",2.7,4.3,54,NE,1011.0,29.85,0.12,0.0,0.0,92,81,25.1,77.1,22.8,73.0,25.1,77.1,21.4,70.5,1,100,0,0,10.0,6.0,5.6,9.0,0.0
1735416000,2024-12-29 04:00,22.7,72.9,0,"{'text': 'Light rain shower', 'icon': '//cdn.weatherapi.com/weather/64x64/night/353.png', 'code': 1240}",2.7,4.3,53,NE,1010.0,29.84,0.25,0.01,0.0,92,100,25.1,77.1,22.7,72.9,25.1,77.1,21.4,70.4,1,100,0,0,10.0,6.0,5.5,8.9,0.0
1735419600,2024-12-29 05:00,22.8,73.1,0,"{'text': 'Light rain shower', 'icon': '//cdn.weatherapi.com/weather/64x64/night/353.png', 'code': 1240}",2.2,3.6,60,ENE,1010.0,29.84,0.51,0.02,0.0,92,100,25.1,77.3,22.8,73.1,25.1,77.3,21.4,70.6,1,100,0,0,10.0,6.0,4.5,7.2,0.0
1735423200,2024-12-29 06:00,22.9,73.2,0,"{'text': 'Light rain shower', 'icon': '//cdn.weatherapi.com/weather/64x64/night/353.png', 'code': 1240}",2.0,3.2,60,ENE,1011.0,29.85,0.26,0.01,0.0,92,89,25.2,77.4,22.9,73.2,25.2,77.4,21.5,70.6,1,100,0,0,10.0,6.0,4.0,6.4,0.0
1735426800,2024-12-29 07:00,22.3,72.1,0,"{'text': 'Light rain shower', 'icon': '//cdn.weatherapi.com/weather/64x64/night/353.png', 'code': 1240}",1.8,2.9,57,ENE,1011.0,29.87,0.51,0.02,0.0,92,79,24.7,76.5,22.3,72.1,24.7,76.5,20.9,69.5,1,100,0,0,10.0,6.0,3.8,6.0,0.0
1735430400,2024-12-29 08:00,22.9,73.2,1,"{'text': 'Light rain', 'icon': '//cdn.weatherapi.com/weather/64x64/day/296.png', 'code': 1183}",1.8,2.9,40,NE,1012.0,29.89,0.97,0.04,0.0,91,82,25.2,77.3,22.9,73.2,25.2,77.3,21.3,70.3,1,100,0,0,9.0,5.0,3.7,5.9,5.0
1735434000,2024-12-29 09:00,24.4,75.9,1,"{'text': 'Light rain shower', 'icon': '//cdn.weatherapi.com/weather/64x64/day/353.png', 'code': 1240}",0.9,1.4,21,NNE,1013.0,29.92,0.37,0.01,0.0,89,100,26.8,80.2,24.4,75.9,26.8,80.2,22.4,72.4,1,100,0,0,10.0,6.0,1.5,2.4,5.0
1735437600,2024-12-29 10:00,25.5,77.9,1,"{'text': 'Patchy rain possible', 'icon': '//cdn.weatherapi.com/weather/64x64/day/176.png', 'code': 1063}",1.3,2.2,26,NNE,1014.0,29.94,0.72,0.03,0.0,87,88,28.3,83.0,25.5,77.9,28.3,83.0,23.2,73.8,1,100,0,0,9.0,5.0,1.9,3.1,6.0
1735441200,2024-12-29 11:00,26.3,79.3,1,"{'text': 'Light rain shower', 'icon': '//cdn.weatherapi.com/weather/64x64/day/353.png', 'code': 1240}",1.6,2.5,16,NNE,1014.0,29.93,0.71,0.03,0.0,85,86,29.5,85.0,26.3,79.3,29.5,85.0,23.5,74.3,1,100,0,0,10.0,6.0,2.4,3.8,6.0
1735444800,2024-12-29 12:00,27.0,80.7,1,"{'text': 'Patchy light drizzle', 'icon': '//cdn.weatherapi.com/weather/64x64/day/263.png', 'code': 1150}",1.3,2.2,338,NNW,1013.0,29.91,0.72,0.03,0.0,81,67,30.5,86.9,27.0,80.7,30.5,86.9,23.6,74.4,1,100,0,0,5.0,3.0,1.6,2.6,6.0
1735448400,2024-12-29 13:00,27.8,82.1,1,"{'text': 'Light rain shower', 'icon': '//cdn.weatherapi.com/weather/64x64/day/353.png', 'code': 1240}",1.1,1.8,327,NNW,1012.0,29.88,0.44,0.02,0.0,77,57,31.6,88.8,27.8,82.1,31.6,88.8,23.5,74.3,1,100,0,0,10.0,6.0,1.9,3.1,6.0
1735452000,2024-12-29 14:00,29.3,84.8,1,"{'text': 'Patchy rain possible', 'icon': '//cdn.weatherapi.com/weather/64x64/day/176.png', 'code': 1063}",1.1,1.8,310,NW,1010.0,29.84,0.25,0.01,0.0,70,84,33.5,92.4,29.3,84.8,33.5,92.4,23.3,74.0,1,100,0,0,9.0,5.0,1.3,2.1,6.0
1735455600,2024-12-29 15:00,30.3,86.6,1,"{'text': 'Patchy rain possible', 'icon': '//cdn.weatherapi.com/weather/64x64/day/176.png', 'code': 1063}",1.1,1.8,314,NW,1009.0,29.8,0.48,0.02,0.0,65,83,34.8,94.6,30.3,86.6,34.8,94.6,23.1,73.6,1,100,0,0,9.0,5.0,1.3,2.1,7.0
1735459200,2024-12-29 16:00,30.0,86.0,1,"{'text': 'Patchy rain possible', 'icon': '//cdn.weatherapi.com/weather/64x64/day/176.png', 'code': 1063}",1.1,1.8,316,NW,1008.0,29.77,0.62,0.02,0.0,66,70,34.2,93.6,30.0,86.0,34.2,93.6,23.0,73.4,1,100,0,0,9.0,5.0,1.3,2.2,6.0
1735462800,2024-12-29 17:00,29.5,85.2,1,"{'text': 'Patchy rain possible', 'icon': '//cdn.weatherapi.com/weather/64x64/day/176.png', 'code': 1063}",0.9,1.4,327,NNW,1008.0,29.77,0.41,0.02,0.0,69,73,33.7,92.6,29.5,85.2,33.7,92.6,23.1,73.7,1,100,0,0,9.0,5.0,1.2,2.0,6.0
1735466400,2024-12-29 18:00,28.4,83.2,1,"{'text': 'Patchy rain possible', 'icon': '//cdn.weatherapi.com/weather/64x64/day/176.png', 'code': 1063}",0.4,0.7,32,NNE,1009.0,29.78,1.13,0.04,0.0,77,82,32.8,91.1,28.4,83.2,32.8,91.1,24.1,75.3,1,100,0,0,9.0,5.0,0.6,1.0,6.0
1735470000,2024-12-29 19:00,24.8,76.7,1,"{'text': 'Patchy rain possible', 'icon': '//cdn.weatherapi.com/weather/64x64/day/176.png', 'code': 1063}",0.7,1.1,355,N,1010.0,29.81,1.28,0.05,0.0,86,77,27.2,81.0,24.8,76.7,27.2,81.0,22.4,72.3,1,100,0,0,9.0,5.0,1.4,2.2,5.0
1735473600,2024-12-29 20:00,23.6,74.5,0,"{'text': 'Light rain shower', 'icon': '//cdn.weatherapi.com/weather/64x64/night/353.png', 'code': 1240}",1.8,2.9,23,NNE,1010.0,29.84,0.73,0.03,0.0,89,61,25.8,78.5,23.6,74.5,25.8,78.5,21.7,71.1,1,100,0,0,10.0,6.0,3.8,6.0,0.0
1735477200,2024-12-29 21:00,23.3,73.9,0,"{'text': 'Light rain shower', 'icon': '//cdn.weatherapi.com/weather/64x64/night/353.png', 'code': 1240}",2.2,3.6,47,NE,1011.0,29.87,0.35,0.01,0.0,91,56,25.5,77.9,23.3,73.9,25.5,77.9,21.7,71.0,1,100,0,0,10.0,6.0,4.7,7.6,0.0
1735480800,2024-12-29 22:00,22.9,73.3,0,"{'text': 'Patchy light rain', 'icon': '//cdn.weatherapi.com/weather/64x64/night/293.png', 'code': 1180}",2.5,4.0,57,ENE,1012.0,29.89,0.76,0.03,0.0,92,61,25.2,77.4,22.9,73.3,25.2,77.4,21.6,70.8,1,100,0,0,9.0,5.0,5.2,8.3,0.0
1735484400,2024-12-29 23:00,22.7,72.9,0,"{'text': 'Light rain shower', 'icon': '//cdn.weatherapi.com/weather/64x64/night/353.png', 'code': 1240}",2.5,4.0,63,ENE,1013.0,29.91,0.17,0.01,0.0,92,72,25.1,77.1,22.7,72.9,25.1,77.1,21.4,70.5,1,100,0,0,10.0,6.0,5.2,8.3,0.0
