time_epoch,time,temp_c,temp_f,is_day,condition,wind_mph,wind_kph,wind_degree,wind_dir,pressure_mb,pressure_in,precip_mm,precip_in,snow_cm,humidity,cloud,feelslike_c,feelslike_f,windchill_c,windchill_f,heatindex_c,heatindex_f,dewpoint_c,dewpoint_f,will_it_rain,chance_of_rain,will_it_snow,chance_of_snow,vis_km,vis_miles,gust_mph,gust_kph,uv
1735401600,2024-12-29 00:00,25.2,77.4,0,"{'text': 'Light rain shower', 'icon': '//cdn.weatherapi.com/weather/64x64/night/353.png', 'code': 1240}",3.8,6.1,29,NNE,1014.0,29.93,1.0,0.04,0.0,89,74,28.0,82.4,25.2,77.4,28.0,82.4,23.2,73.7,1,100,0,0,10.0,6.0,6.6,10.6,0.0
1735405200,2024-12-29 01:00,25.1,77.1,0,"{'text': 'Light rain shower', 'icon': '//cdn.weatherapi.com/weather/64x64/night/353.png', 'code': 1240}",3.1,5.0,23,NNE,1013.0,29.92,1.07,0.04,0.0,89,51,27.8,82.0,25.1,77.1,27.8,82.0,23.1,73.6,1,100,0,0,10.0,6.0,5.8,9.3,0.0
1735408800,2024-12-29 02:00,24.9,76.8,0,"{'text': 'Light rain shower', 'icon': '//cdn.weatherapi.com/weather/64x64/night/353.png', 'code': 1240}",2.0,3.2,11,NNE,1012.0,29.89,0.59,0.02,0.0,89,60,27.5,81.4,24.9,76.8,27.5,81.4,22.9,73.2,1,100,0,0,10.0,6.0,3.9,6.3,0.0
1735412400,2024-12-29 03:00,24.7,76.5,0,"{'text': 'Light rain shower', 'icon': '//cdn.weatherapi.com/weather/64x64/night/353.png', 'code': 1240}",1.6,2.5,357,N,1012.0,29.87,0.75,0.03,0.0,89,66,27.2,81.0,24.7,76.5,27.2,81.0,22.8,73.0,1,100,0,0,10.0,6.0,2.5,4.0,0.0
1735416000,2024-12-29 04:00,24.6,76.2,0,"{'text': 'Light rain shower', 'icon': '//cdn.weatherapi.com/weather/64x64/night/353.png', 'code': 1240}",1.6,2.5,357,N,1011.0,29.86,0.8,0.03,0.0,89,77,27.0,80.7,24.6,76.2,27.0,80.7,22.6,72.8,1,100,0,0,10.0,6.0,2.5,4.1,0.0
1735419600,2024-12-29 05:00,24.5,76.2,0,"{'text': 'Light rain shower', 'icon': '//cdn.weatherapi.com/weather/64x64/night/353.png', 'code': 1240}",0.9,1.4,312,NW,1011.0,29.86,0.44,0.02,0.0,88,67,26.9,80.5,24.5,76.2,26.9,80.5,22.5,72.5,1,100,0,0,10.0,6.0,1.4,2.3,0.0
1735423200,2024-12-29 06:00,24.4,76.0,0,"{'text': 'Light rain shower', 'icon': '//cdn.weatherapi.com/weather/64x64/night/353.png', 'code': 1240}",2.0,3.2,280,W,1012.0,29.87,0.23,0.01,0.0,89,66,26.8,80.3,24.4,76.0,26.8,80.3,22.5,72.4,1,100,0,0,10.0,6.0,3.3,5.4,0.0
1735426800,2024-12-29 07:00,24.4,75.9,0,"{'text': 'Patchy rain possible', 'icon': '//cdn.weatherapi.com/weather/64x64/night/176.png', 'code': 1063}",2.7,4.3,289,WNW,1012.0,29.89,0.06,0.0,0.0,89,61,26.8,80.2,24.4,75.9,26.8,80.2,22.4,72.3,0,45,0,0,10.0,6.0,4.5,7.3,0.0
1735430400,2024-12-29 08:00,24.7,76.4,1,"{'text': 'Light rain shower', 'icon': '//cdn.weatherapi.com/weather/64x64/day/353.png', 'code': 1240}",2.2,3.6,282,WNW,1013.0,29.91,0.29,0.01,0.0,88,71,27.1,80.8,24.7,76.4,27.1,80.8,22.6,72.6,1,100,0,0,10.0,6.0,3.9,6.3,5.0
1735434000,2024-12-29 09:00,25.4,77.7,1,"{'text': 'Light rain shower', 'icon': '//cdn.weatherapi.com/weather/64x64/day/353.png', 'code': 1240}",2.7,4.3,297,WNW,1014.0,29.94,0.73,0.03,0.0,86,68,28.0,82.4,25.4,77.7,28.0,82.4,22.8,73.0,1,100,0,0,10.0,6.0,3.8,6.1,6.0
1735437600,2024-12-29 10:00,25.9,78.7,1,"{'text': 'Light rain shower', 'icon': '//cdn.weatherapi.com/weather/64x64/day/353.png', 'code': 1240}",2.7,4.3,330,NNW,1014.0,29.95,0.73,0.03,0.0,83,73,28.7,83.6,26.0,78.7,28.7,83.6,22.8,73.0,1,100,0,0,10.0,6.0,3.8,6.1,6.0
1735441200,2024-12-29 11:00,26.2,79.1,1,"{'text': 'Light rain shower', 'icon': '//cdn.weatherapi.com/weather/64x64/day/353.png', 'code': 1240}",3.6,5.8,347,NNW,1014.0,29.94,0.88,0.03,0.0,82,75,29.0,84.3,26.2,79.1,29.0,84.3,22.9,73.3,1,100,0,0,10.0,6.0,5.5,8.9,6.0
1735444800,2024-12-29 12:00,26.4,79.5,1,"{'text': 'Light rain shower', 'icon': '//cdn.weatherapi.com/weather/64x64/day/353.png', 'code': 1240}",5.1,8.3,19,NNE,1013.0,29.92,1.37,0.05,0.0,83,91,29.5,85.0,26.4,79.5,29.5,85.0,23.3,73.9,1,100,0,0,10.0,6.0,8.8,14.2,6.0
1735448400,2024-12-29 13:00,26.5,79.6,1,"{'text': 'Light rain shower', 'icon': '//cdn.weatherapi.com/weather/64x64/day/353.png', 'code': 1240}",6.3,10.1,35,NE,1012.0,29.9,1.72,0.07,0.0,84,86,29.7,85.5,26.5,79.6,29.7,85.5,23.5,74.3,1,100,0,0,10.0,6.0,11.7,18.9,6.0
1735452000,2024-12-29 14:00,26.4,79.5,1,"{'text': 'Light rain shower', 'icon': '//cdn.weatherapi.com/weather/64x64/day/353.png', 'code': 1240}",7.6,12.2,44,NE,1012.0,29.87,1.87,0.07,0.0,85,98,29.7,85.4,26.4,79.5,29.7,85.4,23.7,74.6,1,100,0,0,10.0,6.0,15.3,24.6,6.0
1735455600,2024-12-29 15:00,26.2,79.2,1,"{'text': 'Light rain shower', 'icon': '//cdn.weatherapi.com/weather/64x64/day/353.png', 'code': 1240}",8.9,14.4,49,NE,1011.0,29.84,2.26,0.09,0.0,87,100,29.6,85.2,26.2,79.2,29.6,85.2,23.8,74.9,1,100,0,0,10.0,6.0,13.4,21.6,6.0
1735459200,2024-12-29 16:00,25.7,78.3,1,"{'text': 'Light rain shower', 'icon': '//cdn.weatherapi.com/weather/64x64/day/353.png', 'code': 1240}",9.2,14.8,46,NE,1010.0,29.82,2.02,0.08,0.0,90,100,28.9,84.1,25.7,78.3,28.9,84.1,23.9,75.0,1,100,0,0,10.0,6.0,16.4,26.4,6.0
1735462800,2024-12-29 17:00,25.1,77.2,1,"{'text': 'Moderate or heavy rain shower', 'icon': '//cdn.weatherapi.com/weather/64x64/day/356.png', 'code': 1243}",9.2,14.8,49,NE,1010.0,29.82,2.6,0.1,0.0,92,100,28.2,82.7,25.1,77.3,28.2,82.7,23.8,74.8,1,100,0,0,7.0,4.0,18.1,29.1,6.0
1735466400,2024-12-29 18:00,25.0,77.0,1,"{'text': 'Moderate or heavy rain shower', 'icon': '//cdn.weatherapi.com/weather/64x64/day/356.png', 'code': 1243}",9.6,15.5,48,NE,1010.0,29.84,2.91,0.11,0.0,93,100,28.0,82.4,25.0,77.0,28.0,82.4,23.7,74.7,1,100,0,0,7.0,4.0,20.0,32.1,6.0
1735470000,2024-12-29 19:00,25.0,77.1,1,"{'text': 'Moderate or heavy rain shower', 'icon': '//cdn.weatherapi.com/weather/64x64/day/356.png', 'code': 1243}",10.3,16.6,47,NE,1011.0,29.86,3.08,0.12,0.0,92,100,28.0,82.4,25.1,77.1,28.0,82.4,23.7,74.6,1,100,0,0,7.0,4.0,22.0,35.4,6.0
1735473600,2024-12-29 20:00,25.2,77.4,0,"{'text': 'Moderate or heavy rain shower', 'icon': '//cdn.weatherapi.com/weather/64x64/night/356.png', 'code': 1243}",11.2,18.0,46,NE,1012.0,29.88,2.81,0.11,0.0,91,100,28.2,82.8,25.2,77.4,28.2,82.8,23.7,74.7,1,100,0,0,7.0,4.0,24.1,38.8,0.0
1735477200,2024-12-29 21:00,25.4,77.7,0,"{'text': 'Moderate or heavy rain shower', 'icon': '//cdn.weatherapi.com/weather/64x64/night/356.png', 'code': 1243}",11.9,19.1,45,NE,1013.0,29.9,2.7,0.11,0.0,90,100,28.4,83.2,25.4,77.7,28.4,83.2,23.7,74.6,1,100,0,0,7.0,4.0,17.8,28.7,0.0
1735480800,2024-12-29 22:00,25.6,78.0,0,"{'text': 'Light rain shower', 'icon': '//cdn.weatherapi.com/weather/64x64/night/353.png', 'code': 1240}",12.5,20.2,46,NE,1013.0,29.92,2.44,0.1,0.0,89,100,28.6,83.5,25.6,78.0,28.6,83.5,23.6,74.4,1,100,0,0,10.0,6.0,21.8,35.1,0.0
1735484400,2024-12-29 23:00,25.6,78.1,0,"{'text': 'Light rain shower', 'icon': '//cdn.weatherapi.com/weather/64x64/night/353.png', 'code': 1240}",12.3,19.8,42,NE,1013.0,29.92,2.31,0.09,0.0,88,100,28.6,83.5,25.6,78.1,28.6,83.5,23.5,74.3,1,100,0,0,10.0,6.0,23.3,37.4,0.0
