time_epoch,time,temp_c,temp_f,is_day,condition,wind_mph,wind_kph,wind_degree,wind_dir,pressure_mb,pressure_in,precip_mm,precip_in,snow_cm,humidity,cloud,feelslike_c,feelslike_f,windchill_c,windchill_f,heatindex_c,heatindex_f,dewpoint_c,dewpoint_f,will_it_rain,chance_of_rain,will_it_snow,chance_of_snow,vis_km,vis_miles,gust_mph,gust_kph,uv
1734969600,2024-12-24 00:00,25.2,77.4,0,"{'text': 'Cloudy', 'icon': '//cdn.weatherapi.com/weather/64x64/night/119.png', 'code': 1006}",2.5,4.0,22,NNE,1011.0,29.84,0.0,0.0,0.0,80,67,27.4,81.2,25.2,77.4,27.4,81.2,21.5,70.6,0,45,0,0,10.0,6.0,3.8,6.0,0.0
1734973200,2024-12-24 01:00,25.1,77.1,0,"{'text': 'Partly cloudy', 'icon': '//cdn.weatherapi.com/weather/64x64/night/116.png', 'code': 1003}",3.1,5.0,354,N,1010.0,29.83,0.0,0.0,0.0,80,48,27.2,80.9,25.1,77.1,27.2,80.9,21.4,70.5,0,0,0,0,10.0,6.0,4.8,7.7,0.0
1734976800,2024-12-24 02:00,24.8,76.6,0,"{'text': 'Partly cloudy', 'icon': '//cdn.weatherapi.com/weather/64x64/night/116.png', 'code': 1003}",3.4,5.4,349,N,1010.0,29.82,0.0,0.0,0.0,81,54,26.8,80.3,24.8,76.6,26.8,80.3,21.3,70.3,0,0,0,0,10.0,6.0,5.2,8.4,0.0
1734980400,2024-12-24 03:00,24.6,76.3,0,"{'text': 'Cloudy', 'icon': '//cdn.weatherapi.com/weather/64x64/night/119.png', 'code': 1006}",3.1,5.0,348,NNW,1009.0,29.81,0.0,0.0,0.0,81,69,26.6,79.9,24.6,76.3,26.6,79.9,21.1,70.0,0,0,0,0,10.0,6.0,4.9,7.9,0.0
1734984000,2024-12-24 04:00,24.5,76.1,0,"{'text': 'Cloudy', 'icon': '//cdn.weatherapi.com/weather/64x64/night/119.png', 'code': 1006}",2.2,3.6,320,NW,1009.0,29.79,0.0,0.0,0.0,80,85,26.5,79.6,24.5,76.0,26.5,79.6,20.9,69.6,0,45,0,0,10.0,6.0,3.5,5.6,0.0
1734987600,2024-12-24 05:00,24.4,76.0,0,"{'text': 'Partly cloudy', 'icon': '//cdn.weatherapi.com/weather/64x64/night/116.png', 'code': 1003}",2.9,4.7,315,NW,1009.0,29.79,0.0,0.0,0.0,81,62,26.4,79.6,24.4,76.0,26.4,79.6,20.9,69.7,0,0,0,0,10.0,6.0,4.5,7.3,0.0
1734991200,2024-12-24 06:00,24.3,75.7,0,"{'text': 'Cloudy', 'icon': '//cdn.weatherapi.com/weather/64x64/night/119.png', 'code': 1006}",2.5,4.0,305,NW,1009.0,29.81,0.0,0.0,0.0,81,79,26.3,79.3,24.3,75.7,26.3,79.3,20.9,69.6,0,0,0,0,10.0,6.0,3.9,6.2,0.0
1734994800,2024-12-24 07:00,24.2,75.5,0,"{'text': 'Overcast', 'icon': '//cdn.weatherapi.com/weather/64x64/night/122.png', 'code': 1009}",2.9,4.7,312,NW,1010.0,29.82,0.0,0.0,0.0,82,90,26.2,79.1,24.2,75.5,26.2,79.1,20.9,69.7,0,0,0,0,10.0,6.0,4.6,7.4,0.0
1734998400,2024-12-24 08:00,24.6,76.3,1,"{'text': 'Overcast', 'icon': '//cdn.weatherapi.com/weather/64x64/day/122.png', 'code': 1009}",3.1,5.0,320,NW,1010.0,29.84,0.0,0.0,0.0,81,93,26.6,79.9,24.6,76.3,26.6,79.9,21.1,70.0,0,0,0,0,10.0,6.0,4.6,7.4,5.0
1735002000,2024-12-24 09:00,25.3,77.6,1,"{'text': 'Partly cloudy', 'icon': '//cdn.weatherapi.com/weather/64x64/day/116.png', 'code': 1003}",4.7,7.6,326,NNW,1011.0,29.86,0.0,0.0,0.0,78,62,27.4,81.4,25.3,77.6,27.4,81.4,21.3,70.3,0,0,0,0,10.0,6.0,6.3,10.2,7.0
1735005600,2024-12-24 10:00,25.9,78.6,1,"{'text': 'Partly cloudy', 'icon': '//cdn.weatherapi.com/weather/64x64/day/116.png', 'code': 1003}",4.7,7.6,329,NNW,1011.0,29.87,0.0,0.0,0.0,76,45,28.1,82.5,25.9,78.6,28.1,82.5,21.4,70.5,0,0,0,0,10.0,6.0,6.1,9.9,7.0
1735009200,2024-12-24 11:00,26.9,80.5,1,"{'text': 'Partly cloudy', 'icon': '//cdn.weatherapi.com/weather/64x64/day/116.png', 'code': 1003}",5.1,8.3,346,NNW,1011.0,29.87,0.0,0.0,0.0,72,55,29.3,84.7,26.9,80.5,29.3,84.7,21.5,70.6,0,45,0,0,10.0,6.0,6.2,10.0,7.0
1735012800,2024-12-24 12:00,27.5,81.4,1,"{'text': 'Patchy rain possible', 'icon': '//cdn.weatherapi.com/weather/64x64/day/176.png', 'code': 1063}",6.5,10.4,353,N,1011.0,29.84,0.01,0.0,0.0,71,71,30.0,86.0,27.5,81.4,30.0,86.0,21.7,71.0,0,45,0,0,10.0,6.0,7.7,12.4,6.0
1735016400,2024-12-24 13:00,27.6,81.8,1,"{'text': 'Patchy rain possible', 'icon': '//cdn.weatherapi.com/weather/64x64/day/176.png', 'code': 1063}",8.1,13.0,4,N,1010.0,29.82,0.03,0.0,0.0,70,72,30.3,86.6,27.6,81.8,30.3,86.6,21.8,71.2,0,45,0,0,10.0,6.0,9.7,15.6,6.0
1735020000,2024-12-24 14:00,27.4,81.4,1,"{'text': 'Patchy rain possible', 'icon': '//cdn.weatherapi.com/weather/64x64/day/176.png', 'code': 1063}",9.4,15.1,4,N,1009.0,29.79,0.05,0.0,0.0,71,71,30.1,86.1,27.4,81.4,30.1,86.1,21.8,71.2,0,45,0,0,10.0,6.0,11.7,18.8,6.0
1735023600,2024-12-24 15:00,27.6,81.7,1,"{'text': 'Patchy rain possible', 'icon': '//cdn.weatherapi.com/weather/64x64/day/176.png', 'code': 1063}",10.3,16.6,2,N,1008.0,29.76,0.01,0.0,0.0,70,71,30.2,86.4,27.6,81.7,30.2,86.4,21.7,71.0,0,45,0,0,10.0,6.0,12.6,20.3,6.0
1735027200,2024-12-24 16:00,27.4,81.4,1,"{'text': 'Patchy rain possible', 'icon': '//cdn.weatherapi.com/weather/64x64/day/176.png', 'code': 1063}",11.0,17.6,3,N,1007.0,29.74,0.01,0.0,0.0,71,52,30.0,85.9,27.4,81.4,30.0,85.9,21.6,71.0,0,45,0,0,10.0,6.0,13.8,22.3,6.0
1735030800,2024-12-24 17:00,27.2,80.9,1,"{'text': 'Partly cloudy', 'icon': '//cdn.weatherapi.com/weather/64x64/day/116.png', 'code': 1003}",10.7,17.3,3,N,1007.0,29.74,0.0,0.0,0.0,72,59,29.7,85.4,27.2,80.9,29.7,85.4,21.7,71.0,0,45,0,0,10.0,6.0,14.1,22.7,7.0
1735034400,2024-12-24 18:00,26.9,80.4,1,"{'text': 'Partly cloudy', 'icon': '//cdn.weatherapi.com/weather/64x64/day/116.png', 'code': 1003}",9.8,15.8,3,N,1008.0,29.76,0.0,0.0,0.0,73,52,29.4,85.0,26.9,80.5,29.4,85.0,21.8,71.2,0,45,0,0,10.0,6.0,13.6,21.9,7.0
1735038000,2024-12-24 19:00,26.2,79.1,1,"{'text': 'Partly cloudy', 'icon': '//cdn.weatherapi.com/weather/64x64/day/116.png', 'code': 1003}",8.1,13.0,0,N,1009.0,29.79,0.0,0.0,0.0,75,51,28.4,83.1,26.2,79.1,28.4,83.1,21.4,70.5,0,45,0,0,10.0,6.0,12.5,20.2,7.0
1735041600,2024-12-24 20:00,26.0,78.8,0,"{'text': 'Partly cloudy', 'icon': '//cdn.weatherapi.com/weather/64x64/night/116.png', 'code': 1003}",6.7,10.8,0,N,1010.0,29.82,0.0,0.0,0.0,75,44,28.1,82.6,26.0,78.8,28.1,82.6,21.2,70.1,0,0,0,0,10.0,6.0,10.6,17.1,0.0
1735045200,2024-12-24 21:00,25.9,78.6,0,"{'text': 'Partly cloudy', 'icon': '//cdn.weatherapi.com/weather/64x64/night/116.png', 'code': 1003}",6.0,9.7,1,N,1011.0,29.85,0.0,0.0,0.0,75,44,28.0,82.4,25.9,78.6,28.0,82.4,21.1,69.9,0,0,0,0,10.0,6.0,9.6,15.4,0.0
1735048800,2024-12-24 22:00,25.9,78.6,0,"{'text': 'Partly cloudy', 'icon': '//cdn.weatherapi.com/weather/64x64/night/116.png', 'code': 1003}",5.8,9.4,357,N,1011.0,29.87,0.0,0.0,0.0,75,47,28.0,82.3,25.9,78.6,28.0,82.3,21.1,70.0,0,0,0,0,10.0,6.0,9.2,14.8,0.0
1735052400,2024-12-24 23:00,25.8,78.5,0,"{'text': 'Partly cloudy', 'icon': '//cdn.weatherapi.com/weather/64x64/night/116.png', 'code': 1003}",5.1,8.3,356,N,1012.0,29.88,0.0,0.0,0.0,75,54,27.9,82.3,25.8,78.5,27.9,82.3,21.1,70.0,0,45,0,0,10.0,6.0,8.1,13.0,0.0
