time_epoch,time,temp_c,temp_f,is_day,condition,wind_mph,wind_kph,wind_degree,wind_dir,pressure_mb,pressure_in,precip_mm,precip_in,snow_cm,humidity,cloud,feelslike_c,feelslike_f,windchill_c,windchill_f,heatindex_c,heatindex_f,dewpoint_c,dewpoint_f,will_it_rain,chance_of_rain,will_it_snow,chance_of_snow,vis_km,vis_miles,gust_mph,gust_kph,uv
1734883200,2024-12-23 00:00,24.9,76.9,0,"{'text': 'Patchy rain possible', 'icon': '//cdn.weatherapi.com/weather/64x64/night/176.png', 'code': 1063}",4.3,6.8,354,N,1011.0,29.85,0.04,0.0,0.0,83,91,27.2,80.9,24.9,76.9,27.2,80.9,21.8,71.2,0,45,0,0,10.0,6.0,6.7,10.8,0.0
1734886800,2024-12-23 01:00,24.9,76.8,0,"{'text': 'Patchy rain possible', 'icon': '//cdn.weatherapi.com/weather/64x64/night/176.png', 'code': 1063}",4.5,7.2,355,N,1011.0,29.85,0.04,0.0,0.0,83,95,27.1,80.8,24.9,76.8,27.1,80.8,21.8,71.2,0,45,0,0,10.0,6.0,7.0,11.3,0.0
1734890400,2024-12-23 02:00,24.9,76.7,0,"{'text': 'Patchy rain possible', 'icon': '//cdn.weatherapi.com/weather/64x64/night/176.png', 'code': 1063}",4.7,7.6,350,N,1010.0,29.84,0.03,0.0,0.0,83,95,27.1,80.7,24.9,76.7,27.1,80.7,21.8,71.2,0,45,0,0,10.0,6.0,7.3,11.7,0.0
1734894000,2024-12-23 03:00,24.8,76.6,0,"{'text': 'Patchy rain possible', 'icon': '//cdn.weatherapi.com/weather/64x64/night/176.png', 'code': 1063}",5.1,8.3,343,NNW,1010.0,29.82,0.03,0.0,0.0,83,91,26.9,80.5,24.8,76.6,26.9,80.5,21.7,71.0,0,45,0,0,10.0,6.0,7.9,12.8,0.0
1734897600,2024-12-23 04:00,24.7,76.4,0,"{'text': 'Patchy rain possible', 'icon': '//cdn.weatherapi.com/weather/64x64/night/176.png', 'code': 1063}",5.4,8.6,334,NNW,1009.0,29.8,0.04,0.0,0.0,83,77,26.8,80.3,24.7,76.4,26.8,80.3,21.5,70.7,0,45,0,0,10.0,6.0,8.2,13.2,0.0
1734901200,2024-12-23 05:00,24.6,76.4,0,"{'text': 'Patchy rain possible', 'icon': '//cdn.weatherapi.com/weather/64x64/night/176.png', 'code': 1063}",4.9,7.9,329,NNW,1009.0,29.8,0.03,0.0,0.0,82,74,26.8,80.2,24.6,76.4,26.8,80.2,21.4,70.6,0,45,0,0,10.0,6.0,7.5,12.1,0.0
1734904800,2024-12-23 06:00,24.6,76.4,0,"{'text': 'Patchy rain possible', 'icon': '//cdn.weatherapi.com/weather/64x64/night/176.png', 'code': 1063}",4.9,7.9,333,NNW,1010.0,29.81,0.02,0.0,0.0,82,72,26.7,80.1,24.7,76.4,26.7,80.1,21.4,70.4,0,45,0,0,10.0,6.0,7.6,12.2,0.0
1734908400,2024-12-23 07:00,24.6,76.2,0,"{'text': 'Patchy rain possible', 'icon': '//cdn.weatherapi.com/weather/64x64/night/176.png', 'code': 1063}",4.9,7.9,336,NNW,1010.0,29.82,0.01,0.0,0.0,82,76,26.6,79.9,24.6,76.2,26.6,79.9,21.2,70.2,0,45,0,0,10.0,6.0,7.7,12.3,0.0
1734912000,2024-12-23 08:00,24.8,76.7,1,"{'text': 'Patchy rain possible', 'icon': '//cdn.weatherapi.com/weather/64x64/day/176.png', 'code': 1063}",4.9,7.9,330,NNW,1011.0,29.84,0.01,0.0,0.0,81,74,26.9,80.5,24.8,76.7,26.9,80.5,21.4,70.4,0,45,0,0,10.0,6.0,7.4,11.8,5.0
1734915600,2024-12-23 09:00,25.5,77.9,1,"{'text': 'Patchy rain possible', 'icon': '//cdn.weatherapi.com/weather/64x64/day/176.png', 'code': 1063}",4.5,7.2,336,NNW,1011.0,29.87,0.02,0.0,0.0,78,66,27.7,81.8,25.5,77.9,27.7,81.8,21.4,70.5,0,45,0,0,10.0,6.0,6.1,9.9,6.0
1734919200,2024-12-23 10:00,26.1,79.1,1,"{'text': 'Patchy rain possible', 'icon': '//cdn.weatherapi.com/weather/64x64/day/176.png', 'code': 1063}",5.4,8.6,338,NNW,1012.0,29.88,0.02,0.0,0.0,75,60,28.4,83.1,26.2,79.1,28.4,83.1,21.4,70.6,0,45,0,0,10.0,6.0,6.9,11.2,6.0
1734922800,2024-12-23 11:00,26.7,80.0,1,"{'text': 'Patchy rain possible', 'icon': '//cdn.weatherapi.com/weather/64x64/day/176.png', 'code': 1063}",5.6,9.0,349,N,1012.0,29.87,0.03,0.0,0.0,73,66,28.9,84.1,26.7,80.0,28.9,84.1,21.4,70.4,0,45,0,0,10.0,6.0,7.0,11.3,6.0
1734926400,2024-12-23 12:00,26.8,80.3,1,"{'text': 'Patchy rain possible', 'icon': '//cdn.weatherapi.com/weather/64x64/day/176.png', 'code': 1063}",6.9,11.2,4,N,1011.0,29.86,0.02,0.0,0.0,72,61,29.1,84.4,26.8,80.3,29.1,84.4,21.3,70.3,0,45,0,0,10.0,6.0,8.8,14.2,6.0
1734930000,2024-12-23 13:00,27.3,81.1,1,"{'text': 'Patchy rain possible', 'icon': '//cdn.weatherapi.com/weather/64x64/day/176.png', 'code': 1063}",8.7,14.0,9,N,1010.0,29.83,0.03,0.0,0.0,70,54,29.7,85.4,27.3,81.1,29.7,85.4,21.3,70.3,0,45,0,0,10.0,6.0,10.6,17.0,6.0
1734933600,2024-12-23 14:00,26.9,80.4,1,"{'text': 'Patchy rain possible', 'icon': '//cdn.weatherapi.com/weather/64x64/day/176.png', 'code': 1063}",9.4,15.1,7,N,1009.0,29.8,0.03,0.0,0.0,71,52,29.2,84.5,26.9,80.4,29.2,84.5,21.3,70.3,0,45,0,0,10.0,6.0,11.9,19.2,6.0
1734937200,2024-12-23 15:00,26.8,80.2,1,"{'text': 'Partly cloudy', 'icon': '//cdn.weatherapi.com/weather/64x64/day/116.png', 'code': 1003}",9.4,15.1,7,N,1008.0,29.77,0.0,0.0,0.0,71,42,28.9,84.1,26.8,80.2,28.9,84.1,21.1,70.0,0,45,0,0,10.0,6.0,12.1,19.5,7.0
1734940800,2024-12-23 16:00,26.8,80.2,1,"{'text': 'Partly cloudy', 'icon': '//cdn.weatherapi.com/weather/64x64/day/116.png', 'code': 1003}",9.8,15.8,6,N,1007.0,29.74,0.0,0.0,0.0,71,34,29.0,84.1,26.8,80.2,29.0,84.1,21.1,69.9,0,45,0,0,10.0,6.0,12.8,20.5,7.0
1734944400,2024-12-23 17:00,26.6,79.9,1,"{'text': 'Partly cloudy', 'icon': '//cdn.weatherapi.com/weather/64x64/day/116.png', 'code': 1003}",9.4,15.1,7,N,1007.0,29.74,0.0,0.0,0.0,71,38,28.8,83.8,26.6,79.9,28.8,83.8,21.0,69.8,0,45,0,0,10.0,6.0,12.5,20.1,7.0
1734948000,2024-12-23 18:00,26.3,79.3,1,"{'text': 'Partly cloudy', 'icon': '//cdn.weatherapi.com/weather/64x64/day/116.png', 'code': 1003}",8.5,13.7,12,NNE,1008.0,29.76,0.0,0.0,0.0,74,45,28.4,83.2,26.3,79.3,28.4,83.2,21.2,70.1,0,45,0,0,10.0,6.0,11.9,19.2,7.0
1734951600,2024-12-23 19:00,25.7,78.2,1,"{'text': 'Partly cloudy', 'icon': '//cdn.weatherapi.com/weather/64x64/day/116.png', 'code': 1003}",7.6,12.2,14,NNE,1008.0,29.78,0.0,0.0,0.0,76,46,27.7,81.9,25.7,78.2,27.7,81.9,21.1,69.9,0,0,0,0,10.0,6.0,11.6,18.6,7.0
1734955200,2024-12-23 20:00,25.5,78.0,0,"{'text': 'Partly cloudy', 'icon': '//cdn.weatherapi.com/weather/64x64/night/116.png', 'code': 1003}",7.4,11.9,18,NNE,1009.0,29.8,0.0,0.0,0.0,77,53,27.6,81.7,25.5,78.0,27.6,81.7,21.1,70.0,0,45,0,0,10.0,6.0,11.3,18.1,0.0
1734958800,2024-12-23 21:00,25.4,77.6,0,"{'text': 'Cloudy', 'icon': '//cdn.weatherapi.com/weather/64x64/night/119.png', 'code': 1006}",7.4,11.9,18,NNE,1010.0,29.84,0.0,0.0,0.0,78,63,27.4,81.4,25.4,77.6,27.4,81.4,21.2,70.1,0,45,0,0,10.0,6.0,11.4,18.3,0.0
1734962400,2024-12-23 22:00,25.1,77.2,0,"{'text': 'Partly cloudy', 'icon': '//cdn.weatherapi.com/weather/64x64/night/116.png', 'code': 1003}",6.7,10.8,14,NNE,1011.0,29.86,0.0,0.0,0.0,79,51,27.2,80.9,25.1,77.2,27.2,80.9,21.1,70.1,0,0,0,0,10.0,6.0,10.6,17.0,0.0
1734966000,2024-12-23 23:00,24.9,76.9,0,"{'text': 'Partly cloudy', 'icon': '//cdn.weatherapi.com/weather/64x64/night/116.png', 'code': 1003}",5.4,8.6,5,N,1011.0,29.86,0.0,0.0,0.0,79,43,26.9,80.4,24.9,76.9,26.9,80.4,21.0,69.7,0,0,0,0,10.0,6.0,8.5,13.8,0.0
