time_epoch,time,temp_c,temp_f,is_day,condition,wind_mph,wind_kph,wind_degree,wind_dir,pressure_mb,pressure_in,precip_mm,precip_in,snow_cm,humidity,cloud,feelslike_c,feelslike_f,windchill_c,windchill_f,heatindex_c,heatindex_f,dewpoint_c,dewpoint_f,will_it_rain,chance_of_rain,will_it_snow,chance_of_snow,vis_km,vis_miles,gust_mph,gust_kph,uv
1735142400,2024-12-26 00:00,25.4,77.8,0,"{'text': 'Patchy rain possible', 'icon': '//cdn.weatherapi.com/weather/64x64/night/176.png', 'code': 1063}",5.6,9.0,350,N,1012.0,29.89,0.01,0.0,0.0,82,79,27.8,82.1,25.4,77.8,27.8,82.1,22.2,72.0,0,45,0,0,10.0,6.0,8.9,14.4,0.0
1735146000,2024-12-26 01:00,25.3,77.6,0,"{'text': 'Patchy rain possible', 'icon': '//cdn.weatherapi.com/weather/64x64/night/176.png', 'code': 1063}",4.7,7.6,336,NNW,1012.0,29.89,0.03,0.0,0.0,83,50,27.7,81.9,25.3,77.6,27.7,81.9,22.2,72.0,0,45,0,0,10.0,6.0,7.5,12.1,0.0
1735149600,2024-12-26 02:00,25.2,77.3,0,"{'text': 'Patchy rain possible', 'icon': '//cdn.weatherapi.com/weather/64x64/night/176.png', 'code': 1063}",4.5,7.2,326,NNW,1012.0,29.87,0.04,0.0,0.0,84,73,27.6,81.6,25.2,77.3,27.6,81.6,22.3,72.1,0,45,0,0,10.0,6.0,7.1,11.5,0.0
1735153200,2024-12-26 03:00,24.9,76.8,0,"{'text': 'Light rain shower', 'icon': '//cdn.weatherapi.com/weather/64x64/night/353.png', 'code': 1240}",4.5,7.2,323,NW,1011.0,29.86,0.37,0.01,0.0,86,70,27.3,81.1,24.9,76.8,27.3,81.1,22.3,72.1,1,100,0,0,10.0,6.0,7.2,11.6,0.0
1735156800,2024-12-26 04:00,24.7,76.5,0,"{'text': 'Light rain shower', 'icon': '//cdn.weatherapi.com/weather/64x64/night/353.png', 'code': 1240}",5.1,8.3,322,NW,1011.0,29.85,0.54,0.02,0.0,86,80,27.1,80.7,24.7,76.5,27.1,80.7,22.3,72.1,1,100,0,0,10.0,6.0,8.2,13.2,0.0
1735160400,2024-12-26 05:00,24.7,76.4,0,"{'text': 'Patchy rain possible', 'icon': '//cdn.weatherapi.com/weather/64x64/night/176.png', 'code': 1063}",5.6,9.0,318,NW,1011.0,29.84,0.05,0.0,0.0,86,81,27.0,80.6,24.7,76.4,27.0,80.6,22.2,72.0,0,45,0,0,10.0,6.0,8.9,14.3,0.0
1735164000,2024-12-26 06:00,24.8,76.6,0,"{'text': 'Patchy rain possible', 'icon': '//cdn.weatherapi.com/weather/64x64/night/176.png', 'code': 1063}",6.3,10.1,317,NW,1011.0,29.85,0.01,0.0,0.0,86,75,27.1,80.8,24.8,76.6,27.1,80.8,22.2,72.0,0,45,0,0,10.0,6.0,10.0,16.1,0.0
1735167600,2024-12-26 07:00,24.8,76.7,0,"{'text': 'Patchy rain possible', 'icon': '//cdn.weatherapi.com/weather/64x64/night/176.png', 'code': 1063}",5.6,9.0,324,NW,1012.0,29.87,0.05,0.0,0.0,85,82,27.1,80.9,24.8,76.7,27.1,80.9,22.2,71.9,0,45,0,0,10.0,6.0,9.0,14.5,0.0
1735171200,2024-12-26 08:00,25.3,77.5,1,"{'text': 'Cloudy', 'icon': '//cdn.weatherapi.com/weather/64x64/day/119.png', 'code': 1006}",5.8,9.4,324,NW,1012.0,29.89,0.0,0.0,0.0,84,68,27.7,81.9,25.3,77.5,27.7,81.9,22.3,72.2,0,45,0,0,10.0,6.0,8.8,14.2,6.0
1735174800,2024-12-26 09:00,26.2,79.1,1,"{'text': 'Patchy rain possible', 'icon': '//cdn.weatherapi.com/weather/64x64/day/176.png', 'code': 1063}",4.7,7.6,327,NNW,1013.0,29.92,0.01,0.0,0.0,80,69,28.8,83.9,26.2,79.1,28.8,83.9,22.4,72.4,0,45,0,0,10.0,6.0,6.3,10.2,6.0
1735178400,2024-12-26 10:00,26.9,80.5,1,"{'text': 'Patchy rain possible', 'icon': '//cdn.weatherapi.com/weather/64x64/day/176.png', 'code': 1063}",5.1,8.3,331,NNW,1014.0,29.94,0.01,0.0,0.0,77,66,29.8,85.7,26.9,80.5,29.8,85.7,22.5,72.5,0,45,0,0,10.0,6.0,6.6,10.7,6.0
1735182000,2024-12-26 11:00,27.6,81.6,1,"{'text': 'Patchy rain possible', 'icon': '//cdn.weatherapi.com/weather/64x64/day/176.png', 'code': 1063}",5.4,8.6,346,NNW,1014.0,29.93,0.05,0.0,0.0,74,79,30.6,87.1,27.6,81.6,30.6,87.1,22.5,72.5,0,45,0,0,10.0,6.0,6.7,10.8,6.0
1735185600,2024-12-26 12:00,27.9,82.2,1,"{'text': 'Light rain shower', 'icon': '//cdn.weatherapi.com/weather/64x64/day/353.png', 'code': 1240}",5.8,9.4,5,N,1013.0,29.91,0.26,0.01,0.0,73,56,31.1,87.9,27.9,82.2,31.1,87.9,22.6,72.6,1,100,0,0,10.0,6.0,7.1,11.5,6.0
1735189200,2024-12-26 13:00,27.8,82.1,1,"{'text': 'Patchy rain possible', 'icon': '//cdn.weatherapi.com/weather/64x64/day/176.png', 'code': 1063}",7.2,11.5,10,N,1012.0,29.89,0.34,0.01,0.0,74,87,31.2,88.1,27.9,82.1,31.2,88.1,22.8,73.1,1,100,0,0,9.0,5.0,8.9,14.3,6.0
1735192800,2024-12-26 14:00,27.6,81.7,1,"{'text': 'Patchy rain possible', 'icon': '//cdn.weatherapi.com/weather/64x64/day/176.png', 'code': 1063}",7.8,12.6,11,NNE,1011.0,29.86,0.41,0.02,0.0,76,77,30.9,87.6,27.6,81.7,30.9,87.6,23.0,73.3,1,100,0,0,9.0,5.0,9.9,15.9,6.0
1735196400,2024-12-26 15:00,27.5,81.5,1,"{'text': 'Patchy rain possible', 'icon': '//cdn.weatherapi.com/weather/64x64/day/176.png', 'code': 1063}",7.8,12.6,10,N,1010.0,29.83,0.22,0.01,0.0,77,74,30.8,87.4,27.5,81.4,30.8,87.4,23.1,73.5,1,100,0,0,9.0,5.0,9.9,15.9,6.0
1735200000,2024-12-26 16:00,27.4,81.4,1,"{'text': 'Patchy rain possible', 'icon': '//cdn.weatherapi.com/weather/64x64/day/176.png', 'code': 1063}",8.1,13.0,16,NNE,1009.0,29.81,0.38,0.01,0.0,77,79,30.7,87.2,27.4,81.4,30.7,87.2,23.0,73.3,1,100,0,0,9.0,5.0,10.2,16.4,6.0
1735203600,2024-12-26 17:00,27.2,80.9,1,"{'text': 'Patchy rain possible', 'icon': '//cdn.weatherapi.com/weather/64x64/day/176.png', 'code': 1063}",7.8,12.6,18,NNE,1009.0,29.8,0.29,0.01,0.0,77,85,30.3,86.6,27.2,80.9,30.3,86.6,22.9,73.2,1,100,0,0,9.0,5.0,10.3,16.6,6.0
1735207200,2024-12-26 18:00,26.8,80.2,1,"{'text': 'Light rain shower', 'icon': '//cdn.weatherapi.com/weather/64x64/day/353.png', 'code': 1240}",6.7,10.8,15,NNE,1010.0,29.82,0.21,0.01,0.0,80,50,29.8,85.7,26.8,80.2,29.8,85.7,23.0,73.5,1,100,0,0,10.0,6.0,9.3,14.9,6.0
1735210800,2024-12-26 19:00,26.1,79.0,1,"{'text': 'Patchy rain possible', 'icon': '//cdn.weatherapi.com/weather/64x64/day/176.png', 'code': 1063}",5.6,9.0,24,NNE,1011.0,29.85,0.01,0.0,0.0,83,66,29.0,84.1,26.1,79.0,29.0,84.1,22.9,73.3,0,45,0,0,10.0,6.0,8.5,13.7,6.0
1735214400,2024-12-26 20:00,25.8,78.4,0,"{'text': 'Cloudy', 'icon': '//cdn.weatherapi.com/weather/64x64/night/119.png', 'code': 1006}",4.9,7.9,20,NNE,1011.0,29.86,0.0,0.0,0.0,84,64,28.6,83.5,25.8,78.5,28.6,83.5,22.9,73.3,0,45,0,0,10.0,6.0,7.7,12.3,0.0
1735218000,2024-12-26 21:00,25.7,78.3,0,"{'text': 'Patchy rain possible', 'icon': '//cdn.weatherapi.com/weather/64x64/night/176.png', 'code': 1063}",3.8,6.1,25,NNE,1012.0,29.89,0.02,0.0,0.0,85,72,28.5,83.2,25.7,78.3,28.5,83.2,23.0,73.3,0,45,0,0,10.0,6.0,6.0,9.6,0.0
1735221600,2024-12-26 22:00,25.6,78.0,0,"{'text': 'Light rain shower', 'icon': '//cdn.weatherapi.com/weather/64x64/night/353.png', 'code': 1240}",4.0,6.5,52,NE,1013.0,29.92,0.16,0.01,0.0,86,88,28.3,83.0,25.6,78.0,28.3,83.0,23.0,73.4,1,100,0,0,10.0,6.0,6.3,10.2,0.0
1735225200,2024-12-26 23:00,25.4,77.6,0,"{'text': 'Light rain shower', 'icon': '//cdn.weatherapi.com/weather/64x64/night/353.png', 'code': 1240}",3.6,5.8,72,ENE,1013.0,29.92,0.57,0.02,0.0,87,91,28.1,82.6,25.4,77.6,28.1,82.6,23.0,73.5,1,100,0,0,10.0,6.0,5.6,9.0,0.0
