time_epoch,time,temp_c,temp_f,is_day,condition,wind_mph,wind_kph,wind_degree,wind_dir,pressure_mb,pressure_in,precip_mm,precip_in,snow_cm,humidity,cloud,feelslike_c,feelslike_f,windchill_c,windchill_f,heatindex_c,heatindex_f,dewpoint_c,dewpoint_f,will_it_rain,chance_of_rain,will_it_snow,chance_of_snow,vis_km,vis_miles,gust_mph,gust_kph,uv
1735488000,2024-12-30 00:00,22.5,72.5,0,"{'text': 'Partly cloudy', 'icon': '//cdn.weatherapi.com/weather/64x64/night/116.png', 'code': 1003}",3.1,5.0,58,ENE,1012.0,29.89,0.0,0.0,0.0,93,36,24.9,76.9,22.5,72.6,24.9,76.9,21.4,70.5,0,0,0,0,10.0,6.0,6.5,10.5,0.0
1735491600,2024-12-30 01:00,22.3,72.2,0,"{'text': 'Partly cloudy', 'icon': '//cdn.weatherapi.com/weather/64x64/night/116.png', 'code': 1003}",3.1,5.0,58,ENE,1012.0,29.89,0.0,0.0,0.0,93,34,24.8,76.6,22.3,72.2,24.8,76.6,21.2,70.1,0,0,0,0,10.0,6.0,6.6,10.5,0.0
1735495200,2024-12-30 02:00,22.1,71.8,0,"{'text': 'Partly cloudy', 'icon': '//cdn.weatherapi.com/weather/64x64/night/116.png', 'code': 1003}",3.4,5.4,55,NE,1011.0,29.87,0.0,0.0,0.0,93,35,24.6,76.3,22.1,71.8,24.6,76.3,20.9,69.7,0,0,0,0,10.0,6.0,7.0,11.3,0.0
1735498800,2024-12-30 03:00,21.9,71.4,0,"{'text': 'Partly cloudy', 'icon': '//cdn.weatherapi.com/weather/64x64/night/116.png', 'code': 1003}",3.1,5.0,57,ENE,1011.0,29.85,0.0,0.0,0.0,93,35,21.9,71.4,21.9,71.4,24.5,76.1,20.7,69.2,0,0,0,0,10.0,6.0,6.6,10.6,0.0
1735502400,2024-12-30 04:00,21.7,71.1,0,"{'text': 'Patchy rain possible', 'icon': '//cdn.weatherapi.com/weather/64x64/night/176.png', 'code': 1063}",3.1,5.0,58,ENE,1011.0,29.85,0.03,0.0,0.0,93,77,21.7,71.1,21.7,71.1,24.4,75.9,20.5,68.9,0,45,0,0,10.0,6.0,6.6,10.6,0.0
1735506000,2024-12-30 05:00,21.6,70.8,0,"{'text': 'Partly cloudy', 'icon': '//cdn.weatherapi.com/weather/64x64/night/116.png', 'code': 1003}",3.1,5.0,56,ENE,1011.0,29.84,0.0,0.0,0.0,93,44,21.6,70.8,21.6,70.8,24.3,75.8,20.3,68.6,0,0,0,0,10.0,6.0,6.6,10.6,0.0
1735509600,2024-12-30 06:00,21.4,70.6,0,"{'text': 'Partly cloudy', 'icon': '//cdn.weatherapi.com/weather/64x64/night/116.png', 'code': 1003}",3.6,5.8,52,NE,1011.0,29.86,0.0,0.0,0.0,92,55,21.4,70.6,21.4,70.6,24.3,75.7,20.2,68.3,0,0,0,0,10.0,6.0,7.5,12.1,0.0
1735513200,2024-12-30 07:00,21.4,70.4,0,"{'text': 'Cloudy', 'icon': '//cdn.weatherapi.com/weather/64x64/night/119.png', 'code': 1006}",3.4,5.4,57,ENE,1012.0,29.88,0.0,0.0,0.0,92,65,21.4,70.4,21.4,70.4,24.2,75.6,20.0,68.0,0,0,0,0,10.0,6.0,7.0,11.3,0.0
1735516800,2024-12-30 08:00,22.4,72.4,1,"{'text': 'Partly cloudy', 'icon': '//cdn.weatherapi.com/weather/64x64/day/116.png', 'code': 1003}",3.1,5.0,52,NE,1012.0,29.89,0.0,0.0,0.0,91,62,24.8,76.6,22.4,72.4,24.8,76.6,20.9,69.5,0,0,0,0,10.0,6.0,6.2,9.9,6.0
1735520400,2024-12-30 09:00,25.3,77.5,1,"{'text': 'Partly cloudy', 'icon': '//cdn.weatherapi.com/weather/64x64/day/116.png', 'code': 1003}",2.7,4.3,61,ENE,1013.0,29.92,0.0,0.0,0.0,84,55,27.8,82.0,25.3,77.5,27.8,82.0,22.5,72.4,0,0,0,0,10.0,6.0,3.5,5.7,7.0
1735524000,2024-12-30 10:00,27.0,80.7,1,"{'text': 'Patchy light drizzle', 'icon': '//cdn.weatherapi.com/weather/64x64/day/263.png', 'code': 1150}",2.2,3.6,58,ENE,1014.0,29.93,0.19,0.01,0.0,77,69,30.0,86.1,27.0,80.7,30.0,86.1,22.7,72.9,1,100,0,0,5.0,3.0,2.6,4.1,6.0
1735527600,2024-12-30 11:00,29.0,84.3,1,"{'text': 'Patchy rain possible', 'icon': '//cdn.weatherapi.com/weather/64x64/day/176.png', 'code': 1063}",1.3,2.2,25,NNE,1013.0,29.92,0.15,0.01,0.0,69,89,32.8,91.0,29.1,84.3,32.8,91.0,22.8,73.0,1,100,0,0,9.0,5.0,1.6,2.6,6.0
1735531200,2024-12-30 12:00,30.2,86.4,1,"{'text': 'Light rain shower', 'icon': '//cdn.weatherapi.com/weather/64x64/day/353.png', 'code': 1240}",1.6,2.5,322,NW,1012.0,29.89,0.82,0.03,0.0,65,50,34.5,94.0,30.2,86.4,34.5,94.0,22.9,73.2,1,100,0,0,10.0,6.0,1.9,3.1,7.0
1735534800,2024-12-30 13:00,30.4,86.7,1,"{'text': 'Light rain shower', 'icon': '//cdn.weatherapi.com/weather/64x64/day/353.png', 'code': 1240}",1.6,2.5,314,NW,1011.0,29.86,0.77,0.03,0.0,66,64,35.0,95.0,30.4,86.7,35.0,95.0,23.3,73.9,1,100,0,0,10.0,6.0,2.1,3.4,7.0
1735538400,2024-12-30 14:00,30.9,87.6,1,"{'text': 'Light rain shower', 'icon': '//cdn.weatherapi.com/weather/64x64/day/353.png', 'code': 1240}",1.6,2.5,332,NNW,1010.0,29.83,0.5,0.02,0.0,64,81,35.6,96.1,30.9,87.6,35.6,96.1,23.2,73.7,1,100,0,0,10.0,6.0,2.1,3.3,7.0
1735542000,2024-12-30 15:00,30.2,86.3,1,"{'text': 'Light rain shower', 'icon': '//cdn.weatherapi.com/weather/64x64/day/353.png', 'code': 1240}",1.1,1.8,282,WNW,1009.0,29.79,1.43,0.06,0.0,68,88,35.0,95.0,30.2,86.3,35.0,95.0,23.7,74.6,1,100,0,0,10.0,6.0,1.5,2.3,7.0
1735545600,2024-12-30 16:00,28.6,83.5,1,"{'text': 'Light rain', 'icon': '//cdn.weatherapi.com/weather/64x64/day/296.png', 'code': 1183}",2.5,4.0,237,WSW,1009.0,29.78,1.79,0.07,0.0,77,95,33.2,91.8,28.6,83.5,33.2,91.8,24.2,75.6,1,100,0,0,9.0,5.0,3.2,5.1,6.0
1735549200,2024-12-30 17:00,26.9,80.5,1,"{'text': 'Light rain shower', 'icon': '//cdn.weatherapi.com/weather/64x64/day/353.png', 'code': 1240}",3.1,5.0,247,WSW,1009.0,29.78,1.85,0.07,0.0,84,100,30.7,87.3,26.9,80.5,30.7,87.3,24.1,75.3,1,100,0,0,10.0,6.0,5.6,9.0,6.0
1735552800,2024-12-30 18:00,25.8,78.5,1,"{'text': 'Light rain shower', 'icon': '//cdn.weatherapi.com/weather/64x64/day/353.png', 'code': 1240}",2.0,3.2,262,W,1009.0,29.8,1.75,0.07,0.0,89,100,29.0,84.2,25.8,78.5,29.0,84.2,23.8,74.8,1,100,0,0,10.0,6.0,3.0,4.9,6.0
1735556400,2024-12-30 19:00,24.5,76.1,1,"{'text': 'Light rain shower', 'icon': '//cdn.weatherapi.com/weather/64x64/day/353.png', 'code': 1240}",0.9,1.4,311,NW,1010.0,29.82,1.52,0.06,0.0,90,90,27.0,80.6,24.5,76.1,27.0,80.6,22.8,73.1,1,100,0,0,10.0,6.0,1.8,3.0,5.0
1735560000,2024-12-30 20:00,23.6,74.5,0,"{'text': 'Light rain shower', 'icon': '//cdn.weatherapi.com/weather/64x64/night/353.png', 'code': 1240}",1.1,1.8,346,NNW,1011.0,29.85,1.83,0.07,0.0,92,80,25.9,78.7,23.6,74.5,25.9,78.7,22.2,72.0,1,100,0,0,10.0,6.0,2.2,3.6,0.0
1735563600,2024-12-30 21:00,23.3,73.9,0,"{'text': 'Light rain shower', 'icon': '//cdn.weatherapi.com/weather/64x64/night/353.png', 'code': 1240}",1.1,1.8,46,NE,1012.0,29.89,2.25,0.09,0.0,93,75,25.6,78.1,23.3,73.9,25.6,78.1,22.1,71.7,1,100,0,0,10.0,6.0,2.3,3.6,0.0
1735567200,2024-12-30 22:00,22.9,73.2,0,"{'text': 'Light rain shower', 'icon': '//cdn.weatherapi.com/weather/64x64/night/353.png', 'code': 1240}",1.8,2.9,66,ENE,1013.0,29.91,2.35,0.09,0.0,94,67,25.3,77.5,22.9,73.2,25.3,77.5,21.8,71.3,1,100,0,0,10.0,6.0,3.7,6.0,0.0
1735570800,2024-12-30 23:00,22.8,73.0,0,"{'text': 'Light rain shower', 'icon': '//cdn.weatherapi.com/weather/64x64/night/353.png', 'code': 1240}",2.0,3.2,58,ENE,1013.0,29.92,2.46,0.1,0.0,94,60,25.2,77.3,22.8,73.1,25.2,77.3,21.8,71.3,1,100,0,0,10.0,6.0,4.2,6.7,0.0
