time_epoch,time,temp_c,temp_f,is_day,condition,wind_mph,wind_kph,wind_degree,wind_dir,pressure_mb,pressure_in,precip_mm,precip_in,snow_cm,humidity,cloud,feelslike_c,feelslike_f,windchill_c,windchill_f,heatindex_c,heatindex_f,dewpoint_c,dewpoint_f,will_it_rain,chance_of_rain,will_it_snow,chance_of_snow,vis_km,vis_miles,gust_mph,gust_kph,uv
1735056000,2024-12-25 00:00,25.6,78.1,0,"{'text': 'Cloudy', 'icon': '//cdn.weatherapi.com/weather/64x64/night/119.png', 'code': 1006}",8.5,13.7,334,NNW,1012.0,29.87,0.0,0.0,0.0,79,83,27.9,82.1,25.6,78.1,27.9,82.1,21.7,71.1,0,45,0,0,10.0,6.0,13.2,21.2,0.0
1735059600,2024-12-25 01:00,25.5,78.0,0,"{'text': 'Cloudy', 'icon': '//cdn.weatherapi.com/weather/64x64/night/119.png', 'code': 1006}",8.7,14.0,328,NNW,1011.0,29.86,0.0,0.0,0.0,80,82,27.8,82.0,25.5,78.0,27.8,82.0,21.8,71.2,0,45,0,0,10.0,6.0,13.5,21.7,0.0
1735063200,2024-12-25 02:00,25.4,77.8,0,"{'text': 'Patchy rain possible', 'icon': '//cdn.weatherapi.com/weather/64x64/night/176.png', 'code': 1063}",8.9,14.4,329,NNW,1011.0,29.85,0.01,0.0,0.0,81,81,27.7,81.9,25.4,77.8,27.7,81.9,21.9,71.4,0,45,0,0,10.0,6.0,13.8,22.2,0.0
1735066800,2024-12-25 03:00,25.3,77.6,0,"{'text': 'Patchy rain possible', 'icon': '//cdn.weatherapi.com/weather/64x64/night/176.png', 'code': 1063}",9.2,14.8,328,NNW,1010.0,29.83,0.02,0.0,0.0,81,81,27.6,81.7,25.3,77.6,27.6,81.7,21.9,71.4,0,45,0,0,10.0,6.0,14.1,22.7,0.0
1735070400,2024-12-25 04:00,25.2,77.4,0,"{'text': 'Patchy rain possible', 'icon': '//cdn.weatherapi.com/weather/64x64/night/176.png', 'code': 1063}",9.6,15.5,325,NW,1009.0,29.8,0.02,0.0,0.0,82,70,27.5,81.4,25.2,77.4,27.5,81.4,21.8,71.3,0,45,0,0,10.0,6.0,14.9,23.9,0.0
1735074000,2024-12-25 05:00,25.1,77.2,0,"{'text': 'Patchy rain possible', 'icon': '//cdn.weatherapi.com/weather/64x64/night/176.png', 'code': 1063}",9.4,15.1,323,NW,1009.0,29.8,0.02,0.0,0.0,81,56,27.3,81.2,25.1,77.2,27.3,81.2,21.7,71.1,0,45,0,0,10.0,6.0,14.8,23.8,0.0
1735077600,2024-12-25 06:00,25.1,77.2,0,"{'text': 'Patchy rain possible', 'icon': '//cdn.weatherapi.com/weather/64x64/night/176.png', 'code': 1063}",9.4,15.1,324,NW,1010.0,29.81,0.01,0.0,0.0,81,79,27.3,81.2,25.1,77.3,27.3,81.2,21.7,71.0,0,45,0,0,10.0,6.0,15.0,24.1,0.0
1735081200,2024-12-25 07:00,24.9,76.9,0,"{'text': 'Partly cloudy', 'icon': '//cdn.weatherapi.com/weather/64x64/night/116.png', 'code': 1003}",8.1,13.0,317,NW,1010.0,29.83,0.0,0.0,0.0,82,36,27.1,80.8,24.9,76.9,27.1,80.8,21.6,70.9,0,0,0,0,10.0,6.0,13.1,21.1,0.0
1735084800,2024-12-25 08:00,25.1,77.2,1,"{'text': 'Patchy rain possible', 'icon': '//cdn.weatherapi.com/weather/64x64/day/176.png', 'code': 1063}",7.6,12.2,310,NW,1011.0,29.85,0.01,0.0,0.0,82,89,27.4,81.3,25.1,77.3,27.4,81.3,21.8,71.2,0,45,0,0,10.0,6.0,11.7,18.9,6.0
1735088400,2024-12-25 09:00,25.8,78.5,1,"{'text': 'Patchy rain possible', 'icon': '//cdn.weatherapi.com/weather/64x64/day/176.png', 'code': 1063}",8.3,13.3,307,NW,1012.0,29.87,0.02,0.0,0.0,80,85,28.2,82.8,25.8,78.5,28.2,82.8,22.0,71.6,0,45,0,0,10.0,6.0,11.4,18.4,6.0
1735092000,2024-12-25 10:00,26.5,79.8,1,"{'text': 'Patchy rain possible', 'icon': '//cdn.weatherapi.com/weather/64x64/day/176.png', 'code': 1063}",8.7,14.0,307,NW,1012.0,29.88,0.01,0.0,0.0,76,79,29.1,84.3,26.5,79.8,29.1,84.3,22.0,71.6,0,45,0,0,10.0,6.0,11.4,18.3,6.0
1735095600,2024-12-25 11:00,27.1,80.7,1,"{'text': 'Patchy rain possible', 'icon': '//cdn.weatherapi.com/weather/64x64/day/176.png', 'code': 1063}",10.3,16.6,317,NW,1012.0,29.88,0.02,0.0,0.0,75,60,29.8,85.7,27.1,80.7,29.8,85.7,22.2,72.0,0,45,0,0,10.0,6.0,13.2,21.3,6.0
1735099200,2024-12-25 12:00,27.9,82.2,1,"{'text': 'Patchy rain possible', 'icon': '//cdn.weatherapi.com/weather/64x64/day/176.png', 'code': 1063}",12.5,20.2,329,NNW,1011.0,29.85,0.02,0.0,0.0,71,78,30.8,87.4,27.9,82.2,30.8,87.4,22.1,71.8,0,45,0,0,10.0,6.0,15.7,25.2,6.0
1735102800,2024-12-25 13:00,28.2,82.8,1,"{'text': 'Patchy rain possible', 'icon': '//cdn.weatherapi.com/weather/64x64/day/176.png', 'code': 1063}",14.1,22.7,343,NNW,1011.0,29.84,0.05,0.0,0.0,69,73,31.1,88.0,28.2,82.8,31.1,88.0,21.9,71.5,0,45,0,0,10.0,6.0,17.4,28.0,6.0
1735106400,2024-12-25 14:00,28.2,82.8,1,"{'text': 'Patchy rain possible', 'icon': '//cdn.weatherapi.com/weather/64x64/day/176.png', 'code': 1063}",14.1,22.7,355,N,1010.0,29.82,0.05,0.0,0.0,68,51,31.0,87.8,28.2,82.8,31.0,87.8,21.7,71.0,0,45,0,0,10.0,6.0,17.4,28.0,6.0
1735110000,2024-12-25 15:00,27.9,82.2,1,"{'text': 'Patchy rain possible', 'icon': '//cdn.weatherapi.com/weather/64x64/day/176.png', 'code': 1063}",13.4,21.6,6,N,1009.0,29.8,0.03,0.0,0.0,69,73,30.5,86.9,27.9,82.2,30.5,86.9,21.6,70.8,0,45,0,0,10.0,6.0,17.0,27.3,6.0
1735113600,2024-12-25 16:00,27.6,81.7,1,"{'text': 'Partly cloudy', 'icon': '//cdn.weatherapi.com/weather/64x64/day/116.png', 'code': 1003}",12.5,20.2,10,N,1008.0,29.78,0.0,0.0,0.0,70,35,30.2,86.3,27.6,81.7,30.2,86.3,21.6,70.9,0,45,0,0,10.0,6.0,16.0,25.8,7.0
1735117200,2024-12-25 17:00,27.4,81.3,1,"{'text': 'Partly cloudy', 'icon': '//cdn.weatherapi.com/weather/64x64/day/116.png', 'code': 1003}",10.3,16.6,2,N,1008.0,29.77,0.0,0.0,0.0,71,50,30.0,85.9,27.4,81.3,30.0,85.9,21.7,71.1,0,45,0,0,10.0,6.0,13.5,21.7,7.0
1735120800,2024-12-25 18:00,26.5,79.7,1,"{'text': 'Partly cloudy', 'icon': '//cdn.weatherapi.com/weather/64x64/day/116.png', 'code': 1003}",8.5,13.7,355,N,1009.0,29.79,0.0,0.0,0.0,77,39,29.1,84.3,26.5,79.6,29.1,84.3,22.2,71.9,0,0,0,0,10.0,6.0,12.5,20.1,7.0
1735124400,2024-12-25 19:00,26.1,78.9,1,"{'text': 'Partly cloudy', 'icon': '//cdn.weatherapi.com/weather/64x64/day/116.png', 'code': 1003}",7.8,12.6,356,N,1009.0,29.81,0.0,0.0,0.0,79,43,28.6,83.5,26.1,78.9,28.6,83.5,22.2,72.0,0,0,0,0,10.0,6.0,12.1,19.5,7.0
1735128000,2024-12-25 20:00,25.8,78.5,0,"{'text': 'Patchy rain possible', 'icon': '//cdn.weatherapi.com/weather/64x64/night/176.png', 'code': 1063}",6.9,11.2,350,N,1010.0,29.83,0.01,0.0,0.0,81,73,28.3,82.9,25.8,78.5,28.3,82.9,22.3,72.1,0,45,0,0,10.0,6.0,11.0,17.7,0.0
1735131600,2024-12-25 21:00,25.7,78.2,0,"{'text': 'Patchy rain possible', 'icon': '//cdn.weatherapi.com/weather/64x64/night/176.png', 'code': 1063}",6.9,11.2,349,N,1011.0,29.86,0.05,0.0,0.0,82,78,28.2,82.7,25.7,78.2,28.2,82.7,22.3,72.2,0,45,0,0,10.0,6.0,11.1,17.8,0.0
1735135200,2024-12-25 22:00,25.5,77.9,0,"{'text': 'Patchy rain possible', 'icon': '//cdn.weatherapi.com/weather/64x64/night/176.png', 'code': 1063}",6.3,10.1,341,NNW,1012.0,29.89,0.16,0.01,0.0,83,74,28.0,82.4,25.5,77.9,28.0,82.4,22.4,72.2,1,100,0,0,9.0,5.0,10.1,16.3,0.0
1735138800,2024-12-25 23:00,25.4,77.8,0,"{'text': 'Patchy rain possible', 'icon': '//cdn.weatherapi.com/weather/64x64/night/176.png', 'code': 1063}",6.9,11.2,332,NNW,1012.0,29.89,0.06,0.0,0.0,83,60,27.9,82.3,25.4,77.8,27.9,82.3,22.4,72.3,0,45,0,0,10.0,6.0,11.1,17.9,0.0
