time_epoch,time,temp_c,temp_f,is_day,condition,wind_mph,wind_kph,wind_degree,wind_dir,pressure_mb,pressure_in,precip_mm,precip_in,snow_cm,humidity,cloud,feelslike_c,feelslike_f,windchill_c,windchill_f,heatindex_c,heatindex_f,dewpoint_c,dewpoint_f,will_it_rain,chance_of_rain,will_it_snow,chance_of_snow,vis_km,vis_miles,gust_mph,gust_kph,uv
1735315200,2024-12-28 00:00,23.4,74.1,0,"{'text': 'Cloudy', 'icon': '//cdn.weatherapi.com/weather/64x64/night/119.png', 'code': 1006}",2.7,4.3,72,ENE,1013.0,29.91,0.0,0.0,0.0,93,81,25.7,78.3,23.4,74.1,25.7,78.3,22.1,71.8,0,0,0,0,10.0,6.0,5.4,8.6,0.0
1735318800,2024-12-28 01:00,23.0,73.4,0,"{'text': 'Partly cloudy', 'icon': '//cdn.weatherapi.com/weather/64x64/night/116.png', 'code': 1003}",2.5,4.0,75,ENE,1012.0,29.89,0.0,0.0,0.0,93,60,25.3,77.6,23.0,73.4,25.3,77.6,21.7,71.1,0,0,0,0,10.0,6.0,5.1,8.2,0.0
1735322400,2024-12-28 02:00,22.7,72.9,0,"{'text': 'Partly cloudy', 'icon': '//cdn.weatherapi.com/weather/64x64/night/116.png', 'code': 1003}",2.2,3.6,69,ENE,1012.0,29.88,0.0,0.0,0.0,93,58,25.1,77.1,22.7,72.9,25.1,77.1,21.5,70.7,0,0,0,0,10.0,6.0,4.7,7.5,0.0
1735326000,2024-12-28 03:00,22.5,72.6,0,"{'text': 'Cloudy', 'icon': '//cdn.weatherapi.com/weather/64x64/night/119.png', 'code': 1006}",2.9,4.7,67,ENE,1011.0,29.86,0.0,0.0,0.0,93,68,24.9,76.9,22.5,72.6,24.9,76.9,21.3,70.4,0,0,0,0,10.0,6.0,6.0,9.6,0.0
1735329600,2024-12-28 04:00,22.4,72.3,0,"{'text': 'Partly cloudy', 'icon': '//cdn.weatherapi.com/weather/64x64/night/116.png', 'code': 1003}",2.9,4.7,60,ENE,1011.0,29.84,0.0,0.0,0.0,93,59,24.8,76.6,22.4,72.3,24.8,76.6,21.2,70.1,0,0,0,0,10.0,6.0,6.0,9.6,0.0
1735333200,2024-12-28 05:00,22.2,72.0,0,"{'text': 'Partly cloudy', 'icon': '//cdn.weatherapi.com/weather/64x64/night/116.png', 'code': 1003}",3.1,5.0,64,ENE,1011.0,29.85,0.0,0.0,0.0,93,32,24.7,76.4,22.2,72.0,24.7,76.4,21.0,69.8,0,0,0,0,10.0,6.0,6.5,10.4,0.0
1735336800,2024-12-28 06:00,22.0,71.5,0,"{'text': 'Partly cloudy', 'icon': '//cdn.weatherapi.com/weather/64x64/night/116.png', 'code': 1003}",3.6,5.8,58,ENE,1011.0,29.85,0.0,0.0,0.0,93,26,22.0,71.5,22.0,71.5,24.5,76.1,20.8,69.4,0,0,0,0,10.0,6.0,7.5,12.1,0.0
1735340400,2024-12-28 07:00,21.7,71.1,0,"{'text': 'Partly cloudy', 'icon': '//cdn.weatherapi.com/weather/64x64/night/116.png', 'code': 1003}",3.4,5.4,62,ENE,1012.0,29.87,0.0,0.0,0.0,93,54,21.7,71.1,21.7,71.1,24.4,75.9,20.6,69.0,0,0,0,0,10.0,6.0,7.0,11.3,0.0
1735344000,2024-12-28 08:00,22.9,73.2,1,"{'text': 'Partly cloudy', 'icon': '//cdn.weatherapi.com/weather/64x64/day/116.png', 'code': 1003}",2.9,4.7,64,ENE,1012.0,29.9,0.0,0.0,0.0,92,55,25.2,77.4,22.9,73.2,25.2,77.4,21.5,70.6,0,0,0,0,10.0,6.0,5.4,8.7,6.0
1735347600,2024-12-28 09:00,25.3,77.6,1,"{'text': 'Sunny', 'icon': '//cdn.weatherapi.com/weather/64x64/day/113.png', 'code': 1000}",2.2,3.6,71,ENE,1013.0,29.92,0.0,0.0,0.0,86,24,28.0,82.3,25.3,77.6,28.0,82.3,22.8,73.0,0,0,0,0,10.0,6.0,2.9,4.6,7.0
1735351200,2024-12-28 10:00,26.8,80.3,1,"{'text': 'Patchy rain possible', 'icon': '//cdn.weatherapi.com/weather/64x64/day/176.png', 'code': 1063}",1.8,2.9,75,ENE,1014.0,29.93,0.81,0.03,0.0,80,78,29.9,85.9,26.8,80.3,29.9,85.9,23.1,73.5,1,100,0,0,9.0,5.0,2.1,3.3,6.0
1735354800,2024-12-28 11:00,28.3,82.9,1,"{'text': 'Patchy rain possible', 'icon': '//cdn.weatherapi.com/weather/64x64/day/176.png', 'code': 1063}",0.7,1.1,63,ENE,1013.0,29.92,1.02,0.04,0.0,74,79,32.0,89.6,28.3,82.9,32.0,89.6,23.2,73.8,1,100,0,0,9.0,5.0,0.9,1.4,6.0
1735358400,2024-12-28 12:00,29.6,85.3,1,"{'text': 'Patchy rain possible', 'icon': '//cdn.weatherapi.com/weather/64x64/day/176.png', 'code': 1063}",0.7,1.1,325,NW,1012.0,29.89,0.66,0.03,0.0,70,89,34.1,93.3,29.6,85.3,34.1,93.3,23.5,74.4,1,100,0,0,9.0,5.0,0.8,1.3,6.0
1735362000,2024-12-28 13:00,30.1,86.1,1,"{'text': 'Patchy rain possible', 'icon': '//cdn.weatherapi.com/weather/64x64/day/176.png', 'code': 1063}",0.2,0.4,318,NW,1011.0,29.86,1.41,0.06,0.0,69,83,35.0,95.0,30.1,86.1,35.0,95.0,23.9,74.9,1,100,0,0,9.0,5.0,0.4,0.6,7.0
1735365600,2024-12-28 14:00,29.9,85.8,1,"{'text': 'Light rain shower', 'icon': '//cdn.weatherapi.com/weather/64x64/day/353.png', 'code': 1240}",0.7,1.1,151,SSE,1010.0,29.83,2.08,0.08,0.0,72,70,35.0,95.0,29.9,85.8,35.0,95.0,24.2,75.5,1,100,0,0,10.0,6.0,1.0,1.6,6.0
1735369200,2024-12-28 15:00,29.6,85.2,1,"{'text': 'Light rain shower', 'icon': '//cdn.weatherapi.com/weather/64x64/day/353.png', 'code': 1240}",0.4,0.7,134,SE,1009.0,29.81,2.49,0.1,0.0,74,78,34.7,94.5,29.6,85.2,34.7,94.5,24.3,75.8,1,100,0,0,10.0,6.0,0.6,1.0,6.0
1735372800,2024-12-28 16:00,29.1,84.5,1,"{'text': 'Patchy light rain', 'icon': '//cdn.weatherapi.com/weather/64x64/day/293.png', 'code': 1180}",0.4,0.7,330,NNW,1009.0,29.78,1.89,0.07,0.0,75,87,34.0,93.3,29.2,84.5,34.0,93.3,24.3,75.7,1,100,0,0,9.0,5.0,0.5,0.8,6.0
1735376400,2024-12-28 17:00,28.3,83.0,1,"{'text': 'Moderate or heavy rain shower', 'icon': '//cdn.weatherapi.com/weather/64x64/day/356.png', 'code': 1243}",1.1,1.8,345,NNW,1008.0,29.77,2.9,0.11,0.0,80,82,33.0,91.3,28.3,83.0,33.0,91.3,24.4,76.0,1,100,0,0,7.0,4.0,2.1,3.4,6.0
1735380000,2024-12-28 18:00,26.9,80.5,1,"{'text': 'Light rain', 'icon': '//cdn.weatherapi.com/weather/64x64/day/296.png', 'code': 1183}",1.1,1.8,308,NW,1009.0,29.79,2.47,0.1,0.0,86,81,30.9,87.6,26.9,80.5,30.9,87.6,24.3,75.8,1,100,0,0,9.0,5.0,1.7,2.7,6.0
1735383600,2024-12-28 19:00,24.4,76.0,1,"{'text': 'Moderate or heavy rain shower', 'icon': '//cdn.weatherapi.com/weather/64x64/day/356.png', 'code': 1243}",0.7,1.1,337,NNW,1010.0,29.82,2.75,0.11,0.0,89,86,26.8,80.3,24.4,76.0,26.8,80.3,22.5,72.5,1,100,0,0,7.0,4.0,1.4,2.3,5.0
1735387200,2024-12-28 20:00,23.3,74.0,0,"{'text': 'Patchy rain possible', 'icon': '//cdn.weatherapi.com/weather/64x64/night/176.png', 'code': 1063}",1.3,2.2,50,NE,1011.0,29.84,1.83,0.07,0.0,91,77,25.6,78.0,23.3,74.0,25.6,78.0,21.7,71.1,1,100,0,0,9.0,5.0,2.8,4.5,0.0
1735390800,2024-12-28 21:00,23.0,73.4,0,"{'text': 'Light rain shower', 'icon': '//cdn.weatherapi.com/weather/64x64/night/353.png', 'code': 1240}",2.2,3.6,60,ENE,1011.0,29.87,0.97,0.04,0.0,91,89,25.3,77.5,23.0,73.4,25.3,77.5,21.4,70.5,1,100,0,0,10.0,6.0,4.7,7.6,0.0
1735394400,2024-12-28 22:00,22.9,73.2,0,"{'text': 'Light drizzle', 'icon': '//cdn.weatherapi.com/weather/64x64/night/266.png', 'code': 1153}",2.5,4.0,63,ENE,1012.0,29.9,0.17,0.01,0.0,90,83,25.2,77.3,22.9,73.2,25.2,77.3,21.2,70.2,1,100,0,0,2.0,1.0,5.2,8.3,0.0
1735398000,2024-12-28 23:00,22.9,73.2,0,"{'text': 'Light rain shower', 'icon': '//cdn.weatherapi.com/weather/64x64/night/353.png', 'code': 1240}",2.9,4.7,66,ENE,1013.0,29.91,0.3,0.01,0.0,91,80,25.2,77.3,22.9,73.2,25.2,77.3,21.3,70.4,1,100,0,0,10.0,6.0,6.1,9.8,0.0
