time_epoch,time,temp_c,temp_f,is_day,condition,wind_mph,wind_kph,wind_degree,wind_dir,pressure_mb,pressure_in,precip_mm,precip_in,snow_cm,humidity,cloud,feelslike_c,feelslike_f,windchill_c,windchill_f,heatindex_c,heatindex_f,dewpoint_c,dewpoint_f,will_it_rain,chance_of_rain,will_it_snow,chance_of_snow,vis_km,vis_miles,gust_mph,gust_kph,uv
1735228800,2024-12-27 00:00,23.2,73.7,0,"{'text': 'Patchy rain possible', 'icon': '//cdn.weatherapi.com/weather/64x64/night/176.png', 'code': 1063}",1.8,2.9,32,NNE,1013.0,29.9,0.32,0.01,0.0,92,72,25.5,77.9,23.2,73.7,25.5,77.9,21.8,71.2,1,100,0,0,9.0,5.0,3.6,5.8,0.0
1735232400,2024-12-27 01:00,22.9,73.2,0,"{'text': 'Partly cloudy', 'icon': '//cdn.weatherapi.com/weather/64x64/night/116.png', 'code': 1003}",2.0,3.2,53,NE,1012.0,29.89,0.0,0.0,0.0,92,42,25.2,77.4,22.9,73.2,25.2,77.4,21.6,70.8,0,0,0,0,10.0,6.0,4.1,6.6,0.0
1735236000,2024-12-27 02:00,22.7,72.8,0,"{'text': 'Patchy rain possible', 'icon': '//cdn.weatherapi.com/weather/64x64/night/176.png', 'code': 1063}",2.2,3.6,64,ENE,1012.0,29.88,0.11,0.0,0.0,93,53,25.0,77.0,22.7,72.8,25.0,77.0,21.4,70.5,1,100,0,0,10.0,6.0,4.6,7.4,0.0
1735239600,2024-12-27 03:00,22.4,72.4,0,"{'text': 'Patchy rain possible', 'icon': '//cdn.weatherapi.com/weather/64x64/night/176.png', 'code': 1063}",2.2,3.6,79,E,1011.0,29.87,0.06,0.0,0.0,93,81,24.8,76.7,22.4,72.4,24.8,76.7,21.2,70.2,0,45,0,0,10.0,6.0,4.7,7.5,0.0
1735243200,2024-12-27 04:00,22.2,71.9,0,"{'text': 'Patchy rain possible', 'icon': '//cdn.weatherapi.com/weather/64x64/night/176.png', 'code': 1063}",2.0,3.2,90,E,1011.0,29.86,0.03,0.0,0.0,93,56,24.7,76.4,22.2,71.9,24.7,76.4,21.0,69.8,0,45,0,0,10.0,6.0,4.2,6.8,0.0
1735246800,2024-12-27 05:00,22.1,71.7,0,"{'text': 'Patchy rain possible', 'icon': '//cdn.weatherapi.com/weather/64x64/night/176.png', 'code': 1063}",2.0,3.2,87,E,1011.0,29.85,0.04,0.0,0.0,93,67,24.6,76.2,22.1,71.7,24.6,76.2,20.9,69.6,0,45,0,0,10.0,6.0,4.2,6.8,0.0
1735250400,2024-12-27 06:00,22.2,71.9,0,"{'text': 'Patchy rain possible', 'icon': '//cdn.weatherapi.com/weather/64x64/night/176.png', 'code': 1063}",1.3,2.2,85,E,1011.0,29.86,0.01,0.0,0.0,93,70,24.7,76.4,22.2,71.9,24.7,76.4,20.9,69.6,0,45,0,0,10.0,6.0,2.8,4.5,0.0
1735254000,2024-12-27 07:00,22.2,72.0,0,"{'text': 'Cloudy', 'icon': '//cdn.weatherapi.com/weather/64x64/night/119.png', 'code': 1006}",1.1,1.8,121,ESE,1012.0,29.88,0.0,0.0,0.0,93,74,24.7,76.4,22.2,72.0,24.7,76.4,21.0,69.8,0,45,0,0,10.0,6.0,2.3,3.6,0.0
1735257600,2024-12-27 08:00,23.1,73.7,1,"{'text': 'Cloudy', 'icon': '//cdn.weatherapi.com/weather/64x64/day/119.png', 'code': 1006}",1.1,1.8,79,E,1013.0,29.9,0.0,0.0,0.0,92,63,25.5,77.8,23.2,73.7,25.5,77.8,21.8,71.3,0,0,0,0,10.0,6.0,1.9,3.1,5.0
1735261200,2024-12-27 09:00,25.2,77.4,1,"{'text': 'Patchy rain possible', 'icon': '//cdn.weatherapi.com/weather/64x64/day/176.png', 'code': 1063}",0.7,1.1,85,E,1014.0,29.93,0.02,0.0,0.0,88,62,27.9,82.3,25.2,77.4,27.9,82.3,23.1,73.6,0,45,0,0,10.0,6.0,0.9,1.4,6.0
1735264800,2024-12-27 10:00,26.7,80.1,1,"{'text': 'Patchy rain possible', 'icon': '//cdn.weatherapi.com/weather/64x64/day/176.png', 'code': 1063}",0.7,1.1,189,S,1014.0,29.94,0.14,0.01,0.0,82,71,30.0,86.1,26.8,80.2,30.0,86.1,23.4,74.2,1,100,0,0,10.0,6.0,0.8,1.3,6.0
1735268400,2024-12-27 11:00,28.2,82.8,1,"{'text': 'Patchy rain possible', 'icon': '//cdn.weatherapi.com/weather/64x64/day/176.png', 'code': 1063}",2.2,3.6,223,SW,1014.0,29.93,0.19,0.01,0.0,75,73,32.1,89.7,28.2,82.8,32.1,89.7,23.4,74.2,1,100,0,0,9.0,5.0,2.6,4.2,6.0
1735272000,2024-12-27 12:00,29.4,84.9,1,"{'text': 'Patchy rain possible', 'icon': '//cdn.weatherapi.com/weather/64x64/day/176.png', 'code': 1063}",2.7,4.3,225,SW,1013.0,29.91,0.13,0.01,0.0,70,72,33.5,92.4,29.4,84.9,33.5,92.4,23.3,73.9,1,100,0,0,10.0,6.0,3.1,5.0,6.0
1735275600,2024-12-27 13:00,30.1,86.2,1,"{'text': 'Light rain shower', 'icon': '//cdn.weatherapi.com/weather/64x64/day/353.png', 'code': 1240}",3.4,5.4,227,SW,1012.0,29.88,0.26,0.01,0.0,65,58,34.3,93.7,30.1,86.2,34.3,93.7,22.8,73.1,1,100,0,0,10.0,6.0,4.2,6.7,7.0
1735279200,2024-12-27 14:00,30.2,86.4,1,"{'text': 'Light rain shower', 'icon': '//cdn.weatherapi.com/weather/64x64/day/353.png', 'code': 1240}",2.9,4.7,234,SW,1011.0,29.84,0.21,0.01,0.0,64,55,34.3,93.7,30.2,86.4,34.3,93.7,22.7,72.8,1,100,0,0,10.0,6.0,3.5,5.6,7.0
1735282800,2024-12-27 15:00,29.7,85.4,1,"{'text': 'Patchy light drizzle', 'icon': '//cdn.weatherapi.com/weather/64x64/day/263.png', 'code': 1150}",2.7,4.3,233,SW,1010.0,29.81,0.42,0.02,0.0,66,66,33.5,92.2,29.7,85.4,33.5,92.2,22.6,72.6,1,100,0,0,5.0,3.0,3.1,5.0,6.0
1735286400,2024-12-27 16:00,29.2,84.6,1,"{'text': 'Light rain shower', 'icon': '//cdn.weatherapi.com/weather/64x64/day/353.png', 'code': 1240}",1.8,2.9,215,SW,1009.0,29.79,0.77,0.03,0.0,70,66,33.2,91.7,29.2,84.6,33.2,91.7,23.1,73.5,1,100,0,0,10.0,6.0,2.2,3.5,6.0
1735290000,2024-12-27 17:00,28.1,82.6,1,"{'text': 'Light rain shower', 'icon': '//cdn.weatherapi.com/weather/64x64/day/353.png', 'code': 1240}",1.6,2.5,218,SW,1009.0,29.79,0.76,0.03,0.0,77,54,32.0,89.6,28.1,82.6,32.0,89.6,23.6,74.5,1,100,0,0,10.0,6.0,2.2,3.5,6.0
1735293600,2024-12-27 18:00,27.5,81.4,1,"{'text': 'Patchy rain possible', 'icon': '//cdn.weatherapi.com/weather/64x64/day/176.png', 'code': 1063}",1.3,2.2,216,SW,1009.0,29.8,0.27,0.01,0.0,82,78,31.5,88.6,27.5,81.4,31.5,88.6,24.1,75.5,1,100,0,0,9.0,5.0,1.8,3.0,6.0
1735297200,2024-12-27 19:00,25.4,77.6,1,"{'text': 'Patchy rain possible', 'icon': '//cdn.weatherapi.com/weather/64x64/day/176.png', 'code': 1063}",0.9,1.4,207,SSW,1010.0,29.83,0.13,0.01,0.0,87,50,28.1,82.5,25.4,77.6,28.1,82.5,23.0,73.3,1,100,0,0,10.0,6.0,1.6,2.6,6.0
1735300800,2024-12-27 20:00,24.4,75.9,0,"{'text': 'Partly cloudy', 'icon': '//cdn.weatherapi.com/weather/64x64/night/116.png', 'code': 1003}",0.2,0.4,76,ENE,1011.0,29.86,0.0,0.0,0.0,89,54,26.8,80.2,24.4,75.9,26.8,80.2,22.4,72.3,0,45,0,0,10.0,6.0,0.4,0.7,0.0
1735304400,2024-12-27 21:00,24.0,75.1,0,"{'text': 'Patchy rain possible', 'icon': '//cdn.weatherapi.com/weather/64x64/night/176.png', 'code': 1063}",1.1,1.8,80,E,1012.0,29.89,0.4,0.02,0.0,90,84,26.3,79.3,24.0,75.1,26.3,79.3,22.3,72.1,1,100,0,0,9.0,5.0,2.2,3.6,0.0
1735308000,2024-12-27 22:00,23.3,74.0,0,"{'text': 'Patchy rain possible', 'icon': '//cdn.weatherapi.com/weather/64x64/night/176.png', 'code': 1063}",1.6,2.5,72,ENE,1013.0,29.91,1.09,0.04,0.0,92,81,25.6,78.1,23.3,74.0,25.6,78.1,21.9,71.4,1,100,0,0,9.0,5.0,3.3,5.3,0.0
1735311600,2024-12-27 23:00,22.9,73.3,0,"{'text': 'Patchy rain possible', 'icon': '//cdn.weatherapi.com/weather/64x64/night/176.png', 'code': 1063}",1.8,2.9,68,ENE,1013.0,29.91,0.14,0.01,0.0,92,72,25.2,77.4,22.9,73.3,25.2,77.4,21.6,70.8,1,100,0,0,10.0,6.0,3.8,6.0,0.0
