time_epoch,time,temp_c,temp_f,is_day,condition,wind_mph,wind_kph,wind_degree,wind_dir,pressure_mb,pressure_in,precip_mm,precip_in,snow_cm,humidity,cloud,feelslike_c,feelslike_f,windchill_c,windchill_f,heatindex_c,heatindex_f,dewpoint_c,dewpoint_f,will_it_rain,chance_of_rain,will_it_snow,chance_of_snow,vis_km,vis_miles,gust_mph,gust_kph,uv
1735056000,2024-12-25 00:00,22.7,72.9,0,"{'text': 'Light drizzle', 'icon': '//cdn.weatherapi.com/weather/64x64/night/266.png', 'code': 1153}",1.6,2.5,21,NNE,1011.0,29.86,0.74,0.03,0.0,92,100,25.1,77.1,22.7,72.9,25.1,77.1,21.3,70.3,1,100,0,0,2.0,1.0,3.3,5.3,0.0
1735059600,2024-12-25 01:00,22.9,73.2,0,"{'text': 'Light rain shower', 'icon': '//cdn.weatherapi.com/weather/64x64/night/353.png', 'code': 1240}",0.9,1.4,34,NE,1011.0,29.86,0.64,0.03,0.0,92,53,25.2,77.3,22.9,73.2,25.2,77.3,21.4,70.6,1,100,0,0,10.0,6.0,1.9,3.0,0.0
1735063200,2024-12-25 02:00,22.9,73.3,0,"{'text': 'Patchy rain possible', 'icon': '//cdn.weatherapi.com/weather/64x64/night/176.png', 'code': 1063}",2.7,4.3,72,ENE,1010.0,29.84,0.06,0.0,0.0,92,82,25.3,77.5,22.9,73.3,25.3,77.5,21.6,70.9,0,45,0,0,10.0,6.0,5.3,8.5,0.0
1735066800,2024-12-25 03:00,22.8,73.1,0,"{'text': 'Patchy rain possible', 'icon': '//cdn.weatherapi.com/weather/64x64/night/176.png', 'code': 1063}",2.2,3.6,65,ENE,1010.0,29.82,0.03,0.0,0.0,93,98,25.2,77.3,22.8,73.1,25.2,77.3,21.6,70.8,0,45,0,0,10.0,6.0,4.3,6.9,0.0
1735070400,2024-12-25 04:00,22.6,72.7,0,"{'text': 'Patchy rain possible', 'icon': '//cdn.weatherapi.com/weather/64x64/night/176.png', 'code': 1063}",2.0,3.2,64,ENE,1009.0,29.8,0.01,0.0,0.0,93,76,25.0,77.0,22.6,72.7,25.0,77.0,21.4,70.5,0,45,0,0,10.0,6.0,3.9,6.3,0.0
1735074000,2024-12-25 05:00,22.4,72.3,0,"{'text': 'Partly cloudy', 'icon': '//cdn.weatherapi.com/weather/64x64/night/116.png', 'code': 1003}",2.0,3.2,64,ENE,1009.0,29.8,0.0,0.0,0.0,93,60,24.8,76.7,22.4,72.3,24.8,76.7,21.2,70.1,0,45,0,0,10.0,6.0,4.0,6.4,0.0
1735077600,2024-12-25 06:00,22.5,72.5,0,"{'text': 'Patchy rain possible', 'icon': '//cdn.weatherapi.com/weather/64x64/night/176.png', 'code': 1063}",1.3,2.2,60,ENE,1009.0,29.81,0.01,0.0,0.0,93,69,24.9,76.8,22.5,72.5,24.9,76.8,21.3,70.3,0,45,0,0,10.0,6.0,2.6,4.1,0.0
1735081200,2024-12-25 07:00,22.4,72.4,0,"{'text': 'Partly cloudy', 'icon': '//cdn.weatherapi.com/weather/64x64/night/116.png', 'code': 1003}",1.8,2.9,61,ENE,1010.0,29.82,0.0,0.0,0.0,93,61,24.8,76.7,22.4,72.4,24.8,76.7,21.3,70.3,0,0,0,0,10.0,6.0,3.4,5.5,0.0
1735084800,2024-12-25 08:00,23.4,74.2,1,"{'text': 'Cloudy', 'icon': '//cdn.weatherapi.com/weather/64x64/day/119.png', 'code': 1006}",1.8,2.9,89,E,1011.0,29.85,0.0,0.0,0.0,92,75,25.8,78.4,23.4,74.2,25.8,78.4,22.0,71.7,0,45,0,0,10.0,6.0,3.0,4.8,5.0
1735088400,2024-12-25 09:00,25.4,77.7,1,"{'text': 'Partly cloudy', 'icon': '//cdn.weatherapi.com/weather/64x64/day/116.png', 'code': 1003}",1.3,2.2,97,E,1011.0,29.86,0.0,0.0,0.0,87,57,28.1,82.5,25.4,77.6,28.1,82.5,23.0,73.4,0,45,0,0,10.0,6.0,1.6,2.6,7.0
1735092000,2024-12-25 10:00,27.1,80.7,1,"{'text': 'Patchy light drizzle', 'icon': '//cdn.weatherapi.com/weather/64x64/day/263.png', 'code': 1150}",1.6,2.5,131,SE,1012.0,29.88,0.45,0.02,0.0,79,61,30.3,86.6,27.1,80.7,30.3,86.6,23.2,73.7,1,100,0,0,5.0,3.0,1.8,2.9,6.0
1735095600,2024-12-25 11:00,28.1,82.6,1,"{'text': 'Light rain shower', 'icon': '//cdn.weatherapi.com/weather/64x64/day/353.png', 'code': 1240}",2.0,3.2,176,S,1011.0,29.86,0.59,0.02,0.0,75,56,31.8,89.3,28.1,82.6,31.8,89.3,23.2,73.8,1,100,0,0,10.0,6.0,2.5,4.0,6.0
1735099200,2024-12-25 12:00,28.7,83.6,1,"{'text': 'Patchy light drizzle', 'icon': '//cdn.weatherapi.com/weather/64x64/day/263.png', 'code': 1150}",3.6,5.8,209,SSW,1010.0,29.84,0.61,0.02,0.0,73,80,32.6,90.7,28.7,83.6,32.6,90.7,23.3,74.0,1,100,0,0,5.0,3.0,4.1,6.6,6.0
1735102800,2024-12-25 13:00,28.8,83.9,1,"{'text': 'Light rain shower', 'icon': '//cdn.weatherapi.com/weather/64x64/day/353.png', 'code': 1240}",3.8,6.1,221,SW,1010.0,29.82,0.93,0.04,0.0,74,64,33.0,91.5,28.8,83.9,33.0,91.5,23.6,74.6,1,100,0,0,10.0,6.0,5.8,9.3,6.0
1735106400,2024-12-25 14:00,28.5,83.3,1,"{'text': 'Light rain', 'icon': '//cdn.weatherapi.com/weather/64x64/day/296.png', 'code': 1183}",3.8,6.1,222,SW,1009.0,29.8,1.43,0.06,0.0,77,94,33.0,91.3,28.5,83.4,33.0,91.3,24.1,75.3,1,100,0,0,9.0,5.0,4.4,7.1,6.0
1735110000,2024-12-25 15:00,27.8,82.0,1,"{'text': 'Light rain shower', 'icon': '//cdn.weatherapi.com/weather/64x64/day/353.png', 'code': 1240}",3.4,5.4,233,SW,1008.0,29.78,2.22,0.09,0.0,81,81,31.9,89.5,27.8,82.0,31.9,89.5,24.2,75.5,1,100,0,0,10.0,6.0,4.9,7.8,6.0
1735113600,2024-12-25 16:00,27.1,80.8,1,"{'text': 'Moderate rain at times', 'icon': '//cdn.weatherapi.com/weather/64x64/day/299.png', 'code': 1186}",2.9,4.7,255,WSW,1008.0,29.76,2.69,0.11,0.0,84,75,31.0,87.8,27.1,80.8,31.0,87.8,24.2,75.5,1,100,0,0,8.0,4.0,3.7,6.0,6.0
1735117200,2024-12-25 17:00,26.8,80.3,1,"{'text': 'Moderate or heavy rain shower', 'icon': '//cdn.weatherapi.com/weather/64x64/day/356.png', 'code': 1243}",2.0,3.2,285,WNW,1008.0,29.76,2.76,0.11,0.0,85,73,30.6,87.2,26.9,80.3,30.6,87.2,24.2,75.5,1,100,0,0,7.0,4.0,4.0,6.4,6.0
1735120800,2024-12-25 18:00,25.9,78.6,1,"{'text': 'Light rain shower', 'icon': '//cdn.weatherapi.com/weather/64x64/day/353.png', 'code': 1240}",2.0,3.2,317,NW,1008.0,29.77,2.43,0.1,0.0,89,88,29.3,84.7,25.9,78.6,29.3,84.7,24.0,75.2,1,100,0,0,10.0,6.0,2.8,4.5,6.0
1735124400,2024-12-25 19:00,24.1,75.4,1,"{'text': 'Light rain shower', 'icon': '//cdn.weatherapi.com/weather/64x64/day/353.png', 'code': 1240}",2.2,3.6,351,N,1009.0,29.8,2.16,0.08,0.0,92,93,26.6,79.8,24.1,75.4,26.6,79.8,22.8,73.0,1,100,0,0,10.0,6.0,4.8,7.7,5.0
1735128000,2024-12-25 20:00,23.4,74.2,0,"{'text': 'Light rain shower', 'icon': '//cdn.weatherapi.com/weather/64x64/night/353.png', 'code': 1240}",2.5,4.0,26,NNE,1010.0,29.82,1.81,0.07,0.0,93,81,25.8,78.5,23.5,74.2,25.8,78.5,22.3,72.2,1,100,0,0,10.0,6.0,4.6,7.5,0.0
1735131600,2024-12-25 21:00,23.4,74.2,0,"{'text': 'Light rain shower', 'icon': '//cdn.weatherapi.com/weather/64x64/night/353.png', 'code': 1240}",2.7,4.3,42,NE,1011.0,29.85,0.78,0.03,0.0,93,60,25.8,78.5,23.4,74.2,25.8,78.5,22.3,72.1,1,100,0,0,10.0,6.0,5.1,8.2,0.0
1735135200,2024-12-25 22:00,23.3,74.0,0,"{'text': 'Light rain shower', 'icon': '//cdn.weatherapi.com/weather/64x64/night/353.png', 'code': 1240}",2.2,3.6,47,NE,1012.0,29.88,0.21,0.01,0.0,93,100,25.7,78.2,23.4,74.0,25.7,78.2,22.2,71.9,1,100,0,0,10.0,6.0,4.3,6.9,0.0
1735138800,2024-12-25 23:00,23.2,73.7,0,"{'text': 'Patchy rain possible', 'icon': '//cdn.weatherapi.com/weather/64x64/night/176.png', 'code': 1063}",2.2,3.6,47,NE,1012.0,29.89,0.09,0.0,0.0,93,51,25.5,77.9,23.2,73.7,25.5,77.9,22.0,71.5,1,100,0,0,10.0,6.0,4.4,7.1,0.0
