time_epoch,time,temp_c,temp_f,is_day,condition,wind_mph,wind_kph,wind_degree,wind_dir,pressure_mb,pressure_in,precip_mm,precip_in,snow_cm,humidity,cloud,feelslike_c,feelslike_f,windchill_c,windchill_f,heatindex_c,heatindex_f,dewpoint_c,dewpoint_f,will_it_rain,chance_of_rain,will_it_snow,chance_of_snow,vis_km,vis_miles,gust_mph,gust_kph,uv
1735142400,2024-12-26 00:00,23.0,73.3,0,"{'text': 'Light rain shower', 'icon': '//cdn.weatherapi.com/weather/64x64/night/353.png', 'code': 1240}",2.2,3.6,42,NE,1012.0,29.88,0.6,0.02,0.0,94,66,25.3,77.6,23.0,73.3,25.3,77.6,21.9,71.4,1,100,0,0,10.0,6.0,4.4,7.1,0.0
1735146000,2024-12-26 01:00,22.8,73.0,0,"{'text': 'Light rain shower', 'icon': '//cdn.weatherapi.com/weather/64x64/night/353.png', 'code': 1240}",2.0,3.2,48,NE,1012.0,29.87,0.5,0.02,0.0,94,76,25.2,77.3,22.8,73.0,25.2,77.3,21.7,71.1,1,100,0,0,10.0,6.0,4.0,6.4,0.0
1735149600,2024-12-26 02:00,22.7,72.9,0,"{'text': 'Light rain shower', 'icon': '//cdn.weatherapi.com/weather/64x64/night/353.png', 'code': 1240}",2.0,3.2,39,NE,1011.0,29.87,0.48,0.02,0.0,93,92,25.1,77.2,22.7,72.9,25.1,77.2,21.6,70.9,1,100,0,0,10.0,6.0,4.0,6.4,0.0
1735153200,2024-12-26 03:00,22.6,72.7,0,"{'text': 'Light rain shower', 'icon': '//cdn.weatherapi.com/weather/64x64/night/353.png', 'code': 1240}",2.5,4.0,50,NE,1011.0,29.86,0.61,0.02,0.0,94,95,25.0,77.0,22.6,72.7,25.0,77.0,21.6,70.9,1,100,0,0,10.0,6.0,4.7,7.6,0.0
1735156800,2024-12-26 04:00,22.5,72.6,0,"{'text': 'Light drizzle', 'icon': '//cdn.weatherapi.com/weather/64x64/night/266.png', 'code': 1153}",2.2,3.6,50,NE,1011.0,29.85,0.56,0.02,0.0,94,85,25.0,76.9,22.5,72.6,25.0,76.9,21.6,70.8,1,100,0,0,2.0,1.0,4.2,6.7,0.0
1735160400,2024-12-26 05:00,22.5,72.5,0,"{'text': 'Light rain shower', 'icon': '//cdn.weatherapi.com/weather/64x64/night/353.png', 'code': 1240}",1.6,2.5,47,NE,1011.0,29.85,0.56,0.02,0.0,94,84,24.9,76.9,22.5,72.5,24.9,76.9,21.6,70.8,1,100,0,0,10.0,6.0,2.8,4.5,0.0
1735164000,2024-12-26 06:00,22.3,72.1,0,"{'text': 'Light drizzle', 'icon': '//cdn.weatherapi.com/weather/64x64/night/266.png', 'code': 1153}",1.3,2.2,63,ENE,1011.0,29.86,0.39,0.02,0.0,95,76,24.7,76.5,22.3,72.1,24.7,76.5,21.4,70.5,1,100,0,0,2.0,1.0,2.4,3.9,0.0
1735167600,2024-12-26 07:00,22.1,71.8,0,"{'text': 'Light rain shower', 'icon': '//cdn.weatherapi.com/weather/64x64/night/353.png', 'code': 1240}",1.8,2.9,81,E,1012.0,29.87,0.51,0.02,0.0,95,56,24.6,76.4,22.1,71.8,24.6,76.4,21.3,70.3,1,100,0,0,10.0,6.0,3.3,5.3,0.0
1735171200,2024-12-26 08:00,22.7,72.9,1,"{'text': 'Mist', 'icon': '//cdn.weatherapi.com/weather/64x64/day/143.png', 'code': 1030}",2.2,3.6,86,E,1012.0,29.89,0.1,0.0,0.0,94,77,25.1,77.2,22.7,72.9,25.1,77.2,21.8,71.2,1,100,0,0,2.0,1.0,3.8,6.1,5.0
1735174800,2024-12-26 09:00,23.8,74.8,1,"{'text': 'Patchy rain possible', 'icon': '//cdn.weatherapi.com/weather/64x64/day/176.png', 'code': 1063}",2.2,3.6,84,E,1013.0,29.92,0.02,0.0,0.0,93,79,26.2,79.1,23.8,74.8,26.2,79.1,22.5,72.6,0,45,0,0,10.0,6.0,3.3,5.3,5.0
1735178400,2024-12-26 10:00,24.5,76.2,1,"{'text': 'Patchy rain possible', 'icon': '//cdn.weatherapi.com/weather/64x64/day/176.png', 'code': 1063}",2.2,3.6,71,ENE,1014.0,29.94,0.01,0.0,0.0,90,90,27.0,80.7,24.5,76.2,27.0,80.7,22.8,73.0,0,45,0,0,10.0,6.0,3.1,4.9,5.0
1735182000,2024-12-26 11:00,26.5,79.8,1,"{'text': 'Patchy rain possible', 'icon': '//cdn.weatherapi.com/weather/64x64/day/176.png', 'code': 1063}",1.8,2.9,80,E,1014.0,29.93,0.2,0.01,0.0,81,89,29.5,85.1,26.5,79.8,29.5,85.1,23.0,73.4,1,100,0,0,9.0,5.0,2.1,3.3,6.0
1735185600,2024-12-26 12:00,28.4,83.1,1,"{'text': 'Patchy rain possible', 'icon': '//cdn.weatherapi.com/weather/64x64/day/176.png', 'code': 1063}",1.1,1.8,102,ESE,1013.0,29.91,0.17,0.01,0.0,73,84,32.1,89.8,28.4,83.1,32.1,89.8,23.1,73.6,1,100,0,0,9.0,5.0,1.3,2.1,6.0
1735189200,2024-12-26 13:00,29.6,85.3,1,"{'text': 'Patchy rain possible', 'icon': '//cdn.weatherapi.com/weather/64x64/day/176.png', 'code': 1063}",0.9,1.4,202,SSW,1012.0,29.88,0.51,0.02,0.0,68,83,33.7,92.7,29.6,85.3,33.7,92.7,23.0,73.5,1,100,0,0,9.0,5.0,1.1,1.8,6.0
1735192800,2024-12-26 14:00,29.3,84.7,1,"{'text': 'Patchy light rain', 'icon': '//cdn.weatherapi.com/weather/64x64/day/293.png', 'code': 1180}",2.9,4.7,248,WSW,1011.0,29.85,0.82,0.03,0.0,70,57,33.5,92.2,29.3,84.7,33.5,92.2,23.3,73.9,1,100,0,0,9.0,5.0,3.4,5.4,6.0
1735196400,2024-12-26 15:00,28.2,82.8,1,"{'text': 'Light rain shower', 'icon': '//cdn.weatherapi.com/weather/64x64/day/353.png', 'code': 1240}",4.3,6.8,259,W,1010.0,29.83,0.95,0.04,0.0,76,70,32.3,90.1,28.2,82.8,32.3,90.1,23.7,74.6,1,100,0,0,10.0,6.0,5.4,8.7,6.0
1735200000,2024-12-26 16:00,27.7,81.8,1,"{'text': 'Patchy light rain', 'icon': '//cdn.weatherapi.com/weather/64x64/day/293.png', 'code': 1180}",3.6,5.8,260,W,1009.0,29.81,1.23,0.05,0.0,80,71,31.6,88.9,27.7,81.8,31.6,88.9,23.9,75.0,1,100,0,0,9.0,5.0,4.4,7.1,6.0
1735203600,2024-12-26 17:00,27.5,81.5,1,"{'text': 'Light rain shower', 'icon': '//cdn.weatherapi.com/weather/64x64/day/353.png', 'code': 1240}",3.1,5.0,254,WSW,1009.0,29.8,0.37,0.01,0.0,81,80,31.4,88.6,27.5,81.5,31.4,88.6,24.0,75.1,1,100,0,0,10.0,6.0,5.1,8.1,6.0
1735207200,2024-12-26 18:00,26.7,80.0,1,"{'text': 'Light rain shower', 'icon': '//cdn.weatherapi.com/weather/64x64/day/353.png', 'code': 1240}",1.8,2.9,239,WSW,1009.0,29.81,1.02,0.04,0.0,86,72,30.4,86.7,26.7,80.0,30.4,86.7,24.2,75.5,1,100,0,0,10.0,6.0,2.6,4.1,6.0
1735210800,2024-12-26 19:00,24.3,75.8,1,"{'text': 'Light rain shower', 'icon': '//cdn.weatherapi.com/weather/64x64/day/353.png', 'code': 1240}",1.6,2.5,228,SW,1010.0,29.84,1.22,0.05,0.0,91,56,26.8,80.2,24.3,75.8,26.8,80.2,22.7,72.9,1,100,0,0,10.0,6.0,2.9,4.7,5.0
1735214400,2024-12-26 20:00,23.5,74.2,0,"{'text': 'Light rain shower', 'icon': '//cdn.weatherapi.com/weather/64x64/night/353.png', 'code': 1240}",0.4,0.7,203,SSW,1011.0,29.86,0.97,0.04,0.0,93,53,25.8,78.4,23.5,74.2,25.8,78.4,22.2,72.0,1,100,0,0,10.0,6.0,0.9,1.4,0.0
1735218000,2024-12-26 21:00,23.3,74.0,0,"{'text': 'Light rain shower', 'icon': '//cdn.weatherapi.com/weather/64x64/night/353.png', 'code': 1240}",0.9,1.4,109,ESE,1012.0,29.89,0.92,0.04,0.0,93,51,25.7,78.2,23.3,74.0,25.7,78.2,22.2,71.9,1,100,0,0,10.0,6.0,1.8,2.8,0.0
1735221600,2024-12-26 22:00,23.2,73.7,0,"{'text': 'Light rain shower', 'icon': '//cdn.weatherapi.com/weather/64x64/night/353.png', 'code': 1240}",1.8,2.9,104,ESE,1013.0,29.91,1.26,0.05,0.0,93,72,25.5,78.0,23.2,73.7,25.5,78.0,22.1,71.7,1,100,0,0,10.0,6.0,3.6,5.7,0.0
1735225200,2024-12-26 23:00,22.9,73.2,0,"{'text': 'Light rain shower', 'icon': '//cdn.weatherapi.com/weather/64x64/night/353.png', 'code': 1240}",2.0,3.2,98,E,1013.0,29.92,1.31,0.05,0.0,94,76,25.3,77.5,22.9,73.2,25.3,77.5,21.9,71.4,1,100,0,0,10.0,6.0,4.1,6.6,0.0
