time_epoch,time,temp_c,temp_f,is_day,condition,wind_mph,wind_kph,wind_degree,wind_dir,pressure_mb,pressure_in,precip_mm,precip_in,snow_cm,humidity,cloud,feelslike_c,feelslike_f,windchill_c,windchill_f,heatindex_c,heatindex_f,dewpoint_c,dewpoint_f,will_it_rain,chance_of_rain,will_it_snow,chance_of_snow,vis_km,vis_miles,gust_mph,gust_kph,uv
1735228800,2024-12-27 00:00,24.9,76.8,0,"{'text': 'Partly cloudy', 'icon': '//cdn.weatherapi.com/weather/64x64/night/116.png', 'code': 1003}",5.6,9.0,7,N,1012.0,29.89,0.0,0.0,0.0,87,42,27.4,81.3,24.9,76.8,27.4,81.3,22.5,72.6,0,0,0,0,10.0,6.0,9.6,15.4,0.0
1735232400,2024-12-27 01:00,24.7,76.5,0,"{'text': 'Partly cloudy', 'icon': '//cdn.weatherapi.com/weather/64x64/night/116.png', 'code': 1003}",5.1,8.3,3,N,1012.0,29.89,0.0,0.0,0.0,88,44,27.2,81.0,24.8,76.6,27.2,81.0,22.6,72.6,0,0,0,0,10.0,6.0,8.8,14.2,0.0
1735236000,2024-12-27 02:00,24.5,76.2,0,"{'text': 'Partly cloudy', 'icon': '//cdn.weatherapi.com/weather/64x64/night/116.png', 'code': 1003}",4.7,7.6,352,N,1012.0,29.87,0.0,0.0,0.0,89,39,27.0,80.5,24.5,76.2,27.0,80.5,22.5,72.6,0,0,0,0,10.0,6.0,8.0,12.9,0.0
1735239600,2024-12-27 03:00,24.3,75.8,0,"{'text': 'Clear', 'icon': '//cdn.weatherapi.com/weather/64x64/night/113.png', 'code': 1000}",4.5,7.2,354,N,1011.0,29.85,0.0,0.0,0.0,90,18,26.7,80.1,24.3,75.8,26.7,80.1,22.5,72.6,0,0,0,0,10.0,6.0,7.6,12.3,0.0
1735243200,2024-12-27 04:00,24.0,75.3,0,"{'text': 'Partly cloudy', 'icon': '//cdn.weatherapi.com/weather/64x64/night/116.png', 'code': 1003}",3.6,5.8,339,NNW,1011.0,29.84,0.0,0.0,0.0,91,30,26.4,79.6,24.0,75.3,26.4,79.6,22.5,72.4,0,0,0,0,10.0,6.0,6.2,9.9,0.0
1735246800,2024-12-27 05:00,24.0,75.2,0,"{'text': 'Partly cloudy', 'icon': '//cdn.weatherapi.com/weather/64x64/night/116.png', 'code': 1003}",2.9,4.7,336,NNW,1010.0,29.84,0.0,0.0,0.0,91,33,26.4,79.5,24.0,75.3,26.4,79.5,22.5,72.4,0,45,0,0,10.0,6.0,4.9,7.9,0.0
1735250400,2024-12-27 06:00,23.9,75.1,0,"{'text': 'Partly cloudy', 'icon': '//cdn.weatherapi.com/weather/64x64/night/116.png', 'code': 1003}",2.9,4.7,329,NNW,1011.0,29.85,0.0,0.0,0.0,91,27,26.3,79.4,23.9,75.1,26.3,79.4,22.4,72.4,0,45,0,0,10.0,6.0,4.9,7.9,0.0
1735254000,2024-12-27 07:00,23.8,74.9,0,"{'text': 'Partly cloudy', 'icon': '//cdn.weatherapi.com/weather/64x64/night/116.png', 'code': 1003}",3.1,5.0,302,WNW,1012.0,29.87,0.0,0.0,0.0,92,28,26.2,79.1,23.8,74.9,26.2,79.1,22.4,72.3,0,45,0,0,10.0,6.0,5.3,8.6,0.0
1735257600,2024-12-27 08:00,24.2,75.6,1,"{'text': 'Partly cloudy', 'icon': '//cdn.weatherapi.com/weather/64x64/day/116.png', 'code': 1003}",3.1,5.0,297,WNW,1012.0,29.89,0.0,0.0,0.0,90,26,26.7,80.0,24.2,75.6,26.7,80.0,22.6,72.6,0,0,0,0,10.0,6.0,4.9,8.0,6.0
1735261200,2024-12-27 09:00,25.3,77.6,1,"{'text': 'Partly cloudy', 'icon': '//cdn.weatherapi.com/weather/64x64/day/116.png', 'code': 1003}",2.7,4.3,286,WNW,1013.0,29.91,0.0,0.0,0.0,86,30,27.9,82.3,25.3,77.6,27.9,82.3,22.8,73.0,0,0,0,0,10.0,6.0,3.6,5.9,7.0
1735264800,2024-12-27 10:00,26.5,79.8,1,"{'text': 'Partly cloudy', 'icon': '//cdn.weatherapi.com/weather/64x64/day/116.png', 'code': 1003}",2.2,3.6,284,WNW,1014.0,29.93,0.0,0.0,0.0,80,33,29.4,85.0,26.6,79.8,29.4,85.0,22.8,73.0,0,0,0,0,10.0,6.0,2.8,4.4,7.0
1735268400,2024-12-27 11:00,27.6,81.7,1,"{'text': 'Sunny', 'icon': '//cdn.weatherapi.com/weather/64x64/day/113.png', 'code': 1000}",1.6,2.5,294,WNW,1013.0,29.93,0.0,0.0,0.0,74,25,30.7,87.3,27.6,81.7,30.7,87.3,22.7,72.8,0,0,0,0,10.0,6.0,1.8,2.9,7.0
1735272000,2024-12-27 12:00,28.7,83.7,1,"{'text': 'Patchy rain possible', 'icon': '//cdn.weatherapi.com/weather/64x64/day/176.png', 'code': 1063}",1.1,1.8,57,ENE,1013.0,29.9,0.01,0.0,0.0,70,87,32.2,89.9,28.7,83.7,32.2,89.9,22.6,72.7,0,45,0,0,10.0,6.0,1.3,2.1,6.0
1735275600,2024-12-27 13:00,28.1,82.5,1,"{'text': 'Patchy rain possible', 'icon': '//cdn.weatherapi.com/weather/64x64/day/176.png', 'code': 1063}",3.1,5.0,82,E,1012.0,29.88,0.09,0.0,0.0,72,84,31.3,88.3,28.1,82.5,31.3,88.3,22.5,72.5,0,45,0,0,10.0,6.0,4.0,6.4,6.0
1735279200,2024-12-27 14:00,27.9,82.3,1,"{'text': 'Patchy rain possible', 'icon': '//cdn.weatherapi.com/weather/64x64/day/176.png', 'code': 1063}",4.9,7.9,85,E,1011.0,29.86,0.07,0.0,0.0,73,86,31.2,88.1,27.9,82.3,31.2,88.1,22.6,72.7,0,45,0,0,10.0,6.0,6.3,10.2,6.0
1735282800,2024-12-27 15:00,28.0,82.4,1,"{'text': 'Patchy rain possible', 'icon': '//cdn.weatherapi.com/weather/64x64/day/176.png', 'code': 1063}",4.5,7.2,80,E,1010.0,29.82,0.02,0.0,0.0,73,75,31.3,88.4,28.0,82.5,31.3,88.4,22.7,72.9,0,45,0,0,10.0,6.0,5.7,9.1,6.0
1735286400,2024-12-27 16:00,28.4,83.1,1,"{'text': 'Patchy rain possible', 'icon': '//cdn.weatherapi.com/weather/64x64/day/176.png', 'code': 1063}",5.1,8.3,78,ENE,1009.0,29.8,0.06,0.0,0.0,72,83,31.8,89.2,28.4,83.0,31.8,89.2,22.8,73.0,0,45,0,0,10.0,6.0,6.4,10.3,6.0
1735290000,2024-12-27 17:00,28.0,82.5,1,"{'text': 'Patchy rain possible', 'icon': '//cdn.weatherapi.com/weather/64x64/day/176.png', 'code': 1063}",6.0,9.7,70,ENE,1009.0,29.79,0.02,0.0,0.0,73,81,31.4,88.6,28.0,82.5,31.4,88.6,22.9,73.1,0,45,0,0,10.0,6.0,7.9,12.6,6.0
1735293600,2024-12-27 18:00,27.0,80.6,1,"{'text': 'Patchy rain possible', 'icon': '//cdn.weatherapi.com/weather/64x64/day/176.png', 'code': 1063}",6.9,11.2,71,ENE,1009.0,29.81,0.1,0.0,0.0,80,84,30.3,86.5,27.0,80.6,30.3,86.5,23.3,73.9,1,100,0,0,10.0,6.0,9.7,15.6,6.0
1735297200,2024-12-27 19:00,25.8,78.4,1,"{'text': 'Patchy rain possible', 'icon': '//cdn.weatherapi.com/weather/64x64/day/176.png', 'code': 1063}",5.8,9.4,61,ENE,1011.0,29.84,0.05,0.0,0.0,85,75,28.7,83.6,25.8,78.4,28.7,83.6,23.1,73.6,0,45,0,0,10.0,6.0,9.4,15.0,6.0
1735300800,2024-12-27 20:00,25.4,77.7,0,"{'text': 'Patchy rain possible', 'icon': '//cdn.weatherapi.com/weather/64x64/night/176.png', 'code': 1063}",4.3,6.8,37,NE,1011.0,29.86,0.01,0.0,0.0,86,74,28.1,82.6,25.4,77.8,28.1,82.6,22.9,73.2,0,45,0,0,10.0,6.0,7.2,11.6,0.0
1735304400,2024-12-27 21:00,25.3,77.6,0,"{'text': 'Partly cloudy', 'icon': '//cdn.weatherapi.com/weather/64x64/night/116.png', 'code': 1003}",4.5,7.2,47,NE,1012.0,29.9,0.0,0.0,0.0,86,31,27.9,82.3,25.3,77.6,27.9,82.3,22.8,73.0,0,0,0,0,10.0,6.0,7.6,12.2,0.0
1735308000,2024-12-27 22:00,25.2,77.4,0,"{'text': 'Partly cloudy', 'icon': '//cdn.weatherapi.com/weather/64x64/night/116.png', 'code': 1003}",4.5,7.2,37,NE,1013.0,29.92,0.0,0.0,0.0,86,34,27.8,82.0,25.2,77.4,27.8,82.0,22.7,72.8,0,0,0,0,10.0,6.0,7.6,12.2,0.0
1735311600,2024-12-27 23:00,25.0,77.0,0,"{'text': 'Partly cloudy', 'icon': '//cdn.weatherapi.com/weather/64x64/night/116.png', 'code': 1003}",4.7,7.6,34,NE,1013.0,29.92,0.0,0.0,0.0,86,34,27.5,81.5,25.0,77.0,27.5,81.5,22.5,72.5,0,0,0,0,10.0,6.0,8.1,13.0,0.0
