time_epoch,time,temp_c,temp_f,is_day,condition,wind_mph,wind_kph,wind_degree,wind_dir,pressure_mb,pressure_in,precip_mm,precip_in,snow_cm,humidity,cloud,feelslike_c,feelslike_f,windchill_c,windchill_f,heatindex_c,heatindex_f,dewpoint_c,dewpoint_f,will_it_rain,chance_of_rain,will_it_snow,chance_of_snow,vis_km,vis_miles,gust_mph,gust_kph,uv
1735488000,2024-12-30 00:00,24.1,75.5,0,"{'text': 'Patchy light drizzle', 'icon': '//cdn.weatherapi.com/weather/64x64/night/263.png', 'code': 1150}",7.6,12.2,5,N,1013.0,29.9,0.28,0.01,0.0,93,69,26.7,80.0,24.2,75.5,26.7,80.0,22.9,73.2,1,100,0,0,5.0,3.0,12.3,19.8,0.0
1735491600,2024-12-30 01:00,23.9,75.0,0,"{'text': 'Light rain shower', 'icon': '//cdn.weatherapi.com/weather/64x64/night/353.png', 'code': 1240}",6.7,10.8,3,N,1012.0,29.9,0.59,0.02,0.0,94,70,26.4,79.5,23.9,75.0,26.4,79.5,22.8,73.1,1,100,0,0,10.0,6.0,10.8,17.4,0.0
1735495200,2024-12-30 02:00,23.7,74.6,0,"{'text': 'Light rain shower', 'icon': '//cdn.weatherapi.com/weather/64x64/night/353.png', 'code': 1240}",6.7,10.8,0,N,1012.0,29.88,0.49,0.02,0.0,95,76,26.1,79.1,23.7,74.6,26.1,79.1,22.8,73.0,1,100,0,0,10.0,6.0,10.7,17.3,0.0
1735498800,2024-12-30 03:00,23.6,74.4,0,"{'text': 'Light rain shower', 'icon': '//cdn.weatherapi.com/weather/64x64/night/353.png', 'code': 1240}",6.7,10.8,1,N,1011.0,29.87,0.81,0.03,0.0,95,76,26.1,78.9,23.6,74.4,26.1,78.9,22.7,72.9,1,100,0,0,10.0,6.0,10.6,17.1,0.0
1735502400,2024-12-30 04:00,23.6,74.5,0,"{'text': 'Light rain shower', 'icon': '//cdn.weatherapi.com/weather/64x64/night/353.png', 'code': 1240}",6.5,10.4,358,N,1011.0,29.86,0.36,0.01,0.0,95,75,26.1,78.9,23.6,74.5,26.1,78.9,22.7,72.9,1,100,0,0,10.0,6.0,10.1,16.2,0.0
1735506000,2024-12-30 05:00,23.8,74.8,0,"{'text': 'Light rain shower', 'icon': '//cdn.weatherapi.com/weather/64x64/night/353.png', 'code': 1240}",6.9,11.2,359,N,1011.0,29.85,0.37,0.01,0.0,94,74,26.2,79.2,23.8,74.8,26.2,79.2,22.8,73.0,1,100,0,0,10.0,6.0,10.6,17.1,0.0
1735509600,2024-12-30 06:00,23.7,74.7,0,"{'text': 'Light rain shower', 'icon': '//cdn.weatherapi.com/weather/64x64/night/353.png', 'code': 1240}",6.7,10.8,1,N,1011.0,29.86,0.22,0.01,0.0,94,83,26.2,79.2,23.7,74.7,26.2,79.2,22.7,72.9,1,100,0,0,10.0,6.0,10.6,17.1,0.0
1735513200,2024-12-30 07:00,23.7,74.7,0,"{'text': 'Light rain shower', 'icon': '//cdn.weatherapi.com/weather/64x64/night/353.png', 'code': 1240}",6.7,10.8,355,N,1012.0,29.88,0.37,0.01,0.0,94,83,26.2,79.1,23.7,74.7,26.2,79.1,22.7,72.9,1,100,0,0,10.0,6.0,11.3,18.2,0.0
1735516800,2024-12-30 08:00,24.1,75.4,1,"{'text': 'Light rain shower', 'icon': '//cdn.weatherapi.com/weather/64x64/day/353.png', 'code': 1240}",6.9,11.2,356,N,1012.0,29.9,0.2,0.01,0.0,94,83,26.7,80.0,24.1,75.4,26.7,80.0,23.0,73.4,1,100,0,0,10.0,6.0,11.1,17.9,5.0
1735520400,2024-12-30 09:00,25.0,77.0,1,"{'text': 'Light rain shower', 'icon': '//cdn.weatherapi.com/weather/64x64/day/353.png', 'code': 1240}",8.3,13.3,356,N,1014.0,29.93,0.87,0.03,0.0,91,88,27.9,82.1,25.0,77.0,27.9,82.1,23.5,74.2,1,100,0,0,10.0,6.0,11.5,18.5,6.0
1735524000,2024-12-30 10:00,25.8,78.5,1,"{'text': 'Light rain shower', 'icon': '//cdn.weatherapi.com/weather/64x64/day/353.png', 'code': 1240}",9.6,15.5,357,N,1014.0,29.94,0.69,0.03,0.0,88,74,29.1,84.3,25.8,78.5,29.1,84.3,23.8,74.8,1,100,0,0,10.0,6.0,13.8,22.2,6.0
1735527600,2024-12-30 11:00,26.4,79.5,1,"{'text': 'Light rain shower', 'icon': '//cdn.weatherapi.com/weather/64x64/day/353.png', 'code': 1240}",10.5,16.9,357,N,1014.0,29.93,0.31,0.01,0.0,86,72,29.8,85.6,26.4,79.5,29.8,85.6,23.8,74.8,1,100,0,0,10.0,6.0,16.1,25.9,6.0
1735531200,2024-12-30 12:00,27.2,80.9,1,"{'text': 'Light rain shower', 'icon': '//cdn.weatherapi.com/weather/64x64/day/353.png', 'code': 1240}",11.0,17.6,2,N,1013.0,29.91,0.23,0.01,0.0,80,74,30.6,87.2,27.2,80.9,30.6,87.2,23.5,74.3,1,100,0,0,10.0,6.0,17.0,27.3,6.0
1735534800,2024-12-30 13:00,28.1,82.5,1,"{'text': 'Light rain shower', 'icon': '//cdn.weatherapi.com/weather/64x64/day/353.png', 'code': 1240}",11.2,18.0,11,NNE,1012.0,29.88,0.2,0.01,0.0,75,62,31.7,89.1,28.1,82.5,31.7,89.1,23.3,73.9,1,100,0,0,10.0,6.0,17.8,28.6,6.0
1735538400,2024-12-30 14:00,28.4,83.2,1,"{'text': 'Patchy rain possible', 'icon': '//cdn.weatherapi.com/weather/64x64/day/176.png', 'code': 1063}",11.6,18.7,19,NNE,1011.0,29.85,0.09,0.0,0.0,73,50,32.1,89.9,28.4,83.2,32.1,89.9,23.1,73.6,0,45,0,0,10.0,6.0,16.9,27.2,6.0
1735542000,2024-12-30 15:00,28.5,83.4,1,"{'text': 'Patchy rain possible', 'icon': '//cdn.weatherapi.com/weather/64x64/day/176.png', 'code': 1063}",12.1,19.4,21,NNE,1010.0,29.82,0.13,0.01,0.0,72,72,32.2,90.0,28.5,83.4,32.2,90.0,23.0,73.5,1,100,0,0,10.0,6.0,14.9,24.0,6.0
1735545600,2024-12-30 16:00,28.5,83.2,1,"{'text': 'Patchy rain possible', 'icon': '//cdn.weatherapi.com/weather/64x64/day/176.png', 'code': 1063}",12.5,20.2,19,NNE,1009.0,29.79,0.06,0.0,0.0,72,74,32.0,89.5,28.5,83.2,32.0,89.5,22.8,73.1,0,45,0,0,10.0,6.0,15.8,25.4,6.0
1735549200,2024-12-30 17:00,28.1,82.5,1,"{'text': 'Partly cloudy', 'icon': '//cdn.weatherapi.com/weather/64x64/day/116.png', 'code': 1003}",12.1,19.4,19,NNE,1009.0,29.79,0.0,0.0,0.0,72,38,31.3,88.3,28.1,82.5,31.3,88.3,22.5,72.5,0,45,0,0,10.0,6.0,15.9,25.5,7.0
1735552800,2024-12-30 18:00,27.2,81.0,1,"{'text': 'Partly cloudy', 'icon': '//cdn.weatherapi.com/weather/64x64/day/116.png', 'code': 1003}",11.4,18.4,21,NNE,1009.0,29.81,0.0,0.0,0.0,76,33,30.3,86.5,27.3,81.1,30.3,86.5,22.7,72.9,0,45,0,0,10.0,6.0,16.1,26.0,7.0
1735556400,2024-12-30 19:00,26.0,78.8,1,"{'text': 'Partly cloudy', 'icon': '//cdn.weatherapi.com/weather/64x64/day/116.png', 'code': 1003}",9.8,15.8,20,NNE,1010.0,29.83,0.0,0.0,0.0,82,42,28.7,83.6,26.0,78.8,28.7,83.6,22.6,72.7,0,45,0,0,10.0,6.0,16.1,25.9,7.0
1735560000,2024-12-30 20:00,25.4,77.7,0,"{'text': 'Patchy rain possible', 'icon': '//cdn.weatherapi.com/weather/64x64/night/176.png', 'code': 1063}",8.7,14.0,15,NNE,1011.0,29.85,0.01,0.0,0.0,84,55,27.9,82.3,25.4,77.7,27.9,82.3,22.6,72.6,0,45,0,0,10.0,6.0,15.1,24.2,0.0
1735563600,2024-12-30 21:00,25.2,77.3,0,"{'text': 'Patchy rain possible', 'icon': '//cdn.weatherapi.com/weather/64x64/night/176.png', 'code': 1063}",8.3,13.3,6,N,1012.0,29.88,0.01,0.0,0.0,86,58,27.7,81.9,25.2,77.3,27.7,81.9,22.7,72.8,0,45,0,0,10.0,6.0,14.2,22.9,0.0
1735567200,2024-12-30 22:00,25.0,76.9,0,"{'text': 'Patchy rain possible', 'icon': '//cdn.weatherapi.com/weather/64x64/night/176.png', 'code': 1063}",7.4,11.9,1,N,1013.0,29.91,0.02,0.0,0.0,87,56,27.5,81.5,25.0,76.9,27.5,81.5,22.7,72.8,0,45,0,0,10.0,6.0,12.7,20.4,0.0
1735570800,2024-12-30 23:00,24.8,76.7,0,"{'text': 'Patchy rain possible', 'icon': '//cdn.weatherapi.com/weather/64x64/night/176.png', 'code': 1063}",6.3,10.1,348,NNW,1013.0,29.91,0.01,0.0,0.0,87,52,27.3,81.1,24.8,76.7,27.3,81.1,22.5,72.6,0,45,0,0,10.0,6.0,10.8,17.3,0.0
