time_epoch,time,temp_c,temp_f,is_day,condition,wind_mph,wind_kph,wind_degree,wind_dir,pressure_mb,pressure_in,precip_mm,precip_in,snow_cm,humidity,cloud,feelslike_c,feelslike_f,windchill_c,windchill_f,heatindex_c,heatindex_f,dewpoint_c,dewpoint_f,will_it_rain,chance_of_rain,will_it_snow,chance_of_snow,vis_km,vis_miles,gust_mph,gust_kph,uv
1735142400,2024-12-26 00:00,24.5,76.2,0,"{'text': 'Patchy light drizzle', 'icon': '//cdn.weatherapi.com/weather/64x64/night/263.png', 'code': 1150}",5.8,9.4,357,N,1012.0,29.89,0.32,0.01,0.0,88,83,26.9,80.4,24.5,76.2,26.9,80.4,22.4,72.2,1,100,0,0,5.0,3.0,9.8,15.8,0.0
1735146000,2024-12-26 01:00,24.5,76.0,0,"{'text': 'Patchy rain possible', 'icon': '//cdn.weatherapi.com/weather/64x64/night/176.png', 'code': 1063}",6.7,10.8,358,N,1012.0,29.88,0.22,0.01,0.0,88,86,26.8,80.3,24.5,76.0,26.8,80.3,22.4,72.3,1,100,0,0,9.0,5.0,11.2,18.0,0.0
1735149600,2024-12-26 02:00,24.4,76.0,0,"{'text': 'Cloudy', 'icon': '//cdn.weatherapi.com/weather/64x64/night/119.png', 'code': 1006}",6.9,11.2,356,N,1011.0,29.87,0.0,0.0,0.0,88,86,26.8,80.3,24.4,76.0,26.8,80.3,22.4,72.2,0,45,0,0,10.0,6.0,11.4,18.4,0.0
1735153200,2024-12-26 03:00,24.4,75.9,0,"{'text': 'Patchy rain possible', 'icon': '//cdn.weatherapi.com/weather/64x64/night/176.png', 'code': 1063}",6.9,11.2,349,N,1011.0,29.85,0.02,0.0,0.0,88,70,26.7,80.1,24.4,75.9,26.7,80.1,22.3,72.1,0,45,0,0,10.0,6.0,11.3,18.2,0.0
1735156800,2024-12-26 04:00,24.3,75.7,0,"{'text': 'Cloudy', 'icon': '//cdn.weatherapi.com/weather/64x64/night/119.png', 'code': 1006}",6.0,9.7,355,N,1010.0,29.84,0.0,0.0,0.0,88,80,26.6,79.9,24.3,75.7,26.6,79.9,22.2,72.0,0,0,0,0,10.0,6.0,9.8,15.7,0.0
1735160400,2024-12-26 05:00,24.1,75.4,0,"{'text': 'Cloudy', 'icon': '//cdn.weatherapi.com/weather/64x64/night/119.png', 'code': 1006}",6.0,9.7,346,NNW,1010.0,29.84,0.0,0.0,0.0,89,81,26.4,79.6,24.1,75.5,26.4,79.6,22.2,71.9,0,0,0,0,10.0,6.0,9.8,15.8,0.0
1735164000,2024-12-26 06:00,24.0,75.2,0,"{'text': 'Patchy rain possible', 'icon': '//cdn.weatherapi.com/weather/64x64/night/176.png', 'code': 1063}",5.4,8.6,348,NNW,1011.0,29.85,0.01,0.0,0.0,89,71,26.3,79.3,24.0,75.2,26.3,79.3,22.1,71.8,0,45,0,0,10.0,6.0,8.9,14.3,0.0
1735167600,2024-12-26 07:00,24.0,75.2,0,"{'text': 'Partly cloudy', 'icon': '//cdn.weatherapi.com/weather/64x64/night/116.png', 'code': 1003}",5.1,8.3,352,N,1011.0,29.87,0.0,0.0,0.0,89,34,26.3,79.3,24.0,75.2,26.3,79.3,22.1,71.8,0,45,0,0,10.0,6.0,8.5,13.7,0.0
1735171200,2024-12-26 08:00,24.4,76.0,1,"{'text': 'Patchy rain possible', 'icon': '//cdn.weatherapi.com/weather/64x64/day/176.png', 'code': 1063}",4.5,7.2,347,NNW,1012.0,29.89,0.02,0.0,0.0,88,70,26.8,80.2,24.4,76.0,26.8,80.2,22.3,72.1,0,45,0,0,10.0,6.0,6.9,11.1,5.0
1735174800,2024-12-26 09:00,25.6,78.0,1,"{'text': 'Patchy rain possible', 'icon': '//cdn.weatherapi.com/weather/64x64/day/176.png', 'code': 1063}",4.3,6.8,348,NNW,1013.0,29.92,0.21,0.01,0.0,83,73,28.1,82.6,25.6,78.0,28.1,82.6,22.4,72.4,1,100,0,0,9.0,5.0,5.6,9.0,6.0
1735178400,2024-12-26 10:00,26.7,80.0,1,"{'text': 'Patchy rain possible', 'icon': '//cdn.weatherapi.com/weather/64x64/day/176.png', 'code': 1063}",4.9,7.9,0,N,1014.0,29.93,0.22,0.01,0.0,77,79,29.4,84.9,26.7,80.0,29.4,84.9,22.3,72.2,1,100,0,0,9.0,5.0,6.1,9.8,6.0
1735182000,2024-12-26 11:00,27.8,82.1,1,"{'text': 'Light rain shower', 'icon': '//cdn.weatherapi.com/weather/64x64/day/353.png', 'code': 1240}",5.6,9.0,14,NNE,1013.0,29.93,0.32,0.01,0.0,71,89,30.8,87.4,27.8,82.1,30.8,87.4,22.1,71.9,1,100,0,0,10.0,6.0,6.8,11.0,6.0
1735185600,2024-12-26 12:00,28.7,83.7,1,"{'text': 'Patchy rain possible', 'icon': '//cdn.weatherapi.com/weather/64x64/day/176.png', 'code': 1063}",6.3,10.1,24,NNE,1013.0,29.9,0.21,0.01,0.0,68,75,32.0,89.6,28.7,83.7,32.0,89.6,22.3,72.1,1,100,0,0,9.0,5.0,7.8,12.5,6.0
1735189200,2024-12-26 13:00,29.4,85.0,1,"{'text': 'Patchy rain possible', 'icon': '//cdn.weatherapi.com/weather/64x64/day/176.png', 'code': 1063}",6.5,10.4,38,NE,1011.0,29.87,0.28,0.01,0.0,67,89,33.1,91.6,29.4,85.0,33.1,91.6,22.6,72.6,1,100,0,0,9.0,5.0,8.4,13.6,6.0
1735192800,2024-12-26 14:00,28.7,83.7,1,"{'text': 'Light rain shower', 'icon': '//cdn.weatherapi.com/weather/64x64/day/353.png', 'code': 1240}",7.8,12.6,56,ENE,1010.0,29.84,0.42,0.02,0.0,71,58,32.4,90.4,28.7,83.7,32.4,90.4,22.9,73.3,1,100,0,0,10.0,6.0,9.6,15.4,6.0
1735196400,2024-12-26 15:00,27.3,81.2,1,"{'text': 'Light rain shower', 'icon': '//cdn.weatherapi.com/weather/64x64/day/353.png', 'code': 1240}",8.3,13.3,60,ENE,1010.0,29.82,0.82,0.03,0.0,80,70,30.9,87.7,27.3,81.2,30.9,87.7,23.6,74.5,1,100,0,0,10.0,6.0,11.2,18.0,6.0
1735200000,2024-12-26 16:00,26.9,80.4,1,"{'text': 'Light rain shower', 'icon': '//cdn.weatherapi.com/weather/64x64/day/353.png', 'code': 1240}",7.6,12.2,54,NE,1009.0,29.8,0.88,0.03,0.0,83,65,30.4,86.7,26.9,80.4,30.4,86.7,23.7,74.6,1,100,0,0,10.0,6.0,10.5,16.8,6.0
1735203600,2024-12-26 17:00,26.7,80.1,1,"{'text': 'Light rain shower', 'icon': '//cdn.weatherapi.com/weather/64x64/day/353.png', 'code': 1240}",7.6,12.2,55,NE,1009.0,29.79,1.1,0.04,0.0,84,64,30.3,86.5,26.7,80.1,30.3,86.5,23.8,74.9,1,100,0,0,10.0,6.0,11.3,18.2,6.0
1735207200,2024-12-26 18:00,26.2,79.2,1,"{'text': 'Light rain shower', 'icon': '//cdn.weatherapi.com/weather/64x64/day/353.png', 'code': 1240}",8.1,13.0,47,NE,1010.0,29.81,0.96,0.04,0.0,86,57,29.5,85.1,26.2,79.2,29.5,85.1,23.6,74.5,1,100,0,0,10.0,6.0,12.1,19.4,6.0
1735210800,2024-12-26 19:00,25.4,77.7,1,"{'text': 'Light rain shower', 'icon': '//cdn.weatherapi.com/weather/64x64/day/353.png', 'code': 1240}",7.8,12.6,43,NE,1010.0,29.83,0.47,0.02,0.0,87,51,28.2,82.7,25.4,77.7,28.2,82.7,23.1,73.6,1,100,0,0,10.0,6.0,13.2,21.2,6.0
1735214400,2024-12-26 20:00,25.0,77.1,0,"{'text': 'Patchy rain possible', 'icon': '//cdn.weatherapi.com/weather/64x64/night/176.png', 'code': 1063}",6.9,11.2,40,NE,1011.0,29.86,0.1,0.0,0.0,88,53,27.7,81.8,25.0,77.1,27.7,81.8,22.9,73.3,1,100,0,0,10.0,6.0,11.9,19.2,0.0
1735218000,2024-12-26 21:00,25.0,77.0,0,"{'text': 'Partly cloudy', 'icon': '//cdn.weatherapi.com/weather/64x64/night/116.png', 'code': 1003}",6.0,9.7,36,NE,1012.0,29.89,0.0,0.0,0.0,88,49,27.6,81.7,25.0,77.0,27.6,81.7,22.9,73.3,0,0,0,0,10.0,6.0,10.4,16.7,0.0
1735221600,2024-12-26 22:00,24.9,76.8,0,"{'text': 'Patchy rain possible', 'icon': '//cdn.weatherapi.com/weather/64x64/night/176.png', 'code': 1063}",6.3,10.1,36,NE,1013.0,29.92,0.1,0.0,0.0,89,55,27.5,81.5,24.9,76.8,27.5,81.5,22.9,73.2,1,100,0,0,10.0,6.0,10.8,17.4,0.0
1735225200,2024-12-26 23:00,24.8,76.6,0,"{'text': 'Light rain shower', 'icon': '//cdn.weatherapi.com/weather/64x64/night/353.png', 'code': 1240}",6.0,9.7,35,NE,1013.0,29.92,0.34,0.01,0.0,89,53,27.3,81.2,24.8,76.6,27.3,81.2,22.9,73.1,1,100,0,0,10.0,6.0,10.4,16.7,0.0
