time_epoch,time,temp_c,temp_f,is_day,condition,wind_mph,wind_kph,wind_degree,wind_dir,pressure_mb,pressure_in,precip_mm,precip_in,snow_cm,humidity,cloud,feelslike_c,feelslike_f,windchill_c,windchill_f,heatindex_c,heatindex_f,dewpoint_c,dewpoint_f,will_it_rain,chance_of_rain,will_it_snow,chance_of_snow,vis_km,vis_miles,gust_mph,gust_kph,uv
1735401600,2024-12-29 00:00,24.8,76.6,0,"{'text': 'Patchy light drizzle', 'icon': '//cdn.weatherapi.com/weather/64x64/night/263.png', 'code': 1150}",7.2,11.5,4,N,1013.0,29.92,0.17,0.01,0.0,91,55,27.5,81.5,24.8,76.6,27.5,81.5,23.3,73.9,1,100,0,0,5.0,3.0,12.2,19.7,0.0
1735405200,2024-12-29 01:00,24.5,76.0,0,"{'text': 'Light rain shower', 'icon': '//cdn.weatherapi.com/weather/64x64/night/353.png', 'code': 1240}",6.9,11.2,1,N,1013.0,29.9,0.87,0.03,0.0,93,70,27.1,80.8,24.5,76.0,27.1,80.8,23.2,73.7,1,100,0,0,10.0,6.0,11.7,18.8,0.0
1735408800,2024-12-29 02:00,24.3,75.7,0,"{'text': 'Patchy light drizzle', 'icon': '//cdn.weatherapi.com/weather/64x64/night/263.png', 'code': 1150}",6.7,10.8,3,N,1012.0,29.88,0.45,0.02,0.0,93,83,26.9,80.3,24.3,75.7,26.9,80.3,23.1,73.5,1,100,0,0,5.0,3.0,11.2,18.0,0.0
1735412400,2024-12-29 03:00,24.2,75.6,0,"{'text': 'Partly cloudy', 'icon': '//cdn.weatherapi.com/weather/64x64/night/116.png', 'code': 1003}",6.5,10.4,359,N,1011.0,29.86,0.0,0.0,0.0,92,37,26.8,80.2,24.2,75.6,26.8,80.2,22.9,73.3,0,0,0,0,10.0,6.0,10.8,17.3,0.0
1735416000,2024-12-29 04:00,24.1,75.4,0,"{'text': 'Patchy rain possible', 'icon': '//cdn.weatherapi.com/weather/64x64/night/176.png', 'code': 1063}",6.7,10.8,356,N,1011.0,29.85,0.07,0.0,0.0,93,83,26.6,79.9,24.1,75.4,26.6,79.9,22.8,73.1,0,45,0,0,10.0,6.0,11.2,18.0,0.0
1735419600,2024-12-29 05:00,24.0,75.2,0,"{'text': 'Patchy rain possible', 'icon': '//cdn.weatherapi.com/weather/64x64/night/176.png', 'code': 1063}",6.5,10.4,359,N,1011.0,29.85,0.05,0.0,0.0,93,88,26.5,79.7,24.0,75.2,26.5,79.7,22.8,73.0,0,45,0,0,10.0,6.0,10.9,17.5,0.0
1735423200,2024-12-29 06:00,24.0,75.2,0,"{'text': 'Patchy rain possible', 'icon': '//cdn.weatherapi.com/weather/64x64/night/176.png', 'code': 1063}",6.3,10.1,356,N,1011.0,29.86,0.02,0.0,0.0,92,72,26.5,79.6,24.0,75.2,26.5,79.6,22.7,72.8,0,45,0,0,10.0,6.0,10.6,17.0,0.0
1735426800,2024-12-29 07:00,24.0,75.1,0,"{'text': 'Patchy rain possible', 'icon': '//cdn.weatherapi.com/weather/64x64/night/176.png', 'code': 1063}",6.3,10.1,2,N,1012.0,29.88,0.12,0.0,0.0,92,77,26.4,79.5,24.0,75.1,26.4,79.5,22.6,72.6,1,100,0,0,10.0,6.0,10.6,17.1,0.0
1735430400,2024-12-29 08:00,24.4,76.0,1,"{'text': 'Cloudy', 'icon': '//cdn.weatherapi.com/weather/64x64/day/119.png', 'code': 1006}",6.0,9.7,0,N,1013.0,29.9,0.0,0.0,0.0,91,68,26.9,80.5,24.4,76.0,26.9,80.5,22.8,73.1,0,0,0,0,10.0,6.0,9.6,15.4,5.0
1735434000,2024-12-29 09:00,25.5,77.9,1,"{'text': 'Sunny', 'icon': '//cdn.weatherapi.com/weather/64x64/day/113.png', 'code': 1000}",6.9,11.2,3,N,1013.0,29.92,0.0,0.0,0.0,87,23,28.3,83.0,25.5,77.9,28.3,83.0,23.2,73.7,0,0,0,0,10.0,6.0,9.5,15.3,7.0
1735437600,2024-12-29 10:00,26.6,79.8,1,"{'text': 'Partly cloudy', 'icon': '//cdn.weatherapi.com/weather/64x64/day/116.png', 'code': 1003}",7.4,11.9,6,N,1014.0,29.94,0.0,0.0,0.0,81,47,29.6,85.3,26.6,79.8,29.6,85.3,23.1,73.6,0,45,0,0,10.0,6.0,9.5,15.3,7.0
1735441200,2024-12-29 11:00,27.8,82.0,1,"{'text': 'Partly cloudy', 'icon': '//cdn.weatherapi.com/weather/64x64/day/116.png', 'code': 1003}",7.4,11.9,6,N,1013.0,29.93,0.0,0.0,0.0,75,47,31.1,87.9,27.8,82.0,31.1,87.9,22.8,73.1,0,0,0,0,10.0,6.0,8.9,14.4,7.0
1735444800,2024-12-29 12:00,28.2,82.8,1,"{'text': 'Patchy light rain', 'icon': '//cdn.weatherapi.com/weather/64x64/day/293.png', 'code': 1180}",7.4,11.9,24,NNE,1013.0,29.9,0.78,0.03,0.0,73,57,31.8,89.3,28.2,82.8,31.8,89.3,23.0,73.5,1,100,0,0,9.0,5.0,9.2,14.8,6.0
1735448400,2024-12-29 13:00,28.0,82.4,1,"{'text': 'Light rain shower', 'icon': '//cdn.weatherapi.com/weather/64x64/day/353.png', 'code': 1240}",7.8,12.6,31,NNE,1012.0,29.87,0.75,0.03,0.0,76,53,31.8,89.2,28.0,82.4,31.8,89.2,23.4,74.2,1,100,0,0,10.0,6.0,10.9,17.5,6.0
1735452000,2024-12-29 14:00,28.2,82.7,1,"{'text': 'Patchy rain possible', 'icon': '//cdn.weatherapi.com/weather/64x64/day/176.png', 'code': 1063}",8.7,14.0,29,NNE,1011.0,29.84,0.69,0.03,0.0,75,85,32.0,89.5,28.2,82.7,32.0,89.5,23.4,74.1,1,100,0,0,9.0,5.0,11.3,18.2,6.0
1735455600,2024-12-29 15:00,28.1,82.6,1,"{'text': 'Patchy rain possible', 'icon': '//cdn.weatherapi.com/weather/64x64/day/176.png', 'code': 1063}",9.6,15.5,29,NNE,1010.0,29.82,0.63,0.02,0.0,76,89,32.0,89.5,28.1,82.6,32.0,89.5,23.5,74.2,1,100,0,0,9.0,5.0,12.1,19.5,6.0
1735459200,2024-12-29 16:00,27.9,82.2,1,"{'text': 'Patchy rain possible', 'icon': '//cdn.weatherapi.com/weather/64x64/day/176.png', 'code': 1063}",10.5,16.9,29,NNE,1009.0,29.79,0.44,0.02,0.0,78,75,31.7,89.1,27.9,82.2,31.7,89.1,23.6,74.5,1,100,0,0,9.0,5.0,13.6,21.8,6.0
1735462800,2024-12-29 17:00,27.7,81.9,1,"{'text': 'Patchy rain possible', 'icon': '//cdn.weatherapi.com/weather/64x64/day/176.png', 'code': 1063}",11.0,17.6,26,NNE,1009.0,29.79,0.29,0.01,0.0,79,89,31.5,88.7,27.7,81.9,31.5,88.7,23.6,74.6,1,100,0,0,9.0,5.0,15.2,24.5,6.0
1735466400,2024-12-29 18:00,26.8,80.2,1,"{'text': 'Patchy rain possible', 'icon': '//cdn.weatherapi.com/weather/64x64/day/176.png', 'code': 1063}",11.0,17.6,22,NNE,1009.0,29.81,0.42,0.02,0.0,83,82,30.2,86.4,26.8,80.2,30.2,86.4,23.7,74.6,1,100,0,0,9.0,5.0,16.0,25.7,6.0
1735470000,2024-12-29 19:00,25.5,77.8,1,"{'text': 'Patchy rain possible', 'icon': '//cdn.weatherapi.com/weather/64x64/day/176.png', 'code': 1063}",10.7,17.3,19,NNE,1010.0,29.83,1.07,0.04,0.0,88,75,28.3,83.0,25.5,77.8,28.3,83.0,23.3,74.0,1,100,0,0,9.0,5.0,17.7,28.4,6.0
1735473600,2024-12-29 20:00,24.8,76.6,0,"{'text': 'Patchy rain possible', 'icon': '//cdn.weatherapi.com/weather/64x64/night/176.png', 'code': 1063}",10.1,16.2,16,NNE,1011.0,29.86,0.51,0.02,0.0,91,78,27.5,81.4,24.8,76.6,27.5,81.4,23.2,73.8,1,100,0,0,9.0,5.0,17.0,27.3,0.0
1735477200,2024-12-29 21:00,24.6,76.3,0,"{'text': 'Patchy rain possible', 'icon': '//cdn.weatherapi.com/weather/64x64/night/176.png', 'code': 1063}",9.8,15.8,17,NNE,1012.0,29.89,0.41,0.02,0.0,92,82,27.3,81.1,24.6,76.3,27.3,81.1,23.1,73.7,1,100,0,0,9.0,5.0,16.0,25.7,0.0
1735480800,2024-12-29 22:00,24.5,76.1,0,"{'text': 'Patchy light drizzle', 'icon': '//cdn.weatherapi.com/weather/64x64/night/263.png', 'code': 1150}",10.1,16.2,15,NNE,1013.0,29.9,0.62,0.02,0.0,92,61,27.1,80.8,24.5,76.0,27.1,80.8,23.1,73.6,1,100,0,0,5.0,3.0,15.9,25.6,0.0
1735484400,2024-12-29 23:00,24.3,75.7,0,"{'text': 'Light rain shower', 'icon': '//cdn.weatherapi.com/weather/64x64/night/353.png', 'code': 1240}",8.9,14.4,11,NNE,1013.0,29.91,0.83,0.03,0.0,93,80,26.9,80.5,24.3,75.7,26.9,80.5,23.1,73.7,1,100,0,0,10.0,6.0,14.0,22.6,0.0
