time_epoch,time,temp_c,temp_f,is_day,condition,wind_mph,wind_kph,wind_degree,wind_dir,pressure_mb,pressure_in,precip_mm,precip_in,snow_cm,humidity,cloud,feelslike_c,feelslike_f,windchill_c,windchill_f,heatindex_c,heatindex_f,dewpoint_c,dewpoint_f,will_it_rain,chance_of_rain,will_it_snow,chance_of_snow,vis_km,vis_miles,gust_mph,gust_kph,uv
1734969600,2024-12-24 00:00,24.5,76.2,0,"{'text': 'Light drizzle', 'icon': '//cdn.weatherapi.com/weather/64x64/night/266.png', 'code': 1153}",4.3,6.8,354,N,1010.0,29.84,0.2,0.01,0.0,84,85,26.7,80.0,24.5,76.2,26.7,80.0,21.6,70.9,1,100,0,0,2.0,1.0,7.1,11.5,0.0
1734973200,2024-12-24 01:00,24.2,75.6,0,"{'text': 'Light rain', 'icon': '//cdn.weatherapi.com/weather/64x64/night/296.png', 'code': 1183}",1.3,2.2,297,WNW,1011.0,29.84,0.94,0.04,0.0,86,100,26.4,79.5,24.2,75.6,26.4,79.5,21.7,71.0,1,100,0,0,9.0,5.0,2.2,3.5,0.0
1734976800,2024-12-24 02:00,23.9,75.1,0,"{'text': 'Light rain', 'icon': '//cdn.weatherapi.com/weather/64x64/night/296.png', 'code': 1183}",1.8,2.9,237,WSW,1010.0,29.83,1.43,0.06,0.0,88,100,26.2,79.1,23.9,75.1,26.2,79.1,21.8,71.2,1,100,0,0,9.0,5.0,2.9,4.6,0.0
1734980400,2024-12-24 03:00,23.7,74.6,0,"{'text': 'Light rain', 'icon': '//cdn.weatherapi.com/weather/64x64/night/296.png', 'code': 1183}",2.5,4.0,254,WSW,1009.0,29.81,1.27,0.05,0.0,90,100,26.0,78.7,23.7,74.6,26.0,78.7,21.9,71.4,1,100,0,0,9.0,5.0,3.9,6.3,0.0
1734984000,2024-12-24 04:00,23.4,74.2,0,"{'text': 'Light rain', 'icon': '//cdn.weatherapi.com/weather/64x64/night/296.png', 'code': 1183}",2.7,4.3,254,WSW,1009.0,29.79,1.58,0.06,0.0,91,100,25.7,78.3,23.4,74.2,25.7,78.3,22.0,71.5,1,100,0,0,9.0,5.0,4.2,6.7,0.0
1734987600,2024-12-24 05:00,23.3,74.0,0,"{'text': 'Light rain shower', 'icon': '//cdn.weatherapi.com/weather/64x64/night/353.png', 'code': 1240}",2.0,3.2,268,W,1009.0,29.79,0.5,0.02,0.0,92,100,25.6,78.1,23.3,74.0,25.6,78.1,22.0,71.6,1,100,0,0,10.0,6.0,3.1,5.0,0.0
1734991200,2024-12-24 06:00,23.3,73.9,0,"{'text': 'Patchy rain possible', 'icon': '//cdn.weatherapi.com/weather/64x64/night/176.png', 'code': 1063}",2.0,3.2,313,NW,1009.0,29.8,0.14,0.01,0.0,92,90,25.6,78.1,23.3,73.9,25.6,78.1,22.0,71.5,1,100,0,0,10.0,6.0,3.2,5.1,0.0
1734994800,2024-12-24 07:00,23.4,74.1,0,"{'text': 'Patchy rain possible', 'icon': '//cdn.weatherapi.com/weather/64x64/night/176.png', 'code': 1063}",3.1,5.0,337,NNW,1009.0,29.8,0.03,0.0,0.0,91,57,25.7,78.2,23.4,74.1,25.7,78.2,21.9,71.4,0,45,0,0,10.0,6.0,5.0,8.1,0.0
1734998400,2024-12-24 08:00,23.8,74.9,1,"{'text': 'Partly cloudy', 'icon': '//cdn.weatherapi.com/weather/64x64/day/116.png', 'code': 1003}",3.4,5.4,339,NNW,1010.0,29.82,0.0,0.0,0.0,90,45,26.1,79.0,23.8,74.9,26.1,79.0,22.1,71.7,0,45,0,0,10.0,6.0,5.1,8.3,6.0
1735002000,2024-12-24 09:00,24.8,76.6,1,"{'text': 'Cloudy', 'icon': '//cdn.weatherapi.com/weather/64x64/day/119.png', 'code': 1006}",2.5,4.0,354,N,1011.0,29.85,0.0,0.0,0.0,86,64,27.1,80.8,24.8,76.6,27.1,80.8,22.2,72.0,0,45,0,0,10.0,6.0,3.4,5.4,5.0
1735005600,2024-12-24 10:00,26.0,78.7,1,"{'text': 'Partly cloudy', 'icon': '//cdn.weatherapi.com/weather/64x64/day/116.png', 'code': 1003}",4.9,7.9,22,NNE,1011.0,29.86,0.0,0.0,0.0,81,56,28.6,83.4,26.0,78.7,28.6,83.4,22.4,72.4,0,0,0,0,10.0,6.0,6.2,9.9,7.0
1735009200,2024-12-24 11:00,27.3,81.2,1,"{'text': 'Patchy rain possible', 'icon': '//cdn.weatherapi.com/weather/64x64/day/176.png', 'code': 1063}",6.5,10.4,33,NNE,1011.0,29.84,0.01,0.0,0.0,75,77,30.4,86.6,27.3,81.2,30.4,86.6,22.6,72.7,0,45,0,0,10.0,6.0,7.5,12.0,6.0
1735012800,2024-12-24 12:00,27.9,82.3,1,"{'text': 'Patchy rain possible', 'icon': '//cdn.weatherapi.com/weather/64x64/day/176.png', 'code': 1063}",6.3,10.1,41,NE,1010.0,29.83,0.14,0.01,0.0,73,91,31.2,88.2,27.9,82.3,31.2,88.2,22.7,72.9,1,100,0,0,10.0,6.0,7.2,11.6,6.0
1735016400,2024-12-24 13:00,27.5,81.5,1,"{'text': 'Patchy rain possible', 'icon': '//cdn.weatherapi.com/weather/64x64/day/176.png', 'code': 1063}",7.2,11.5,53,NE,1009.0,29.8,0.05,0.0,0.0,76,72,30.7,87.3,27.5,81.4,30.7,87.3,22.9,73.2,0,45,0,0,10.0,6.0,8.9,14.3,6.0
1735020000,2024-12-24 14:00,27.6,81.6,1,"{'text': 'Patchy rain possible', 'icon': '//cdn.weatherapi.com/weather/64x64/day/176.png', 'code': 1063}",7.8,12.6,55,NE,1008.0,29.77,0.1,0.0,0.0,76,59,30.9,87.7,27.6,81.6,30.9,87.7,23.1,73.5,1,100,0,0,10.0,6.0,9.5,15.3,6.0
1735023600,2024-12-24 15:00,27.6,81.7,1,"{'text': 'Patchy light drizzle', 'icon': '//cdn.weatherapi.com/weather/64x64/day/263.png', 'code': 1150}",9.2,14.8,50,NE,1007.0,29.74,0.73,0.03,0.0,76,62,31.0,87.8,27.6,81.7,31.0,87.8,23.1,73.5,1,100,0,0,5.0,3.0,11.2,18.0,6.0
1735027200,2024-12-24 16:00,27.1,80.7,1,"{'text': 'Light drizzle', 'icon': '//cdn.weatherapi.com/weather/64x64/day/266.png', 'code': 1153}",8.9,14.4,51,NE,1007.0,29.73,0.6,0.02,0.0,80,89,30.4,86.8,27.1,80.7,30.4,86.8,23.3,73.9,1,100,0,0,2.0,1.0,11.5,18.5,6.0
1735030800,2024-12-24 17:00,26.3,79.3,1,"{'text': 'Light rain shower', 'icon': '//cdn.weatherapi.com/weather/64x64/day/353.png', 'code': 1240}",8.7,14.0,52,NE,1007.0,29.74,0.52,0.02,0.0,82,95,29.3,84.7,26.3,79.3,29.3,84.7,23.1,73.5,1,100,0,0,10.0,6.0,12.4,19.9,6.0
1735034400,2024-12-24 18:00,25.7,78.3,1,"{'text': 'Light rain shower', 'icon': '//cdn.weatherapi.com/weather/64x64/day/353.png', 'code': 1240}",7.8,12.6,47,NE,1008.0,29.77,0.29,0.01,0.0,85,94,28.5,83.3,25.7,78.3,28.5,83.3,22.9,73.3,1,100,0,0,10.0,6.0,11.8,19.0,6.0
1735038000,2024-12-24 19:00,25.1,77.3,1,"{'text': 'Patchy rain possible', 'icon': '//cdn.weatherapi.com/weather/64x64/day/176.png', 'code': 1063}",7.2,11.5,40,NE,1009.0,29.8,0.05,0.0,0.0,86,98,27.7,81.8,25.1,77.3,27.7,81.8,22.7,72.8,0,45,0,0,10.0,6.0,11.5,18.5,6.0
1735041600,2024-12-24 20:00,25.0,77.0,0,"{'text': 'Patchy rain possible', 'icon': '//cdn.weatherapi.com/weather/64x64/night/176.png', 'code': 1063}",6.9,11.2,33,NNE,1010.0,29.82,0.09,0.0,0.0,86,91,27.5,81.5,25.0,77.0,27.5,81.5,22.6,72.6,0,45,0,0,10.0,6.0,11.3,18.2,0.0
1735045200,2024-12-24 21:00,25.0,77.0,0,"{'text': 'Patchy rain possible', 'icon': '//cdn.weatherapi.com/weather/64x64/night/176.png', 'code': 1063}",6.0,9.7,24,NNE,1011.0,29.85,0.07,0.0,0.0,86,100,27.5,81.4,25.0,77.0,27.5,81.4,22.6,72.6,0,45,0,0,10.0,6.0,10.0,16.1,0.0
1735048800,2024-12-24 22:00,24.9,76.8,0,"{'text': 'Patchy rain possible', 'icon': '//cdn.weatherapi.com/weather/64x64/night/176.png', 'code': 1063}",5.8,9.4,19,NNE,1012.0,29.87,0.08,0.0,0.0,87,100,27.4,81.3,24.9,76.8,27.4,81.3,22.5,72.6,0,45,0,0,10.0,6.0,9.6,15.5,0.0
1735052400,2024-12-24 23:00,24.8,76.6,0,"{'text': 'Patchy rain possible', 'icon': '//cdn.weatherapi.com/weather/64x64/night/176.png', 'code': 1063}",5.4,8.6,15,NNE,1012.0,29.87,0.11,0.0,0.0,87,97,27.3,81.1,24.8,76.6,27.3,81.1,22.6,72.6,1,100,0,0,10.0,6.0,8.9,14.3,0.0
