time_epoch,time,temp_c,temp_f,is_day,condition,wind_mph,wind_kph,wind_degree,wind_dir,pressure_mb,pressure_in,precip_mm,precip_in,snow_cm,humidity,cloud,feelslike_c,feelslike_f,windchill_c,windchill_f,heatindex_c,heatindex_f,dewpoint_c,dewpoint_f,will_it_rain,chance_of_rain,will_it_snow,chance_of_snow,vis_km,vis_miles,gust_mph,gust_kph,uv
1735315200,2024-12-28 00:00,24.8,76.7,0,"{'text': 'Partly cloudy', 'icon': '//cdn.weatherapi.com/weather/64x64/night/116.png', 'code': 1003}",4.9,7.9,20,NNE,1013.0,29.91,0.0,0.0,0.0,85,32,27.1,80.9,24.8,76.7,27.1,80.9,22.1,71.8,0,0,0,0,10.0,6.0,8.5,13.6,0.0
1735318800,2024-12-28 01:00,24.6,76.3,0,"{'text': 'Partly cloudy', 'icon': '//cdn.weatherapi.com/weather/64x64/night/116.png', 'code': 1003}",4.9,7.9,13,NNE,1013.0,29.9,0.0,0.0,0.0,86,35,26.9,80.5,24.6,76.3,26.9,80.5,22.1,71.8,0,0,0,0,10.0,6.0,8.5,13.6,0.0
1735322400,2024-12-28 02:00,24.4,76.0,0,"{'text': 'Partly cloudy', 'icon': '//cdn.weatherapi.com/weather/64x64/night/116.png', 'code': 1003}",4.9,7.9,1,N,1012.0,29.89,0.0,0.0,0.0,87,39,26.7,80.1,24.4,76.0,26.7,80.1,22.1,71.7,0,0,0,0,10.0,6.0,8.5,13.6,0.0
1735326000,2024-12-28 03:00,24.2,75.5,0,"{'text': 'Partly cloudy', 'icon': '//cdn.weatherapi.com/weather/64x64/night/116.png', 'code': 1003}",4.7,7.6,356,N,1011.0,29.87,0.0,0.0,0.0,88,38,26.4,79.6,24.2,75.5,26.4,79.6,22.0,71.6,0,0,0,0,10.0,6.0,8.1,13.0,0.0
1735329600,2024-12-28 04:00,24.0,75.2,0,"{'text': 'Partly cloudy', 'icon': '//cdn.weatherapi.com/weather/64x64/night/116.png', 'code': 1003}",4.3,6.8,350,N,1011.0,29.85,0.0,0.0,0.0,88,37,26.2,79.2,24.0,75.2,26.2,79.2,21.9,71.5,0,0,0,0,10.0,6.0,7.3,11.8,0.0
1735333200,2024-12-28 05:00,23.8,74.9,0,"{'text': 'Partly cloudy', 'icon': '//cdn.weatherapi.com/weather/64x64/night/116.png', 'code': 1003}",4.5,7.2,347,NNW,1011.0,29.85,0.0,0.0,0.0,89,34,26.1,78.9,23.8,74.9,26.1,78.9,21.9,71.4,0,0,0,0,10.0,6.0,7.7,12.4,0.0
1735336800,2024-12-28 06:00,23.8,74.8,0,"{'text': 'Partly cloudy', 'icon': '//cdn.weatherapi.com/weather/64x64/night/116.png', 'code': 1003}",4.5,7.2,349,N,1011.0,29.87,0.0,0.0,0.0,89,36,26.0,78.8,23.8,74.8,26.0,78.8,21.9,71.4,0,0,0,0,10.0,6.0,7.7,12.3,0.0
1735340400,2024-12-28 07:00,23.7,74.6,0,"{'text': 'Clear', 'icon': '//cdn.weatherapi.com/weather/64x64/night/113.png', 'code': 1000}",4.9,7.9,348,NNW,1012.0,29.88,0.0,0.0,0.0,90,24,25.9,78.7,23.7,74.6,25.9,78.7,21.9,71.4,0,0,0,0,10.0,6.0,8.5,13.7,0.0
1735344000,2024-12-28 08:00,24.3,75.8,1,"{'text': 'Partly cloudy', 'icon': '//cdn.weatherapi.com/weather/64x64/day/116.png', 'code': 1003}",4.7,7.6,355,N,1013.0,29.91,0.0,0.0,0.0,88,26,26.6,79.9,24.3,75.8,26.6,79.9,22.2,71.9,0,45,0,0,10.0,6.0,7.3,11.8,6.0
1735347600,2024-12-28 09:00,25.7,78.2,1,"{'text': 'Cloudy', 'icon': '//cdn.weatherapi.com/weather/64x64/day/119.png', 'code': 1006}",4.9,7.9,357,N,1014.0,29.93,0.0,0.0,0.0,82,76,28.3,82.9,25.7,78.2,28.3,82.9,22.5,72.4,0,0,0,0,10.0,6.0,6.4,10.3,6.0
1735351200,2024-12-28 10:00,26.9,80.4,1,"{'text': 'Partly cloudy', 'icon': '//cdn.weatherapi.com/weather/64x64/day/116.png', 'code': 1003}",5.6,9.0,357,N,1014.0,29.94,0.0,0.0,0.0,77,48,29.8,85.6,26.9,80.4,29.8,85.6,22.6,72.7,0,0,0,0,10.0,6.0,6.8,11.0,7.0
1735354800,2024-12-28 11:00,28.0,82.5,1,"{'text': 'Partly cloudy', 'icon': '//cdn.weatherapi.com/weather/64x64/day/116.png', 'code': 1003}",5.8,9.4,11,NNE,1013.0,29.93,0.0,0.0,0.0,71,39,31.2,88.1,28.0,82.5,31.2,88.1,22.4,72.3,0,0,0,0,10.0,6.0,6.8,10.9,7.0
1735358400,2024-12-28 12:00,28.9,84.0,1,"{'text': 'Cloudy', 'icon': '//cdn.weatherapi.com/weather/64x64/day/119.png', 'code': 1006}",6.7,10.8,32,NNE,1012.0,29.9,0.0,0.0,0.0,68,85,32.3,90.1,28.9,84.0,32.3,90.1,22.4,72.3,0,0,0,0,10.0,6.0,7.7,12.4,6.0
1735362000,2024-12-28 13:00,29.4,84.9,1,"{'text': 'Partly cloudy', 'icon': '//cdn.weatherapi.com/weather/64x64/day/116.png', 'code': 1003}",7.4,11.9,45,NE,1011.0,29.86,0.0,0.0,0.0,66,58,33.0,91.4,29.4,84.9,33.0,91.4,22.5,72.4,0,45,0,0,10.0,6.0,8.5,13.7,7.0
1735365600,2024-12-28 14:00,29.4,84.9,1,"{'text': 'Partly cloudy', 'icon': '//cdn.weatherapi.com/weather/64x64/day/116.png', 'code': 1003}",8.3,13.3,54,NE,1010.0,29.83,0.0,0.0,0.0,67,41,33.1,91.6,29.4,84.9,33.1,91.6,22.6,72.7,0,45,0,0,10.0,6.0,9.5,15.3,7.0
1735369200,2024-12-28 15:00,29.2,84.5,1,"{'text': 'Patchy rain possible', 'icon': '//cdn.weatherapi.com/weather/64x64/day/176.png', 'code': 1063}",8.9,14.4,63,ENE,1009.0,29.81,0.01,0.0,0.0,68,88,32.8,91.1,29.2,84.5,32.8,91.1,22.7,72.8,0,45,0,0,10.0,6.0,10.5,16.8,6.0
1735372800,2024-12-28 16:00,28.4,83.2,1,"{'text': 'Patchy rain possible', 'icon': '//cdn.weatherapi.com/weather/64x64/day/176.png', 'code': 1063}",9.4,15.1,64,ENE,1009.0,29.79,0.09,0.0,0.0,71,77,31.9,89.3,28.4,83.2,31.9,89.3,22.7,72.8,0,45,0,0,10.0,6.0,11.5,18.5,6.0
1735376400,2024-12-28 17:00,27.8,82.1,1,"{'text': 'Patchy rain possible', 'icon': '//cdn.weatherapi.com/weather/64x64/day/176.png', 'code': 1063}",9.4,15.1,60,ENE,1009.0,29.78,0.15,0.01,0.0,74,88,31.1,88.0,27.8,82.1,31.1,88.0,22.8,73.0,1,100,0,0,10.0,6.0,12.2,19.6,6.0
1735380000,2024-12-28 18:00,26.9,80.5,1,"{'text': 'Patchy light drizzle', 'icon': '//cdn.weatherapi.com/weather/64x64/day/263.png', 'code': 1150}",9.4,15.1,53,NE,1009.0,29.8,0.51,0.02,0.0,80,82,30.1,86.2,26.9,80.5,30.1,86.2,23.1,73.6,1,100,0,0,5.0,3.0,13.6,21.8,6.0
1735383600,2024-12-28 19:00,25.9,78.6,1,"{'text': 'Patchy rain possible', 'icon': '//cdn.weatherapi.com/weather/64x64/day/176.png', 'code': 1063}",8.9,14.4,44,NE,1010.0,29.83,0.03,0.0,0.0,85,76,28.8,83.8,25.9,78.6,28.8,83.8,23.1,73.6,0,45,0,0,10.0,6.0,14.5,23.4,6.0
1735387200,2024-12-28 20:00,25.4,77.7,0,"{'text': 'Patchy rain possible', 'icon': '//cdn.weatherapi.com/weather/64x64/night/176.png', 'code': 1063}",8.3,13.3,34,NE,1011.0,29.85,0.12,0.0,0.0,87,51,28.1,82.7,25.4,77.7,28.1,82.7,23.1,73.5,1,100,0,0,10.0,6.0,14.0,22.5,0.0
1735390800,2024-12-28 21:00,25.2,77.3,0,"{'text': 'Patchy rain possible', 'icon': '//cdn.weatherapi.com/weather/64x64/night/176.png', 'code': 1063}",7.6,12.2,23,NNE,1012.0,29.88,0.29,0.01,0.0,88,89,27.9,82.1,25.2,77.3,27.9,82.1,23.1,73.5,1,100,0,0,9.0,5.0,13.0,20.9,0.0
1735394400,2024-12-28 22:00,24.9,76.9,0,"{'text': 'Patchy rain possible', 'icon': '//cdn.weatherapi.com/weather/64x64/night/176.png', 'code': 1063}",7.4,11.9,19,NNE,1013.0,29.91,0.05,0.0,0.0,89,76,27.6,81.6,24.9,76.9,27.6,81.6,23.0,73.5,0,45,0,0,10.0,6.0,12.8,20.6,0.0
1735398000,2024-12-28 23:00,24.8,76.6,0,"{'text': 'Partly cloudy', 'icon': '//cdn.weatherapi.com/weather/64x64/night/116.png', 'code': 1003}",7.2,11.5,11,NNE,1013.0,29.91,0.0,0.0,0.0,90,51,27.4,81.3,24.8,76.6,27.4,81.3,23.0,73.4,0,45,0,0,10.0,6.0,12.4,19.9,0.0
