time_epoch,time,temp_c,temp_f,is_day,condition,wind_mph,wind_kph,wind_degree,wind_dir,pressure_mb,pressure_in,precip_mm,precip_in,snow_cm,humidity,cloud,feelslike_c,feelslike_f,windchill_c,windchill_f,heatindex_c,heatindex_f,dewpoint_c,dewpoint_f,will_it_rain,chance_of_rain,will_it_snow,chance_of_snow,vis_km,vis_miles,gust_mph,gust_kph,uv
1735056000,2024-12-25 00:00,24.5,76.1,0,"{'text': 'Patchy rain possible', 'icon': '//cdn.weatherapi.com/weather/64x64/night/176.png', 'code': 1063}",7.6,12.2,3,N,1011.0,29.86,0.03,0.0,0.0,87,61,26.9,80.4,24.5,76.2,26.9,80.4,22.3,72.1,0,45,0,0,10.0,6.0,13.1,21.0,0.0
1735059600,2024-12-25 01:00,24.4,75.9,0,"{'text': 'Partly cloudy', 'icon': '//cdn.weatherapi.com/weather/64x64/night/116.png', 'code': 1003}",6.7,10.8,358,N,1011.0,29.85,0.0,0.0,0.0,87,62,26.7,80.0,24.4,75.9,26.7,80.0,22.1,71.8,0,0,0,0,10.0,6.0,11.5,18.4,0.0
1735063200,2024-12-25 02:00,24.2,75.6,0,"{'text': 'Cloudy', 'icon': '//cdn.weatherapi.com/weather/64x64/night/119.png', 'code': 1006}",6.5,10.4,356,N,1010.0,29.84,0.0,0.0,0.0,87,65,26.5,79.7,24.2,75.6,26.5,79.7,22.0,71.6,0,0,0,0,10.0,6.0,11.1,17.8,0.0
1735066800,2024-12-25 03:00,24.1,75.4,0,"{'text': 'Cloudy', 'icon': '//cdn.weatherapi.com/weather/64x64/night/119.png', 'code': 1006}",6.7,10.8,0,N,1010.0,29.82,0.0,0.0,0.0,88,84,26.3,79.4,24.1,75.4,26.3,79.4,21.9,71.5,0,45,0,0,10.0,6.0,11.3,18.2,0.0
1735070400,2024-12-25 04:00,24.0,75.2,0,"{'text': 'Cloudy', 'icon': '//cdn.weatherapi.com/weather/64x64/night/119.png', 'code': 1006}",6.5,10.4,352,N,1009.0,29.79,0.0,0.0,0.0,88,76,26.2,79.2,24.0,75.2,26.2,79.2,22.0,71.5,0,0,0,0,10.0,6.0,10.8,17.3,0.0
1735074000,2024-12-25 05:00,23.9,75.0,0,"{'text': 'Cloudy', 'icon': '//cdn.weatherapi.com/weather/64x64/night/119.png', 'code': 1006}",5.6,9.0,350,N,1009.0,29.79,0.0,0.0,0.0,89,81,26.1,79.1,23.9,75.0,26.1,79.1,21.9,71.5,0,0,0,0,10.0,6.0,9.2,14.8,0.0
1735077600,2024-12-25 06:00,23.8,74.8,0,"{'text': 'Cloudy', 'icon': '//cdn.weatherapi.com/weather/64x64/night/119.png', 'code': 1006}",5.6,9.0,346,NNW,1009.0,29.81,0.0,0.0,0.0,89,82,26.1,78.9,23.8,74.8,26.1,78.9,21.9,71.4,0,0,0,0,10.0,6.0,9.3,15.0,0.0
1735081200,2024-12-25 07:00,23.8,74.8,0,"{'text': 'Cloudy', 'icon': '//cdn.weatherapi.com/weather/64x64/night/119.png', 'code': 1006}",5.8,9.4,344,NNW,1010.0,29.82,0.0,0.0,0.0,89,79,26.0,78.8,23.8,74.8,26.0,78.8,21.9,71.4,0,0,0,0,10.0,6.0,9.7,15.6,0.0
1735084800,2024-12-25 08:00,24.2,75.6,1,"{'text': 'Cloudy', 'icon': '//cdn.weatherapi.com/weather/64x64/day/119.png', 'code': 1006}",5.1,8.3,345,NNW,1010.0,29.84,0.0,0.0,0.0,88,83,26.5,79.8,24.2,75.6,26.5,79.8,22.2,71.9,0,0,0,0,10.0,6.0,8.0,12.8,5.0
1735088400,2024-12-25 09:00,24.8,76.7,1,"{'text': 'Cloudy', 'icon': '//cdn.weatherapi.com/weather/64x64/day/119.png', 'code': 1006}",5.4,8.6,340,NNW,1011.0,29.86,0.0,0.0,0.0,87,66,27.2,81.0,24.8,76.7,27.2,81.0,22.5,72.4,0,0,0,0,10.0,6.0,7.7,12.3,5.0
1735092000,2024-12-25 10:00,25.3,77.5,1,"{'text': 'Partly cloudy', 'icon': '//cdn.weatherapi.com/weather/64x64/day/116.png', 'code': 1003}",4.3,6.8,318,NW,1012.0,29.87,0.0,0.0,0.0,85,57,27.8,82.1,25.3,77.5,27.8,82.1,22.5,72.6,0,0,0,0,10.0,6.0,5.7,9.1,7.0
1735095600,2024-12-25 11:00,26.0,78.9,1,"{'text': 'Partly cloudy', 'icon': '//cdn.weatherapi.com/weather/64x64/day/116.png', 'code': 1003}",3.6,5.8,306,NW,1011.0,29.86,0.0,0.0,0.0,81,48,28.7,83.7,26.0,78.9,28.7,83.7,22.6,72.6,0,0,0,0,10.0,6.0,4.5,7.3,7.0
1735099200,2024-12-25 12:00,27.1,80.7,1,"{'text': 'Partly cloudy', 'icon': '//cdn.weatherapi.com/weather/64x64/day/116.png', 'code': 1003}",3.4,5.4,306,NW,1011.0,29.84,0.0,0.0,0.0,77,36,30.0,86.1,27.1,80.7,30.0,86.1,22.6,72.8,0,45,0,0,10.0,6.0,4.0,6.4,7.0
1735102800,2024-12-25 13:00,28.1,82.5,1,"{'text': 'Patchy rain possible', 'icon': '//cdn.weatherapi.com/weather/64x64/day/176.png', 'code': 1063}",2.2,3.6,321,NW,1010.0,29.82,0.18,0.01,0.0,73,74,31.4,88.6,28.1,82.5,31.4,88.6,22.8,73.0,1,100,0,0,9.0,5.0,2.6,4.1,6.0
1735106400,2024-12-25 14:00,28.4,83.1,1,"{'text': 'Patchy light drizzle', 'icon': '//cdn.weatherapi.com/weather/64x64/day/263.png', 'code': 1150}",2.5,4.0,28,NNE,1009.0,29.8,0.67,0.03,0.0,74,74,32.2,89.9,28.4,83.1,32.2,89.9,23.3,74.0,1,100,0,0,5.0,3.0,3.0,4.8,6.0
1735110000,2024-12-25 15:00,27.8,82.0,1,"{'text': 'Light rain shower', 'icon': '//cdn.weatherapi.com/weather/64x64/day/353.png', 'code': 1240}",4.9,7.9,41,NE,1008.0,29.77,0.96,0.04,0.0,78,85,31.6,88.8,27.8,82.0,31.6,88.8,23.7,74.6,1,100,0,0,10.0,6.0,6.6,10.6,6.0
1735113600,2024-12-25 16:00,27.3,81.2,1,"{'text': 'Light rain', 'icon': '//cdn.weatherapi.com/weather/64x64/day/296.png', 'code': 1183}",6.9,11.2,37,NE,1008.0,29.76,1.25,0.05,0.0,81,96,31.1,87.9,27.3,81.2,31.1,87.9,23.8,74.8,1,100,0,0,9.0,5.0,9.7,15.7,6.0
1735117200,2024-12-25 17:00,26.7,80.1,1,"{'text': 'Light rain shower', 'icon': '//cdn.weatherapi.com/weather/64x64/day/353.png', 'code': 1240}",6.9,11.2,20,NNE,1008.0,29.76,0.94,0.04,0.0,83,100,30.2,86.4,26.7,80.1,30.2,86.4,23.7,74.7,1,100,0,0,10.0,6.0,10.8,17.4,6.0
1735120800,2024-12-25 18:00,26.1,78.9,1,"{'text': 'Light rain shower', 'icon': '//cdn.weatherapi.com/weather/64x64/day/353.png', 'code': 1240}",6.7,10.8,356,N,1008.0,29.77,0.6,0.02,0.0,84,89,29.1,84.3,26.1,78.9,29.1,84.3,23.2,73.8,1,100,0,0,10.0,6.0,11.5,18.5,6.0
1735124400,2024-12-25 19:00,25.6,78.0,1,"{'text': 'Patchy rain possible', 'icon': '//cdn.weatherapi.com/weather/64x64/day/176.png', 'code': 1063}",7.8,12.6,354,N,1009.0,29.8,0.06,0.0,0.0,85,54,28.3,82.9,25.6,78.0,28.3,82.9,22.8,73.1,0,45,0,0,10.0,6.0,14.1,22.6,6.0
1735128000,2024-12-25 20:00,25.1,77.2,0,"{'text': 'Partly cloudy', 'icon': '//cdn.weatherapi.com/weather/64x64/night/116.png', 'code': 1003}",8.9,14.4,7,N,1010.0,29.82,0.0,0.0,0.0,86,36,27.6,81.6,25.1,77.2,27.6,81.6,22.5,72.6,0,0,0,0,10.0,6.0,15.7,25.3,0.0
1735131600,2024-12-25 21:00,24.8,76.7,0,"{'text': 'Cloudy', 'icon': '//cdn.weatherapi.com/weather/64x64/night/119.png', 'code': 1006}",8.7,14.0,12,NNE,1011.0,29.86,0.0,0.0,0.0,87,79,27.2,81.0,24.8,76.7,27.2,81.0,22.5,72.4,0,0,0,0,10.0,6.0,15.1,24.3,0.0
1735135200,2024-12-25 22:00,24.7,76.4,0,"{'text': 'Cloudy', 'icon': '//cdn.weatherapi.com/weather/64x64/night/119.png', 'code': 1006}",8.1,13.0,12,NNE,1012.0,29.88,0.0,0.0,0.0,88,64,27.1,80.7,24.7,76.4,27.1,80.7,22.5,72.4,0,0,0,0,10.0,6.0,14.1,22.7,0.0
1735138800,2024-12-25 23:00,24.6,76.2,0,"{'text': 'Partly cloudy', 'icon': '//cdn.weatherapi.com/weather/64x64/night/116.png', 'code': 1003}",7.8,12.6,9,N,1012.0,29.88,0.0,0.0,0.0,88,58,27.0,80.5,24.6,76.2,27.0,80.5,22.5,72.5,0,45,0,0,10.0,6.0,13.7,22.0,0.0
