time_epoch,time,temp_c,temp_f,is_day,condition,wind_mph,wind_kph,wind_degree,wind_dir,pressure_mb,pressure_in,precip_mm,precip_in,snow_cm,humidity,cloud,feelslike_c,feelslike_f,windchill_c,windchill_f,heatindex_c,heatindex_f,dewpoint_c,dewpoint_f,will_it_rain,chance_of_rain,will_it_snow,chance_of_snow,vis_km,vis_miles,gust_mph,gust_kph,uv
1734883200,2024-12-23 00:00,24.7,76.4,0,"{'text': 'Partly cloudy', 'icon': '//cdn.weatherapi.com/weather/64x64/night/116.png', 'code': 1003}",5.6,9.0,12,NNE,1011.0,29.85,0.0,0.0,0.0,86,57,27.0,80.6,24.7,76.4,27.0,80.6,22.2,72.0,0,45,0,0,10.0,6.0,9.3,14.9,0.0
1734886800,2024-12-23 01:00,24.4,76.0,0,"{'text': 'Patchy rain possible', 'icon': '//cdn.weatherapi.com/weather/64x64/night/176.png', 'code': 1063}",5.4,8.6,6,N,1011.0,29.85,0.1,0.0,0.0,87,52,26.7,80.1,24.4,76.0,26.7,80.1,22.2,71.9,1,100,0,0,10.0,6.0,9.0,14.5,0.0
1734890400,2024-12-23 02:00,24.1,75.5,0,"{'text': 'Patchy rain possible', 'icon': '//cdn.weatherapi.com/weather/64x64/night/176.png', 'code': 1063}",5.6,9.0,351,N,1010.0,29.83,0.08,0.0,0.0,88,72,26.4,79.6,24.1,75.5,26.4,79.6,22.1,71.7,0,45,0,0,10.0,6.0,9.4,15.2,0.0
1734894000,2024-12-23 03:00,23.9,75.0,0,"{'text': 'Patchy rain possible', 'icon': '//cdn.weatherapi.com/weather/64x64/night/176.png', 'code': 1063}",5.6,9.0,347,NNW,1009.0,29.81,0.12,0.0,0.0,89,53,26.2,79.1,23.9,75.0,26.2,79.1,22.1,71.7,1,100,0,0,10.0,6.0,9.4,15.1,0.0
1734897600,2024-12-23 04:00,23.7,74.7,0,"{'text': 'Patchy rain possible', 'icon': '//cdn.weatherapi.com/weather/64x64/night/176.png', 'code': 1063}",5.6,9.0,346,NNW,1009.0,29.79,0.09,0.0,0.0,90,60,26.0,78.7,23.7,74.7,26.0,78.7,22.0,71.6,0,45,0,0,10.0,6.0,9.4,15.0,0.0
1734901200,2024-12-23 05:00,23.6,74.4,0,"{'text': 'Patchy rain possible', 'icon': '//cdn.weatherapi.com/weather/64x64/night/176.png', 'code': 1063}",5.6,9.0,354,N,1009.0,29.79,0.08,0.0,0.0,91,56,25.9,78.5,23.6,74.4,25.9,78.5,22.0,71.6,0,45,0,0,10.0,6.0,9.4,15.1,0.0
1734904800,2024-12-23 06:00,23.6,74.4,0,"{'text': 'Patchy rain possible', 'icon': '//cdn.weatherapi.com/weather/64x64/night/176.png', 'code': 1063}",6.0,9.7,353,N,1009.0,29.81,0.02,0.0,0.0,91,63,25.9,78.5,23.6,74.4,25.9,78.5,22.0,71.6,0,45,0,0,10.0,6.0,10.1,16.3,0.0
1734908400,2024-12-23 07:00,23.5,74.3,0,"{'text': 'Patchy rain possible', 'icon': '//cdn.weatherapi.com/weather/64x64/night/176.png', 'code': 1063}",5.8,9.4,343,NNW,1010.0,29.82,0.03,0.0,0.0,91,65,25.8,78.4,23.5,74.3,25.8,78.4,22.0,71.5,0,45,0,0,10.0,6.0,9.8,15.8,0.0
1734912000,2024-12-23 08:00,24.0,75.2,1,"{'text': 'Patchy rain possible', 'icon': '//cdn.weatherapi.com/weather/64x64/day/176.png', 'code': 1063}",5.6,9.0,342,NNW,1010.0,29.83,0.02,0.0,0.0,90,54,26.4,79.4,24.0,75.2,26.4,79.4,22.3,72.1,0,45,0,0,10.0,6.0,8.7,14.0,5.0
1734915600,2024-12-23 09:00,25.3,77.6,1,"{'text': 'Patchy rain possible', 'icon': '//cdn.weatherapi.com/weather/64x64/day/176.png', 'code': 1063}",5.6,9.0,346,NNW,1011.0,29.86,0.04,0.0,0.0,84,80,27.8,82.1,25.3,77.6,27.8,82.1,22.5,72.4,0,45,0,0,10.0,6.0,7.3,11.8,6.0
1734919200,2024-12-23 10:00,26.7,80.1,1,"{'text': 'Patchy rain possible', 'icon': '//cdn.weatherapi.com/weather/64x64/day/176.png', 'code': 1063}",6.3,10.1,356,N,1011.0,29.87,0.05,0.0,0.0,78,58,29.5,85.1,26.7,80.1,29.5,85.1,22.5,72.5,0,45,0,0,10.0,6.0,7.5,12.1,6.0
1734922800,2024-12-23 11:00,27.7,81.8,1,"{'text': 'Patchy rain possible', 'icon': '//cdn.weatherapi.com/weather/64x64/day/176.png', 'code': 1063}",6.9,11.2,8,N,1011.0,29.86,0.05,0.0,0.0,73,76,30.7,87.3,27.7,81.8,30.7,87.3,22.5,72.4,0,45,0,0,10.0,6.0,8.1,13.0,6.0
1734926400,2024-12-23 12:00,28.3,82.9,1,"{'text': 'Patchy rain possible', 'icon': '//cdn.weatherapi.com/weather/64x64/day/176.png', 'code': 1063}",7.4,11.9,28,NNE,1010.0,29.84,0.1,0.0,0.0,71,92,31.6,88.8,28.3,82.9,31.6,88.8,22.5,72.6,1,100,0,0,10.0,6.0,8.6,13.8,6.0
1734930000,2024-12-23 13:00,28.4,83.1,1,"{'text': 'Patchy rain possible', 'icon': '//cdn.weatherapi.com/weather/64x64/day/176.png', 'code': 1063}",9.4,15.1,34,NE,1009.0,29.8,0.03,0.0,0.0,71,73,31.8,89.2,28.4,83.1,31.8,89.2,22.6,72.8,0,45,0,0,10.0,6.0,11.2,18.0,6.0
1734933600,2024-12-23 14:00,28.3,82.9,1,"{'text': 'Patchy rain possible', 'icon': '//cdn.weatherapi.com/weather/64x64/day/176.png', 'code': 1063}",11.0,17.6,44,NE,1008.0,29.77,0.12,0.0,0.0,72,79,31.7,89.0,28.3,82.9,31.7,89.0,22.7,72.9,1,100,0,0,10.0,6.0,13.2,21.3,6.0
1734937200,2024-12-23 15:00,27.2,81.0,1,"{'text': 'Light drizzle', 'icon': '//cdn.weatherapi.com/weather/64x64/day/266.png', 'code': 1153}",12.3,19.8,47,NE,1007.0,29.74,0.26,0.01,0.0,77,83,30.3,86.6,27.2,81.0,30.3,86.6,22.9,73.1,1,100,0,0,2.0,1.0,16.0,25.7,6.0
1734940800,2024-12-23 16:00,27.1,80.7,1,"{'text': 'Patchy rain possible', 'icon': '//cdn.weatherapi.com/weather/64x64/day/176.png', 'code': 1063}",12.5,20.2,48,NE,1006.0,29.72,0.15,0.01,0.0,77,79,30.1,86.1,27.1,80.7,30.1,86.1,22.7,72.9,1,100,0,0,10.0,6.0,16.2,26.0,6.0
1734944400,2024-12-23 17:00,26.8,80.2,1,"{'text': 'Light rain shower', 'icon': '//cdn.weatherapi.com/weather/64x64/day/353.png', 'code': 1240}",12.3,19.8,45,NE,1006.0,29.72,0.19,0.01,0.0,77,81,29.6,85.2,26.8,80.2,29.6,85.2,22.5,72.4,1,100,0,0,10.0,6.0,16.4,26.4,6.0
1734948000,2024-12-23 18:00,25.9,78.6,1,"{'text': 'Patchy rain possible', 'icon': '//cdn.weatherapi.com/weather/64x64/day/176.png', 'code': 1063}",10.5,16.9,37,NE,1007.0,29.74,0.02,0.0,0.0,79,80,28.3,82.9,25.9,78.6,28.3,82.9,22.0,71.7,0,45,0,0,10.0,6.0,15.8,25.5,6.0
1734951600,2024-12-23 19:00,25.5,77.9,1,"{'text': 'Patchy rain possible', 'icon': '//cdn.weatherapi.com/weather/64x64/day/176.png', 'code': 1063}",9.4,15.1,35,NE,1008.0,29.76,0.01,0.0,0.0,80,80,27.7,81.9,25.5,77.9,27.7,81.9,21.7,71.1,0,45,0,0,10.0,6.0,14.9,23.9,6.0
1734955200,2024-12-23 20:00,25.3,77.5,0,"{'text': 'Cloudy', 'icon': '//cdn.weatherapi.com/weather/64x64/night/119.png', 'code': 1006}",8.3,13.3,30,NNE,1009.0,29.79,0.0,0.0,0.0,80,69,27.5,81.4,25.3,77.5,27.5,81.4,21.6,70.9,0,45,0,0,10.0,6.0,13.4,21.5,0.0
1734958800,2024-12-23 21:00,25.2,77.3,0,"{'text': 'Cloudy', 'icon': '//cdn.weatherapi.com/weather/64x64/night/119.png', 'code': 1006}",7.8,12.6,24,NNE,1010.0,29.83,0.0,0.0,0.0,81,68,27.4,81.3,25.2,77.3,27.4,81.3,21.6,70.9,0,0,0,0,10.0,6.0,12.7,20.4,0.0
1734962400,2024-12-23 22:00,25.0,77.1,0,"{'text': 'Cloudy', 'icon': '//cdn.weatherapi.com/weather/64x64/night/119.png', 'code': 1006}",6.9,11.2,18,NNE,1011.0,29.85,0.0,0.0,0.0,81,63,27.2,81.0,25.1,77.1,27.2,81.0,21.5,70.8,0,0,0,0,10.0,6.0,11.3,18.2,0.0
1734966000,2024-12-23 23:00,24.8,76.6,0,"{'text': 'Partly cloudy', 'icon': '//cdn.weatherapi.com/weather/64x64/night/116.png', 'code': 1003}",6.7,10.8,11,NNE,1011.0,29.85,0.0,0.0,0.0,82,54,26.9,80.4,24.8,76.6,26.9,80.4,21.5,70.6,0,0,0,0,10.0,6.0,11.2,18.0,0.0
