time_epoch,time,temp_c,temp_f,is_day,condition,wind_mph,wind_kph,wind_degree,wind_dir,pressure_mb,pressure_in,precip_mm,precip_in,snow_cm,humidity,cloud,feelslike_c,feelslike_f,windchill_c,windchill_f,heatindex_c,heatindex_f,dewpoint_c,dewpoint_f,will_it_rain,chance_of_rain,will_it_snow,chance_of_snow,vis_km,vis_miles,gust_mph,gust_kph,uv
1735315200,2024-12-28 00:00,23.7,74.7,0,"{'text': 'Fog', 'icon': '//cdn.weatherapi.com/weather/64x64/night/248.png', 'code': 1135}",0.7,1.1,261,W,1012.0,29.89,0.01,0.0,0.0,97,100,26.4,79.4,23.7,74.7,26.4,79.4,23.2,73.8,0,45,0,0,0.0,0.0,1.2,2.0,0.0
1735318800,2024-12-28 01:00,23.7,74.6,0,"{'text': 'Fog', 'icon': '//cdn.weatherapi.com/weather/64x64/night/248.png', 'code': 1135}",1.1,1.8,259,W,1012.0,29.88,0.03,0.0,0.0,97,100,26.3,79.3,23.7,74.6,26.3,79.3,23.2,73.7,0,45,0,0,0.0,0.0,2.1,3.3,0.0
1735322400,2024-12-28 02:00,23.5,74.3,0,"{'text': 'Light drizzle', 'icon': '//cdn.weatherapi.com/weather/64x64/night/266.png', 'code': 1153}",1.1,1.8,239,WSW,1011.0,29.86,0.61,0.02,0.0,98,75,26.1,78.9,23.5,74.3,26.1,78.9,23.1,73.6,1,100,0,0,2.0,1.0,2.1,3.3,0.0
1735326000,2024-12-28 03:00,23.4,74.2,0,"{'text': 'Light rain shower', 'icon': '//cdn.weatherapi.com/weather/64x64/night/353.png', 'code': 1240}",1.6,2.5,261,W,1011.0,29.84,0.25,0.01,0.0,98,51,26.0,78.8,23.4,74.2,26.0,78.8,23.0,73.4,1,100,0,0,10.0,6.0,2.9,4.7,0.0
1735329600,2024-12-28 04:00,23.3,73.9,0,"{'text': 'Light rain shower', 'icon': '//cdn.weatherapi.com/weather/64x64/night/353.png', 'code': 1240}",1.8,2.9,219,SW,1010.0,29.84,2.32,0.09,0.0,98,62,25.8,78.5,23.3,73.9,25.8,78.5,22.9,73.3,1,100,0,0,10.0,6.0,3.2,5.2,0.0
1735333200,2024-12-28 05:00,23.0,73.5,0,"{'text': 'Light rain shower', 'icon': '//cdn.weatherapi.com/weather/64x64/night/353.png', 'code': 1240}",1.6,2.5,233,SW,1011.0,29.84,2.16,0.09,0.0,99,76,25.6,78.0,23.0,73.5,25.6,78.0,22.8,73.0,1,100,0,0,10.0,6.0,2.8,4.4,0.0
1735336800,2024-12-28 06:00,23.0,73.5,0,"{'text': 'Light rain shower', 'icon': '//cdn.weatherapi.com/weather/64x64/night/353.png', 'code': 1240}",0.9,1.4,241,WSW,1011.0,29.87,0.39,0.02,0.0,98,81,25.6,78.0,23.0,73.5,25.6,78.0,22.8,73.0,1,100,0,0,10.0,6.0,1.6,2.6,0.0
1735340400,2024-12-28 07:00,23.1,73.5,1,"{'text': 'Light rain shower', 'icon': '//cdn.weatherapi.com/weather/64x64/day/353.png', 'code': 1240}",0.9,1.4,189,S,1012.0,29.88,0.19,0.01,0.0,98,76,25.6,78.1,23.1,73.5,25.6,78.1,22.8,73.0,1,100,0,0,10.0,6.0,1.7,2.7,5.0
1735344000,2024-12-28 08:00,23.2,73.8,1,"{'text': 'Light rain shower', 'icon': '//cdn.weatherapi.com/weather/64x64/day/353.png', 'code': 1240}",0.9,1.4,194,SSW,1013.0,29.91,0.18,0.01,0.0,98,73,25.8,78.4,23.2,73.8,25.8,78.4,22.9,73.2,1,100,0,0,10.0,6.0,1.7,2.7,5.0
1735347600,2024-12-28 09:00,23.6,74.4,1,"{'text': 'Fog', 'icon': '//cdn.weatherapi.com/weather/64x64/day/248.png', 'code': 1135}",0.9,1.4,135,SE,1013.0,29.93,0.0,0.0,0.0,98,100,26.2,79.2,23.6,74.4,26.2,79.2,23.2,73.8,0,45,0,0,0.0,0.0,1.5,2.4,5.0
1735351200,2024-12-28 10:00,24.1,75.4,1,"{'text': 'Fog', 'icon': '//cdn.weatherapi.com/weather/64x64/day/248.png', 'code': 1135}",0.9,1.4,146,SSE,1013.0,29.93,0.02,0.0,0.0,97,100,27.0,80.5,24.1,75.4,27.0,80.5,23.7,74.6,0,45,0,0,0.0,0.0,1.4,2.2,5.0
1735354800,2024-12-28 11:00,24.9,76.9,1,"{'text': 'Mist', 'icon': '//cdn.weatherapi.com/weather/64x64/day/143.png', 'code': 1030}",0.9,1.4,99,E,1013.0,29.91,0.03,0.0,0.0,94,70,28.0,82.4,24.9,76.9,28.0,82.4,23.9,75.1,0,45,0,0,2.0,1.0,1.3,2.0,5.0
1735358400,2024-12-28 12:00,25.5,77.8,1,"{'text': 'Patchy light rain', 'icon': '//cdn.weatherapi.com/weather/64x64/day/293.png', 'code': 1180}",1.1,1.8,47,NE,1012.0,29.88,0.81,0.03,0.0,92,71,28.8,83.8,25.5,77.8,28.8,83.8,24.1,75.5,1,100,0,0,9.0,5.0,1.5,2.4,6.0
1735362000,2024-12-28 13:00,25.8,78.5,1,"{'text': 'Light rain shower', 'icon': '//cdn.weatherapi.com/weather/64x64/day/353.png', 'code': 1240}",1.8,2.9,23,NNE,1011.0,29.85,0.8,0.03,0.0,91,66,29.3,84.7,25.8,78.5,29.3,84.7,24.2,75.6,1,100,0,0,10.0,6.0,2.5,4.0,6.0
1735365600,2024-12-28 14:00,26.2,79.1,1,"{'text': 'Light rain shower', 'icon': '//cdn.weatherapi.com/weather/64x64/day/353.png', 'code': 1240}",2.7,4.3,22,NNE,1010.0,29.83,0.63,0.02,0.0,90,73,29.9,85.8,26.2,79.1,29.9,85.8,24.5,76.0,1,100,0,0,10.0,6.0,3.7,6.0,6.0
1735369200,2024-12-28 15:00,26.1,79.0,1,"{'text': 'Light rain shower', 'icon': '//cdn.weatherapi.com/weather/64x64/day/353.png', 'code': 1240}",2.5,4.0,21,NNE,1009.0,29.8,0.54,0.02,0.0,92,73,29.9,85.9,26.1,79.0,29.9,85.9,24.6,76.3,1,100,0,0,10.0,6.0,3.5,5.6,6.0
1735372800,2024-12-28 16:00,26.0,78.8,1,"{'text': 'Light rain shower', 'icon': '//cdn.weatherapi.com/weather/64x64/day/353.png', 'code': 1240}",1.8,2.9,30,NNE,1009.0,29.79,0.16,0.01,0.0,92,68,29.7,85.5,26.0,78.8,29.7,85.5,24.6,76.2,1,100,0,0,10.0,6.0,2.6,4.2,6.0
1735376400,2024-12-28 17:00,25.8,78.5,1,"{'text': 'Light rain shower', 'icon': '//cdn.weatherapi.com/weather/64x64/day/353.png', 'code': 1240}",1.8,2.9,44,NE,1009.0,29.8,0.18,0.01,0.0,93,62,29.5,85.1,25.8,78.5,29.5,85.1,24.6,76.3,1,100,0,0,10.0,6.0,2.7,4.4,6.0
1735380000,2024-12-28 18:00,25.4,77.7,1,"{'text': 'Mist', 'icon': '//cdn.weatherapi.com/weather/64x64/day/143.png', 'code': 1030}",1.1,1.8,63,ENE,1010.0,29.82,0.03,0.0,0.0,95,79,28.9,84.0,25.4,77.7,28.9,84.0,24.5,76.2,0,45,0,0,2.0,1.0,1.8,2.9,6.0
1735383600,2024-12-28 19:00,24.2,75.5,0,"{'text': 'Mist', 'icon': '//cdn.weatherapi.com/weather/64x64/night/143.png', 'code': 1030}",0.9,1.4,53,NE,1010.0,29.83,0.05,0.0,0.0,97,56,27.0,80.5,24.2,75.5,27.0,80.5,23.6,74.5,0,45,0,0,2.0,1.0,1.7,2.7,0.0
1735387200,2024-12-28 20:00,23.9,75.1,0,"{'text': 'Patchy rain possible', 'icon': '//cdn.weatherapi.com/weather/64x64/night/176.png', 'code': 1063}",0.4,0.7,66,ENE,1011.0,29.86,0.02,0.0,0.0,97,65,26.6,80.0,23.9,75.1,26.6,80.0,23.4,74.2,0,45,0,0,10.0,6.0,0.9,1.4,0.0
1735390800,2024-12-28 21:00,23.8,74.9,0,"{'text': 'Light rain shower', 'icon': '//cdn.weatherapi.com/weather/64x64/night/353.png', 'code': 1240}",0.2,0.4,38,NE,1012.0,29.88,0.24,0.01,0.0,97,54,26.5,79.6,23.8,74.9,26.5,79.6,23.3,74.0,1,100,0,0,10.0,6.0,0.4,0.7,0.0
1735394400,2024-12-28 22:00,23.7,74.7,0,"{'text': 'Partly cloudy', 'icon': '//cdn.weatherapi.com/weather/64x64/night/116.png', 'code': 1003}",0.2,0.4,2,N,1012.0,29.89,0.0,0.0,0.0,97,49,26.4,79.5,23.7,74.7,26.4,79.5,23.3,73.9,0,0,0,0,10.0,6.0,0.4,0.7,0.0
1735398000,2024-12-28 23:00,23.7,74.6,0,"{'text': 'Partly cloudy', 'icon': '//cdn.weatherapi.com/weather/64x64/night/116.png', 'code': 1003}",0.4,0.7,342,NNW,1012.0,29.88,0.0,0.0,0.0,97,54,26.3,79.3,23.7,74.6,26.3,79.3,23.2,73.8,0,0,0,0,10.0,6.0,0.8,1.3,0.0
