time_epoch,time,temp_c,temp_f,is_day,condition,wind_mph,wind_kph,wind_degree,wind_dir,pressure_mb,pressure_in,precip_mm,precip_in,snow_cm,humidity,cloud,feelslike_c,feelslike_f,windchill_c,windchill_f,heatindex_c,heatindex_f,dewpoint_c,dewpoint_f,will_it_rain,chance_of_rain,will_it_snow,chance_of_snow,vis_km,vis_miles,gust_mph,gust_kph,uv
1735401600,2024-12-29 00:00,23.5,74.4,0,"{'text': 'Partly cloudy', 'icon': '//cdn.weatherapi.com/weather/64x64/night/116.png', 'code': 1003}",0.2,0.4,333,NNW,1012.0,29.9,0.0,0.0,0.0,97,55,26.1,79.0,23.5,74.4,26.1,79.0,23.0,73.4,0,0,0,0,10.0,6.0,0.4,0.7,0.0
1735405200,2024-12-29 01:00,23.4,74.1,0,"{'text': 'Partly cloudy', 'icon': '//cdn.weatherapi.com/weather/64x64/night/116.png', 'code': 1003}",0.4,0.7,284,WNW,1012.0,29.88,0.0,0.0,0.0,97,57,25.9,78.6,23.4,74.1,25.9,78.6,22.9,73.1,0,0,0,0,10.0,6.0,0.9,1.4,0.0
1735408800,2024-12-29 02:00,23.2,73.8,0,"{'text': 'Partly cloudy', 'icon': '//cdn.weatherapi.com/weather/64x64/night/116.png', 'code': 1003}",0.4,0.7,256,WSW,1011.0,29.86,0.0,0.0,0.0,97,41,25.7,78.3,23.2,73.8,25.7,78.3,22.7,72.9,0,0,0,0,10.0,6.0,0.9,1.4,0.0
1735412400,2024-12-29 03:00,23.1,73.5,0,"{'text': 'Fog', 'icon': '//cdn.weatherapi.com/weather/64x64/night/248.png', 'code': 1135}",0.9,1.4,219,SW,1010.0,29.83,0.0,0.0,0.0,97,100,25.6,78.0,23.1,73.5,25.6,78.0,22.6,72.7,0,0,0,0,0.0,0.0,1.7,2.8,0.0
1735416000,2024-12-29 04:00,22.9,73.3,0,"{'text': 'Fog', 'icon': '//cdn.weatherapi.com/weather/64x64/night/248.png', 'code': 1135}",0.9,1.4,214,SW,1010.0,29.82,0.0,0.0,0.0,97,100,25.4,77.7,22.9,73.3,25.4,77.7,22.5,72.5,0,0,0,0,0.0,0.0,1.7,2.8,0.0
1735419600,2024-12-29 05:00,22.8,73.1,0,"{'text': 'Fog', 'icon': '//cdn.weatherapi.com/weather/64x64/night/248.png', 'code': 1135}",0.9,1.4,184,S,1010.0,29.83,0.0,0.0,0.0,98,100,25.3,77.6,22.8,73.1,25.3,77.6,22.4,72.4,0,45,0,0,0.0,0.0,1.7,2.8,0.0
1735423200,2024-12-29 06:00,22.8,73.0,0,"{'text': 'Fog', 'icon': '//cdn.weatherapi.com/weather/64x64/night/248.png', 'code': 1135}",0.7,1.1,189,S,1011.0,29.84,0.0,0.0,0.0,97,100,25.3,77.5,22.8,73.0,25.3,77.5,22.4,72.2,0,45,0,0,0.0,0.0,1.3,2.1,0.0
1735426800,2024-12-29 07:00,22.9,73.3,1,"{'text': 'Fog', 'icon': '//cdn.weatherapi.com/weather/64x64/day/248.png', 'code': 1135}",1.1,1.8,167,SSE,1011.0,29.86,0.01,0.0,0.0,97,100,25.4,77.7,22.9,73.3,25.4,77.7,22.5,72.5,0,45,0,0,0.0,0.0,2.1,3.3,5.0
1735430400,2024-12-29 08:00,24.2,75.5,1,"{'text': 'Mist', 'icon': '//cdn.weatherapi.com/weather/64x64/day/143.png', 'code': 1030}",0.7,1.1,177,S,1012.0,29.88,0.0,0.0,0.0,95,42,26.9,80.4,24.2,75.5,26.9,80.4,23.4,74.1,0,45,0,0,2.0,1.0,1.1,1.7,5.0
1735434000,2024-12-29 09:00,25.9,78.6,1,"{'text': 'Patchy rain possible', 'icon': '//cdn.weatherapi.com/weather/64x64/day/176.png', 'code': 1063}",0.7,1.1,149,SSE,1012.0,29.9,0.02,0.0,0.0,89,86,29.3,84.7,25.9,78.6,29.3,84.7,24.0,75.2,0,45,0,0,10.0,6.0,0.9,1.4,6.0
1735437600,2024-12-29 10:00,27.9,82.2,1,"{'text': 'Patchy light drizzle', 'icon': '//cdn.weatherapi.com/weather/64x64/day/263.png', 'code': 1150}",0.7,1.1,29,NNE,1012.0,29.89,0.5,0.02,0.0,81,74,32.2,89.9,27.9,82.2,32.2,89.9,24.2,75.6,1,100,0,0,5.0,3.0,0.8,1.3,6.0
1735441200,2024-12-29 11:00,28.7,83.6,1,"{'text': 'Light rain shower', 'icon': '//cdn.weatherapi.com/weather/64x64/day/353.png', 'code': 1240}",2.2,3.6,4,N,1012.0,29.88,1.19,0.05,0.0,77,68,33.4,92.0,28.7,83.6,33.4,92.0,24.3,75.7,1,100,0,0,10.0,6.0,2.8,4.5,6.0
1735444800,2024-12-29 12:00,28.2,82.8,1,"{'text': 'Light rain shower', 'icon': '//cdn.weatherapi.com/weather/64x64/day/353.png', 'code': 1240}",2.9,4.7,5,N,1011.0,29.86,0.86,0.03,0.0,80,77,32.9,91.3,28.2,82.8,32.9,91.3,24.5,76.2,1,100,0,0,10.0,6.0,4.1,6.6,6.0
1735448400,2024-12-29 13:00,28.6,83.5,1,"{'text': 'Light rain shower', 'icon': '//cdn.weatherapi.com/weather/64x64/day/353.png', 'code': 1240}",3.1,5.0,349,N,1010.0,29.83,0.22,0.01,0.0,78,78,33.4,92.1,28.6,83.5,33.4,92.1,24.4,75.9,1,100,0,0,10.0,6.0,4.7,7.5,6.0
1735452000,2024-12-29 14:00,29.0,84.1,1,"{'text': 'Light rain shower', 'icon': '//cdn.weatherapi.com/weather/64x64/day/353.png', 'code': 1240}",3.4,5.4,345,NNW,1009.0,29.8,0.45,0.02,0.0,75,72,33.6,92.5,29.0,84.1,33.6,92.5,24.1,75.4,1,100,0,0,10.0,6.0,5.2,8.4,6.0
1735455600,2024-12-29 15:00,28.7,83.6,1,"{'text': 'Light rain shower', 'icon': '//cdn.weatherapi.com/weather/64x64/day/353.png', 'code': 1240}",4.0,6.5,342,NNW,1008.0,29.77,0.37,0.01,0.0,76,87,33.1,91.6,28.7,83.6,33.1,91.6,24.0,75.2,1,100,0,0,10.0,6.0,5.2,8.4,6.0
1735459200,2024-12-29 16:00,28.1,82.7,1,"{'text': 'Light rain shower', 'icon': '//cdn.weatherapi.com/weather/64x64/day/353.png', 'code': 1240}",3.6,5.8,338,NNW,1008.0,29.76,0.24,0.01,0.0,79,76,32.5,90.6,28.1,82.7,32.5,90.6,24.3,75.7,1,100,0,0,10.0,6.0,4.9,7.8,6.0
1735462800,2024-12-29 17:00,27.5,81.5,1,"{'text': 'Light rain shower', 'icon': '//cdn.weatherapi.com/weather/64x64/day/353.png', 'code': 1240}",3.4,5.4,340,NNW,1008.0,29.77,0.44,0.02,0.0,84,62,31.9,89.4,27.5,81.5,31.9,89.4,24.6,76.3,1,100,0,0,10.0,6.0,4.8,7.8,6.0
1735466400,2024-12-29 18:00,25.9,78.7,1,"{'text': 'Light rain shower', 'icon': '//cdn.weatherapi.com/weather/64x64/day/353.png', 'code': 1240}",2.9,4.7,342,NNW,1009.0,29.79,0.32,0.01,0.0,92,51,29.6,85.3,25.9,78.7,29.6,85.3,24.5,76.1,1,100,0,0,10.0,6.0,4.9,8.0,6.0
1735470000,2024-12-29 19:00,24.4,75.9,0,"{'text': 'Mist', 'icon': '//cdn.weatherapi.com/weather/64x64/night/143.png', 'code': 1030}",2.5,4.0,333,NNW,1010.0,29.82,0.06,0.0,0.0,95,53,27.2,80.9,24.4,75.9,27.2,80.9,23.5,74.4,0,45,0,0,2.0,1.0,4.9,8.0,0.0
1735473600,2024-12-29 20:00,24.0,75.2,0,"{'text': 'Mist', 'icon': '//cdn.weatherapi.com/weather/64x64/night/143.png', 'code': 1030}",1.8,2.9,317,NW,1010.0,29.84,0.03,0.0,0.0,96,58,26.7,80.0,24.0,75.2,26.7,80.0,23.3,73.9,0,45,0,0,2.0,1.0,3.6,5.8,0.0
1735477200,2024-12-29 21:00,23.8,74.9,0,"{'text': 'Mist', 'icon': '//cdn.weatherapi.com/weather/64x64/night/143.png', 'code': 1030}",2.0,3.2,325,NW,1011.0,29.86,0.09,0.0,0.0,96,71,26.5,79.6,23.9,74.9,26.5,79.6,23.2,73.7,0,45,0,0,2.0,1.0,4.0,6.5,0.0
1735480800,2024-12-29 22:00,23.7,74.7,0,"{'text': 'Mist', 'icon': '//cdn.weatherapi.com/weather/64x64/night/143.png', 'code': 1030}",2.0,3.2,303,WNW,1012.0,29.88,0.07,0.0,0.0,96,70,26.3,79.3,23.7,74.7,26.3,79.3,23.1,73.5,0,45,0,0,2.0,1.0,4.0,6.4,0.0
1735484400,2024-12-29 23:00,23.6,74.4,0,"{'text': 'Mist', 'icon': '//cdn.weatherapi.com/weather/64x64/night/143.png', 'code': 1030}",2.2,3.6,297,WNW,1012.0,29.88,0.03,0.0,0.0,97,52,26.1,79.0,23.6,74.4,26.1,79.0,23.0,73.4,0,45,0,0,2.0,1.0,4.4,7.1,0.0
