time_epoch,time,temp_c,temp_f,is_day,condition,wind_mph,wind_kph,wind_degree,wind_dir,pressure_mb,pressure_in,precip_mm,precip_in,snow_cm,humidity,cloud,feelslike_c,feelslike_f,windchill_c,windchill_f,heatindex_c,heatindex_f,dewpoint_c,dewpoint_f,will_it_rain,chance_of_rain,will_it_snow,chance_of_snow,vis_km,vis_miles,gust_mph,gust_kph,uv
1735488000,2024-12-30 00:00,23.5,74.4,0,"{'text': 'Fog', 'icon': '//cdn.weatherapi.com/weather/64x64/night/248.png', 'code': 1135}",1.6,2.5,297,WNW,1011.0,29.86,0.01,0.0,0.0,98,100,26.1,79.0,23.5,74.4,26.1,79.0,23.1,73.6,0,45,0,0,0.0,0.0,3.0,4.8,0.0
1735491600,2024-12-30 01:00,23.6,74.4,0,"{'text': 'Fog', 'icon': '//cdn.weatherapi.com/weather/64x64/night/248.png', 'code': 1135}",1.6,2.5,265,W,1011.0,29.85,0.01,0.0,0.0,97,100,26.2,79.1,23.6,74.4,26.2,79.1,23.1,73.7,0,45,0,0,0.0,0.0,3.0,4.8,0.0
1735495200,2024-12-30 02:00,23.5,74.2,0,"{'text': 'Fog', 'icon': '//cdn.weatherapi.com/weather/64x64/night/248.png', 'code': 1135}",1.8,2.9,238,WSW,1010.0,29.84,0.14,0.01,0.0,98,100,26.1,78.9,23.5,74.2,26.1,78.9,23.1,73.6,1,100,0,0,0.0,0.0,3.4,5.4,0.0
1735498800,2024-12-30 03:00,23.3,74.0,0,"{'text': 'Fog', 'icon': '//cdn.weatherapi.com/weather/64x64/night/248.png', 'code': 1135}",1.8,2.9,230,SW,1010.0,29.82,0.03,0.0,0.0,98,100,25.9,78.6,23.3,74.0,25.9,78.6,23.0,73.4,0,45,0,0,0.0,0.0,3.3,5.4,0.0
1735502400,2024-12-30 04:00,23.2,73.8,0,"{'text': 'Fog', 'icon': '//cdn.weatherapi.com/weather/64x64/night/248.png', 'code': 1135}",1.6,2.5,229,SW,1010.0,29.81,0.13,0.01,0.0,98,100,25.8,78.5,23.2,73.8,25.8,78.5,23.0,73.3,1,100,0,0,0.0,0.0,2.9,4.6,0.0
1735506000,2024-12-30 05:00,23.2,73.7,0,"{'text': 'Fog', 'icon': '//cdn.weatherapi.com/weather/64x64/night/248.png', 'code': 1135}",1.1,1.8,233,SW,1010.0,29.81,0.0,0.0,0.0,99,100,25.7,78.3,23.2,73.7,25.7,78.3,22.9,73.3,0,45,0,0,0.0,0.0,2.1,3.3,0.0
1735509600,2024-12-30 06:00,23.1,73.7,0,"{'text': 'Fog', 'icon': '//cdn.weatherapi.com/weather/64x64/night/248.png', 'code': 1135}",1.3,2.2,225,SW,1010.0,29.84,0.0,0.0,0.0,99,100,25.7,78.3,23.1,73.7,25.7,78.3,22.9,73.2,0,45,0,0,0.0,0.0,2.4,3.9,0.0
1735513200,2024-12-30 07:00,23.2,73.8,1,"{'text': 'Fog', 'icon': '//cdn.weatherapi.com/weather/64x64/day/248.png', 'code': 1135}",1.1,1.8,209,SSW,1011.0,29.85,0.01,0.0,0.0,99,100,25.8,78.4,23.2,73.8,25.8,78.4,23.0,73.4,0,45,0,0,0.0,0.0,2.0,3.2,5.0
1735516800,2024-12-30 08:00,24.2,75.6,1,"{'text': 'Mist', 'icon': '//cdn.weatherapi.com/weather/64x64/day/143.png', 'code': 1030}",1.3,2.2,219,SW,1011.0,29.87,0.0,0.0,0.0,97,62,27.1,80.8,24.2,75.6,27.1,80.8,23.7,74.7,0,45,0,0,2.0,1.0,2.1,3.4,5.0
1735520400,2024-12-30 09:00,25.6,78.1,1,"{'text': 'Partly cloudy', 'icon': '//cdn.weatherapi.com/weather/64x64/day/116.png', 'code': 1003}",1.1,1.8,247,WSW,1012.0,29.88,0.0,0.0,0.0,93,60,29.1,84.3,25.6,78.1,29.1,84.3,24.3,75.8,0,0,0,0,10.0,6.0,1.5,2.4,7.0
1735524000,2024-12-30 10:00,26.8,80.3,1,"{'text': 'Patchy rain possible', 'icon': '//cdn.weatherapi.com/weather/64x64/day/176.png', 'code': 1063}",0.9,1.4,223,SW,1012.0,29.89,0.01,0.0,0.0,87,57,30.8,87.4,26.8,80.3,30.8,87.4,24.4,76.0,0,45,0,0,10.0,6.0,1.1,1.8,6.0
1735527600,2024-12-30 11:00,27.7,81.9,1,"{'text': 'Patchy rain possible', 'icon': '//cdn.weatherapi.com/weather/64x64/day/176.png', 'code': 1063}",0.9,1.4,291,WNW,1011.0,29.87,0.02,0.0,0.0,80,65,31.7,89.1,27.7,81.9,31.7,89.1,23.9,75.1,0,45,0,0,10.0,6.0,1.1,1.8,6.0
1735531200,2024-12-30 12:00,28.7,83.6,1,"{'text': 'Patchy rain possible', 'icon': '//cdn.weatherapi.com/weather/64x64/day/176.png', 'code': 1063}",1.6,2.5,311,NW,1011.0,29.84,0.05,0.0,0.0,73,65,32.7,90.8,28.7,83.6,32.7,90.8,23.4,74.0,0,45,0,0,10.0,6.0,1.9,3.0,6.0
1735534800,2024-12-30 13:00,29.0,84.2,1,"{'text': 'Patchy rain possible', 'icon': '//cdn.weatherapi.com/weather/64x64/day/176.png', 'code': 1063}",1.8,2.9,316,NW,1010.0,29.82,0.09,0.0,0.0,70,60,32.9,91.2,29.0,84.2,32.9,91.2,23.1,73.5,0,45,0,0,10.0,6.0,2.2,3.6,6.0
1735538400,2024-12-30 14:00,29.3,84.7,1,"{'text': 'Patchy rain possible', 'icon': '//cdn.weatherapi.com/weather/64x64/day/176.png', 'code': 1063}",2.7,4.3,310,NW,1009.0,29.79,0.04,0.0,0.0,68,83,33.1,91.5,29.3,84.7,33.1,91.5,22.8,73.1,0,45,0,0,10.0,6.0,3.4,5.5,6.0
1735542000,2024-12-30 15:00,29.3,84.7,1,"{'text': 'Patchy rain possible', 'icon': '//cdn.weatherapi.com/weather/64x64/day/176.png', 'code': 1063}",2.5,4.0,314,NW,1008.0,29.77,0.06,0.0,0.0,68,85,33.1,91.5,29.3,84.7,33.1,91.5,22.8,73.0,0,45,0,0,10.0,6.0,3.3,5.3,6.0
1735545600,2024-12-30 16:00,29.9,85.8,1,"{'text': 'Patchy rain possible', 'icon': '//cdn.weatherapi.com/weather/64x64/day/176.png', 'code': 1063}",2.9,4.7,328,NNW,1007.0,29.75,0.05,0.0,0.0,66,76,33.9,92.9,29.9,85.8,33.9,92.9,22.8,73.0,0,45,0,0,10.0,6.0,3.7,5.9,6.0
1735549200,2024-12-30 17:00,29.2,84.5,1,"{'text': 'Patchy rain possible', 'icon': '//cdn.weatherapi.com/weather/64x64/day/176.png', 'code': 1063}",3.1,5.0,333,NNW,1007.0,29.74,0.02,0.0,0.0,71,70,33.2,91.8,29.2,84.5,33.2,91.8,23.3,73.9,0,45,0,0,10.0,6.0,4.4,7.1,6.0
1735552800,2024-12-30 18:00,27.0,80.6,1,"{'text': 'Patchy rain possible', 'icon': '//cdn.weatherapi.com/weather/64x64/day/176.png', 'code': 1063}",2.9,4.7,339,NNW,1008.0,29.76,0.02,0.0,0.0,83,88,30.6,87.2,27.0,80.6,30.6,87.2,23.9,75.0,0,45,0,0,10.0,6.0,5.1,8.2,6.0
1735556400,2024-12-30 19:00,25.2,77.3,0,"{'text': 'Partly cloudy', 'icon': '//cdn.weatherapi.com/weather/64x64/night/116.png', 'code': 1003}",2.7,4.3,328,NNW,1009.0,29.79,0.0,0.0,0.0,89,26,28.0,82.4,25.2,77.3,28.0,82.4,23.3,73.9,0,45,0,0,10.0,6.0,5.3,8.6,0.0
1735560000,2024-12-30 20:00,24.7,76.4,0,"{'text': 'Partly cloudy', 'icon': '//cdn.weatherapi.com/weather/64x64/night/116.png', 'code': 1003}",2.2,3.6,326,NNW,1010.0,29.82,0.0,0.0,0.0,91,38,27.3,81.1,24.7,76.4,27.3,81.1,23.1,73.6,0,45,0,0,10.0,6.0,4.5,7.2,0.0
1735563600,2024-12-30 21:00,24.5,76.1,0,"{'text': 'Patchy rain possible', 'icon': '//cdn.weatherapi.com/weather/64x64/night/176.png', 'code': 1063}",2.2,3.6,312,NW,1011.0,29.86,0.01,0.0,0.0,92,77,27.2,80.9,24.5,76.2,27.2,80.9,23.2,73.7,0,45,0,0,10.0,6.0,4.5,7.2,0.0
1735567200,2024-12-30 22:00,24.4,75.8,0,"{'text': 'Patchy rain possible', 'icon': '//cdn.weatherapi.com/weather/64x64/night/176.png', 'code': 1063}",2.2,3.6,292,WNW,1012.0,29.88,0.08,0.0,0.0,94,72,27.0,80.6,24.4,75.8,27.0,80.6,23.3,73.9,0,45,0,0,10.0,6.0,4.4,7.1,0.0
1735570800,2024-12-30 23:00,24.1,75.3,0,"{'text': 'Patchy rain possible', 'icon': '//cdn.weatherapi.com/weather/64x64/night/176.png', 'code': 1063}",2.2,3.6,277,W,1012.0,29.87,0.39,0.02,0.0,95,74,26.7,80.1,24.1,75.3,26.7,80.1,23.2,73.8,1,100,0,0,9.0,5.0,4.4,7.0,0.0
