time_epoch,time,temp_c,temp_f,is_day,condition,wind_mph,wind_kph,wind_degree,wind_dir,pressure_mb,pressure_in,precip_mm,precip_in,snow_cm,humidity,cloud,feelslike_c,feelslike_f,windchill_c,windchill_f,heatindex_c,heatindex_f,dewpoint_c,dewpoint_f,will_it_rain,chance_of_rain,will_it_snow,chance_of_snow,vis_km,vis_miles,gust_mph,gust_kph,uv
1735056000,2024-12-25 00:00,23.6,74.6,0,"{'text': 'Mist', 'icon': '//cdn.weatherapi.com/weather/64x64/night/143.png', 'code': 1030}",1.3,2.2,225,SW,1011.0,29.84,0.0,0.0,0.0,94,100,26.1,79.0,23.6,74.6,26.1,79.0,22.7,72.8,0,0,0,0,2.0,1.0,2.6,4.1,0.0
1735059600,2024-12-25 01:00,23.5,74.3,0,"{'text': 'Mist', 'icon': '//cdn.weatherapi.com/weather/64x64/night/143.png', 'code': 1030}",1.6,2.5,231,SW,1010.0,29.83,0.0,0.0,0.0,95,100,26.0,78.7,23.5,74.3,26.0,78.7,22.6,72.7,0,0,0,0,2.0,1.0,3.0,4.8,0.0
1735063200,2024-12-25 02:00,23.5,74.2,0,"{'text': 'Mist', 'icon': '//cdn.weatherapi.com/weather/64x64/night/143.png', 'code': 1030}",1.8,2.9,214,SW,1010.0,29.82,0.0,0.0,0.0,95,83,25.9,78.6,23.5,74.2,25.9,78.6,22.6,72.7,0,0,0,0,2.0,1.0,3.4,5.4,0.0
1735066800,2024-12-25 03:00,23.4,74.1,0,"{'text': 'Mist', 'icon': '//cdn.weatherapi.com/weather/64x64/night/143.png', 'code': 1030}",1.3,2.2,208,SSW,1009.0,29.81,0.0,0.0,0.0,95,89,25.8,78.5,23.4,74.1,25.8,78.5,22.6,72.6,0,0,0,0,2.0,1.0,2.5,4.0,0.0
1735070400,2024-12-25 04:00,23.3,73.9,0,"{'text': 'Mist', 'icon': '//cdn.weatherapi.com/weather/64x64/night/143.png', 'code': 1030}",1.3,2.2,204,SSW,1009.0,29.8,0.0,0.0,0.0,95,85,25.7,78.3,23.3,73.9,25.7,78.3,22.5,72.5,0,0,0,0,2.0,1.0,2.5,4.0,0.0
1735074000,2024-12-25 05:00,23.2,73.8,0,"{'text': 'Mist', 'icon': '//cdn.weatherapi.com/weather/64x64/night/143.png', 'code': 1030}",0.9,1.4,216,SW,1009.0,29.8,0.1,0.0,0.0,96,89,25.6,78.2,23.2,73.8,25.6,78.2,22.5,72.4,1,100,0,0,2.0,1.0,1.7,2.7,0.0
1735077600,2024-12-25 06:00,23.1,73.5,0,"{'text': 'Patchy rain possible', 'icon': '//cdn.weatherapi.com/weather/64x64/night/176.png', 'code': 1063}",1.3,2.2,179,S,1010.0,29.82,0.2,0.01,0.0,96,71,25.5,77.9,23.1,73.5,25.5,77.9,22.4,72.3,1,100,0,0,9.0,5.0,2.5,4.1,0.0
1735081200,2024-12-25 07:00,23.0,73.5,1,"{'text': 'Patchy light drizzle', 'icon': '//cdn.weatherapi.com/weather/64x64/day/263.png', 'code': 1150}",1.6,2.5,177,S,1011.0,29.84,0.48,0.02,0.0,97,81,25.5,77.9,23.1,73.5,25.5,77.9,22.5,72.5,1,100,0,0,5.0,3.0,2.9,4.6,5.0
1735084800,2024-12-25 08:00,23.8,74.9,1,"{'text': 'Patchy light drizzle', 'icon': '//cdn.weatherapi.com/weather/64x64/day/263.png', 'code': 1150}",1.3,2.2,139,SE,1012.0,29.87,0.39,0.02,0.0,95,88,26.4,79.5,23.8,74.9,26.4,79.5,23.0,73.4,1,100,0,0,5.0,3.0,2.2,3.5,5.0
1735088400,2024-12-25 09:00,25.2,77.3,1,"{'text': 'Patchy rain possible', 'icon': '//cdn.weatherapi.com/weather/64x64/day/176.png', 'code': 1063}",1.6,2.5,138,SE,1012.0,29.89,0.32,0.01,0.0,90,81,28.0,82.4,25.2,77.3,28.0,82.4,23.4,74.1,1,100,0,0,9.0,5.0,2.2,3.5,6.0
1735092000,2024-12-25 10:00,26.7,80.1,1,"{'text': 'Light rain shower', 'icon': '//cdn.weatherapi.com/weather/64x64/day/353.png', 'code': 1240}",1.8,2.9,112,ESE,1012.0,29.89,0.48,0.02,0.0,84,81,30.2,86.4,26.7,80.1,30.2,86.4,23.8,74.9,1,100,0,0,10.0,6.0,2.3,3.6,6.0
1735095600,2024-12-25 11:00,27.7,81.9,1,"{'text': 'Patchy rain possible', 'icon': '//cdn.weatherapi.com/weather/64x64/day/176.png', 'code': 1063}",1.8,2.9,119,ESE,1011.0,29.87,0.25,0.01,0.0,79,76,31.6,89.0,27.7,81.9,31.6,89.0,23.8,74.9,1,100,0,0,9.0,5.0,2.3,3.7,6.0
1735099200,2024-12-25 12:00,28.7,83.6,1,"{'text': 'Light rain shower', 'icon': '//cdn.weatherapi.com/weather/64x64/day/353.png', 'code': 1240}",2.0,3.2,93,E,1011.0,29.84,0.24,0.01,0.0,75,81,32.9,91.3,28.7,83.6,32.9,91.3,23.7,74.7,1,100,0,0,10.0,6.0,2.7,4.4,6.0
1735102800,2024-12-25 13:00,29.5,85.1,1,"{'text': 'Light rain shower', 'icon': '//cdn.weatherapi.com/weather/64x64/day/353.png', 'code': 1240}",2.2,3.6,66,ENE,1010.0,29.82,0.52,0.02,0.0,70,75,33.9,92.9,29.5,85.1,33.9,92.9,23.5,74.2,1,100,0,0,10.0,6.0,3.2,5.1,6.0
1735106400,2024-12-25 14:00,28.3,82.9,1,"{'text': 'Light rain shower', 'icon': '//cdn.weatherapi.com/weather/64x64/day/353.png', 'code': 1240}",3.1,5.0,32,NNE,1009.0,29.79,1.22,0.05,0.0,78,75,32.6,90.7,28.3,82.9,32.6,90.7,24.1,75.5,1,100,0,0,10.0,6.0,4.3,7.0,6.0
1735110000,2024-12-25 15:00,26.6,79.9,1,"{'text': 'Light rain shower', 'icon': '//cdn.weatherapi.com/weather/64x64/day/353.png', 'code': 1240}",3.4,5.4,22,NNE,1008.0,29.77,1.63,0.06,0.0,90,82,30.8,87.4,26.6,79.9,30.8,87.4,24.8,76.7,1,100,0,0,10.0,6.0,5.1,8.2,6.0
1735113600,2024-12-25 16:00,25.5,77.9,1,"{'text': 'Light rain shower', 'icon': '//cdn.weatherapi.com/weather/64x64/day/353.png', 'code': 1240}",2.5,4.0,37,NE,1008.0,29.76,1.16,0.05,0.0,94,50,29.1,84.3,25.5,77.9,29.1,84.3,24.5,76.2,1,100,0,0,10.0,6.0,4.3,6.9,6.0
1735117200,2024-12-25 17:00,24.9,76.7,1,"{'text': 'Light rain shower', 'icon': '//cdn.weatherapi.com/weather/64x64/day/353.png', 'code': 1240}",2.5,4.0,85,E,1008.0,29.77,0.84,0.03,0.0,95,63,27.9,82.2,24.9,76.7,27.9,82.2,23.9,75.0,1,100,0,0,10.0,6.0,4.6,7.4,5.0
1735120800,2024-12-25 18:00,24.4,76.0,1,"{'text': 'Light rain', 'icon': '//cdn.weatherapi.com/weather/64x64/day/296.png', 'code': 1183}",2.2,3.6,101,ESE,1009.0,29.8,0.76,0.03,0.0,95,81,27.3,81.1,24.4,76.0,27.3,81.1,23.6,74.6,1,100,0,0,9.0,5.0,4.3,6.9,5.0
1735124400,2024-12-25 19:00,24.0,75.2,0,"{'text': 'Light rain shower', 'icon': '//cdn.weatherapi.com/weather/64x64/night/353.png', 'code': 1240}",1.6,2.5,113,ESE,1010.0,29.83,0.5,0.02,0.0,96,84,26.7,80.0,24.0,75.2,26.7,80.0,23.3,74.0,1,100,0,0,10.0,6.0,3.1,5.0,0.0
1735128000,2024-12-25 20:00,23.8,74.8,0,"{'text': 'Light rain shower', 'icon': '//cdn.weatherapi.com/weather/64x64/night/353.png', 'code': 1240}",1.6,2.5,132,SE,1011.0,29.85,0.53,0.02,0.0,97,90,26.4,79.6,23.8,74.8,26.4,79.6,23.2,73.8,1,100,0,0,10.0,6.0,3.1,4.9,0.0
1735131600,2024-12-25 21:00,23.7,74.7,0,"{'text': 'Mist', 'icon': '//cdn.weatherapi.com/weather/64x64/night/143.png', 'code': 1030}",1.6,2.5,144,SE,1012.0,29.88,0.08,0.0,0.0,97,97,26.4,79.4,23.7,74.7,26.4,79.4,23.2,73.8,0,45,0,0,2.0,1.0,3.0,4.9,0.0
1735135200,2024-12-25 22:00,23.7,74.6,0,"{'text': 'Fog', 'icon': '//cdn.weatherapi.com/weather/64x64/night/248.png', 'code': 1135}",1.6,2.5,160,SSE,1012.0,29.89,0.0,0.0,0.0,97,100,26.3,79.3,23.7,74.6,26.3,79.3,23.2,73.7,0,0,0,0,0.0,0.0,3.0,4.8,0.0
1735138800,2024-12-25 23:00,23.6,74.4,0,"{'text': 'Fog', 'icon': '//cdn.weatherapi.com/weather/64x64/night/248.png', 'code': 1135}",1.1,1.8,157,SSE,1012.0,29.88,0.0,0.0,0.0,97,100,26.2,79.1,23.6,74.4,26.2,79.1,23.1,73.6,0,45,0,0,0.0,0.0,2.1,3.4,0.0
