time_epoch,time,temp_c,temp_f,is_day,condition,wind_mph,wind_kph,wind_degree,wind_dir,pressure_mb,pressure_in,precip_mm,precip_in,snow_cm,humidity,cloud,feelslike_c,feelslike_f,windchill_c,windchill_f,heatindex_c,heatindex_f,dewpoint_c,dewpoint_f,will_it_rain,chance_of_rain,will_it_snow,chance_of_snow,vis_km,vis_miles,gust_mph,gust_kph,uv
1735228800,2024-12-27 00:00,23.6,74.6,0,"{'text': 'Mist', 'icon': '//cdn.weatherapi.com/weather/64x64/night/143.png', 'code': 1030}",1.8,2.9,244,WSW,1012.0,29.88,0.0,0.0,0.0,97,38,26.3,79.3,23.7,74.6,26.3,79.3,23.1,73.7,0,0,0,0,2.0,1.0,3.4,5.5,0.0
1735232400,2024-12-27 01:00,23.4,74.1,0,"{'text': 'Fog', 'icon': '//cdn.weatherapi.com/weather/64x64/night/248.png', 'code': 1135}",1.6,2.5,230,SW,1012.0,29.87,0.06,0.0,0.0,98,100,26.0,78.7,23.4,74.1,26.0,78.7,23.0,73.4,0,45,0,0,0.0,0.0,3.0,4.9,0.0
1735236000,2024-12-27 02:00,23.3,73.9,0,"{'text': 'Fog', 'icon': '//cdn.weatherapi.com/weather/64x64/night/248.png', 'code': 1135}",1.3,2.2,242,WSW,1011.0,29.86,0.02,0.0,0.0,98,100,25.8,78.5,23.3,73.9,25.8,78.5,22.9,73.2,0,45,0,0,0.0,0.0,2.6,4.2,0.0
1735239600,2024-12-27 03:00,23.1,73.6,0,"{'text': 'Fog', 'icon': '//cdn.weatherapi.com/weather/64x64/night/248.png', 'code': 1135}",1.8,2.9,232,SW,1011.0,29.85,0.0,0.0,0.0,98,100,25.7,78.2,23.1,73.6,25.7,78.2,22.8,73.0,0,0,0,0,0.0,0.0,3.5,5.6,0.0
1735243200,2024-12-27 04:00,23.1,73.6,0,"{'text': 'Fog', 'icon': '//cdn.weatherapi.com/weather/64x64/night/248.png', 'code': 1135}",1.8,2.9,233,SW,1010.0,29.83,0.03,0.0,0.0,98,100,25.6,78.2,23.1,73.6,25.6,78.2,22.7,72.9,0,45,0,0,0.0,0.0,3.4,5.5,0.0
1735246800,2024-12-27 05:00,23.2,73.7,0,"{'text': 'Fog', 'icon': '//cdn.weatherapi.com/weather/64x64/night/248.png', 'code': 1135}",1.3,2.2,225,SW,1011.0,29.84,0.07,0.0,0.0,97,100,25.7,78.2,23.2,73.7,25.7,78.2,22.8,73.0,0,45,0,0,0.0,0.0,2.5,4.1,0.0
1735250400,2024-12-27 06:00,23.2,73.8,0,"{'text': 'Patchy light drizzle', 'icon': '//cdn.weatherapi.com/weather/64x64/night/263.png', 'code': 1150}",0.9,1.4,200,SSW,1011.0,29.87,0.52,0.02,0.0,97,86,25.7,78.3,23.2,73.8,25.7,78.3,22.8,73.0,1,100,0,0,5.0,3.0,1.7,2.7,0.0
1735254000,2024-12-27 07:00,23.2,73.8,1,"{'text': 'Fog', 'icon': '//cdn.weatherapi.com/weather/64x64/day/248.png', 'code': 1135}",0.9,1.4,199,SSW,1012.0,29.88,0.0,0.0,0.0,98,100,25.7,78.3,23.2,73.8,25.7,78.3,22.8,73.0,0,0,0,0,0.0,0.0,1.7,2.7,5.0
1735257600,2024-12-27 08:00,24.2,75.6,1,"{'text': 'Mist', 'icon': '//cdn.weatherapi.com/weather/64x64/day/143.png', 'code': 1030}",0.9,1.4,171,S,1013.0,29.9,0.05,0.0,0.0,96,84,27.0,80.5,24.2,75.6,27.0,80.5,23.5,74.3,0,45,0,0,2.0,1.0,1.5,2.3,5.0
1735261200,2024-12-27 09:00,25.4,77.6,1,"{'text': 'Patchy light rain', 'icon': '//cdn.weatherapi.com/weather/64x64/day/293.png', 'code': 1180}",0.7,1.1,149,SSE,1013.0,29.92,1.22,0.05,0.0,92,58,28.5,83.4,25.4,77.6,28.5,83.4,24.0,75.1,1,100,0,0,9.0,5.0,1.0,1.5,6.0
1735264800,2024-12-27 10:00,26.1,79.0,1,"{'text': 'Patchy rain possible', 'icon': '//cdn.weatherapi.com/weather/64x64/day/176.png', 'code': 1063}",0.4,0.7,57,ENE,1013.0,29.92,1.43,0.06,0.0,92,85,29.9,85.9,26.1,79.0,29.9,85.9,24.7,76.4,1,100,0,0,9.0,5.0,0.6,1.0,6.0
1735268400,2024-12-27 11:00,27.0,80.5,1,"{'text': 'Light rain shower', 'icon': '//cdn.weatherapi.com/weather/64x64/day/353.png', 'code': 1240}",1.1,1.8,47,NE,1013.0,29.91,1.11,0.04,0.0,89,100,31.3,88.4,27.0,80.5,31.3,88.4,24.9,76.8,1,100,0,0,10.0,6.0,1.8,2.9,6.0
1735272000,2024-12-27 12:00,26.7,80.0,1,"{'text': 'Light rain shower', 'icon': '//cdn.weatherapi.com/weather/64x64/day/353.png', 'code': 1240}",0.7,1.1,38,NE,1012.0,29.89,0.76,0.03,0.0,90,56,30.9,87.6,26.7,80.0,30.9,87.6,24.8,76.7,1,100,0,0,10.0,6.0,1.1,1.7,6.0
1735275600,2024-12-27 13:00,26.2,79.2,1,"{'text': 'Light rain shower', 'icon': '//cdn.weatherapi.com/weather/64x64/day/353.png', 'code': 1240}",0.0,0.0,250,WSW,1011.0,29.87,0.98,0.04,0.0,92,100,30.2,86.3,26.2,79.2,30.2,86.3,24.8,76.7,1,100,0,0,10.0,6.0,0.0,0.0,6.0
1735279200,2024-12-27 14:00,25.6,78.0,1,"{'text': 'Light rain shower', 'icon': '//cdn.weatherapi.com/weather/64x64/day/353.png', 'code': 1240}",0.2,0.4,273,W,1011.0,29.84,0.81,0.03,0.0,95,86,29.2,84.5,25.6,78.0,29.2,84.5,24.6,76.4,1,100,0,0,10.0,6.0,0.4,0.6,6.0
1735282800,2024-12-27 15:00,25.2,77.4,1,"{'text': 'Light rain shower', 'icon': '//cdn.weatherapi.com/weather/64x64/day/353.png', 'code': 1240}",0.2,0.4,283,WNW,1010.0,29.82,0.37,0.01,0.0,95,86,28.6,83.5,25.2,77.4,28.6,83.5,24.4,76.0,1,100,0,0,10.0,6.0,0.4,0.6,6.0
1735286400,2024-12-27 16:00,24.9,76.9,1,"{'text': 'Light drizzle', 'icon': '//cdn.weatherapi.com/weather/64x64/day/266.png', 'code': 1153}",0.2,0.4,236,WSW,1009.0,29.81,0.32,0.01,0.0,96,76,28.1,82.6,24.9,76.9,28.1,82.6,24.2,75.5,1,100,0,0,2.0,1.0,0.4,0.6,5.0
1735290000,2024-12-27 17:00,24.7,76.5,1,"{'text': 'Light rain shower', 'icon': '//cdn.weatherapi.com/weather/64x64/day/353.png', 'code': 1240}",0.4,0.7,260,W,1010.0,29.81,0.26,0.01,0.0,96,84,27.8,82.0,24.7,76.5,27.8,82.0,24.0,75.3,1,100,0,0,10.0,6.0,0.8,1.3,5.0
1735293600,2024-12-27 18:00,24.4,75.9,1,"{'text': 'Patchy light drizzle', 'icon': '//cdn.weatherapi.com/weather/64x64/day/263.png', 'code': 1150}",1.1,1.8,223,SW,1010.0,29.83,0.6,0.02,0.0,96,73,27.3,81.2,24.4,75.9,27.3,81.2,23.8,74.8,1,100,0,0,5.0,3.0,2.0,3.3,5.0
1735297200,2024-12-27 19:00,24.0,75.1,0,"{'text': 'Light rain shower', 'icon': '//cdn.weatherapi.com/weather/64x64/night/353.png', 'code': 1240}",1.3,2.2,205,SSW,1011.0,29.85,0.49,0.02,0.0,97,89,26.7,80.0,24.0,75.1,26.7,80.0,23.4,74.1,1,100,0,0,10.0,6.0,2.6,4.1,0.0
1735300800,2024-12-27 20:00,23.7,74.7,0,"{'text': 'Mist', 'icon': '//cdn.weatherapi.com/weather/64x64/night/143.png', 'code': 1030}",1.6,2.5,186,S,1012.0,29.88,0.1,0.0,0.0,97,73,26.3,79.4,23.7,74.7,26.3,79.4,23.2,73.8,1,100,0,0,2.0,1.0,3.0,4.9,0.0
1735304400,2024-12-27 21:00,23.6,74.5,0,"{'text': 'Fog', 'icon': '//cdn.weatherapi.com/weather/64x64/night/248.png', 'code': 1135}",1.6,2.5,175,S,1013.0,29.9,0.0,0.0,0.0,97,100,26.2,79.1,23.6,74.5,26.2,79.1,23.1,73.6,0,45,0,0,0.0,0.0,3.0,4.8,0.0
1735308000,2024-12-27 22:00,23.5,74.3,0,"{'text': 'Fog', 'icon': '//cdn.weatherapi.com/weather/64x64/night/248.png', 'code': 1135}",1.6,2.5,168,SSE,1013.0,29.91,0.01,0.0,0.0,97,100,26.1,78.9,23.5,74.3,26.1,78.9,23.1,73.5,0,45,0,0,0.0,0.0,2.9,4.7,0.0
1735311600,2024-12-27 23:00,23.4,74.1,0,"{'text': 'Fog', 'icon': '//cdn.weatherapi.com/weather/64x64/night/248.png', 'code': 1135}",1.3,2.2,184,S,1013.0,29.91,0.0,0.0,0.0,98,100,26.0,78.8,23.4,74.1,26.0,78.8,23.0,73.4,0,45,0,0,0.0,0.0,2.5,4.0,0.0
