time_epoch,time,temp_c,temp_f,is_day,condition,wind_mph,wind_kph,wind_degree,wind_dir,pressure_mb,pressure_in,precip_mm,precip_in,snow_cm,humidity,cloud,feelslike_c,feelslike_f,windchill_c,windchill_f,heatindex_c,heatindex_f,dewpoint_c,dewpoint_f,will_it_rain,chance_of_rain,will_it_snow,chance_of_snow,vis_km,vis_miles,gust_mph,gust_kph,uv
1734883200,2024-12-23 00:00,23.6,74.5,0,"{'text': 'Fog', 'icon': '//cdn.weatherapi.com/weather/64x64/night/248.png', 'code': 1135}",1.3,2.2,305,NW,1010.0,29.83,0.0,0.0,0.0,97,100,26.2,79.1,23.6,74.5,26.2,79.1,23.1,73.6,0,45,0,0,0.0,0.0,2.5,4.0,0.0
1734886800,2024-12-23 01:00,23.5,74.3,0,"{'text': 'Fog', 'icon': '//cdn.weatherapi.com/weather/64x64/night/248.png', 'code': 1135}",1.3,2.2,261,W,1010.0,29.82,0.04,0.0,0.0,97,100,26.1,79.0,23.5,74.3,26.1,79.0,23.0,73.4,0,45,0,0,0.0,0.0,2.5,4.0,0.0
1734890400,2024-12-23 02:00,23.5,74.3,0,"{'text': 'Mist', 'icon': '//cdn.weatherapi.com/weather/64x64/night/143.png', 'code': 1030}",1.8,2.9,237,WSW,1009.0,29.81,0.06,0.0,0.0,97,79,26.1,78.9,23.5,74.3,26.1,78.9,23.0,73.4,0,45,0,0,2.0,1.0,3.3,5.4,0.0
1734894000,2024-12-23 03:00,23.4,74.1,0,"{'text': 'Light drizzle', 'icon': '//cdn.weatherapi.com/weather/64x64/night/266.png', 'code': 1153}",2.0,3.2,222,SW,1009.0,29.79,0.62,0.02,0.0,98,78,26.0,78.8,23.4,74.1,26.0,78.8,23.0,73.4,1,100,0,0,2.0,1.0,3.7,5.9,0.0
1734897600,2024-12-23 04:00,23.2,73.7,0,"{'text': 'Light rain shower', 'icon': '//cdn.weatherapi.com/weather/64x64/night/353.png', 'code': 1240}",1.1,1.8,245,WSW,1009.0,29.78,0.73,0.03,0.0,98,74,25.7,78.3,23.2,73.7,25.7,78.3,22.8,73.1,1,100,0,0,10.0,6.0,2.0,3.2,0.0
1734901200,2024-12-23 05:00,23.0,73.4,0,"{'text': 'Light rain shower', 'icon': '//cdn.weatherapi.com/weather/64x64/night/353.png', 'code': 1240}",0.7,1.1,305,NW,1009.0,29.79,0.55,0.02,0.0,98,70,25.5,78.0,23.0,73.4,25.5,78.0,22.7,72.9,1,100,0,0,10.0,6.0,1.2,1.9,0.0
1734904800,2024-12-23 06:00,22.8,73.1,0,"{'text': 'Light rain shower', 'icon': '//cdn.weatherapi.com/weather/64x64/night/353.png', 'code': 1240}",0.7,1.1,269,W,1009.0,29.8,0.45,0.02,0.0,99,65,25.4,77.6,22.8,73.1,25.4,77.6,22.6,72.6,1,100,0,0,10.0,6.0,1.2,1.9,0.0
1734908400,2024-12-23 07:00,22.9,73.3,1,"{'text': 'Fog', 'icon': '//cdn.weatherapi.com/weather/64x64/day/248.png', 'code': 1135}",0.7,1.1,290,WNW,1010.0,29.81,0.0,0.0,0.0,98,100,25.5,77.8,22.9,73.3,25.5,77.8,22.7,72.8,0,45,0,0,0.0,0.0,1.2,1.9,5.0
1734912000,2024-12-23 08:00,24.0,75.2,1,"{'text': 'Mist', 'icon': '//cdn.weatherapi.com/weather/64x64/day/143.png', 'code': 1030}",0.7,1.1,180,S,1011.0,29.84,0.0,0.0,0.0,97,64,26.7,80.1,24.0,75.2,26.7,80.1,23.4,74.2,0,45,0,0,2.0,1.0,1.0,1.7,5.0
1734915600,2024-12-23 09:00,25.3,77.5,1,"{'text': 'Patchy light drizzle', 'icon': '//cdn.weatherapi.com/weather/64x64/day/263.png', 'code': 1150}",1.6,2.5,182,S,1011.0,29.86,0.7,0.03,0.0,93,55,28.4,83.2,25.3,77.5,28.4,83.2,24.0,75.2,1,100,0,0,5.0,3.0,2.1,3.5,6.0
1734919200,2024-12-23 10:00,26.9,80.5,1,"{'text': 'Patchy rain possible', 'icon': '//cdn.weatherapi.com/weather/64x64/day/176.png', 'code': 1063}",0.2,0.4,153,SSE,1011.0,29.86,0.54,0.02,0.0,86,74,30.9,87.7,26.9,80.5,30.9,87.7,24.4,75.9,1,100,0,0,9.0,5.0,0.3,0.5,6.0
1734922800,2024-12-23 11:00,28.8,83.9,1,"{'text': 'Light rain shower', 'icon': '//cdn.weatherapi.com/weather/64x64/day/353.png', 'code': 1240}",2.0,3.2,351,N,1010.0,29.84,0.22,0.01,0.0,75,64,33.2,91.8,28.8,83.9,33.2,91.8,23.9,74.9,1,100,0,0,10.0,6.0,2.6,4.2,6.0
1734926400,2024-12-23 12:00,28.6,83.4,1,"{'text': 'Light rain shower', 'icon': '//cdn.weatherapi.com/weather/64x64/day/353.png', 'code': 1240}",3.6,5.8,355,N,1010.0,29.82,0.5,0.02,0.0,76,63,32.9,91.3,28.6,83.4,32.9,91.3,24.0,75.2,1,100,0,0,10.0,6.0,5.0,8.1,6.0
1734930000,2024-12-23 13:00,28.2,82.7,1,"{'text': 'Light rain shower', 'icon': '//cdn.weatherapi.com/weather/64x64/day/353.png', 'code': 1240}",3.8,6.1,353,N,1009.0,29.8,0.4,0.02,0.0,80,68,32.7,90.8,28.2,82.7,32.7,90.8,24.3,75.7,1,100,0,0,10.0,6.0,5.7,9.2,6.0
1734933600,2024-12-23 14:00,28.1,82.5,1,"{'text': 'Light rain shower', 'icon': '//cdn.weatherapi.com/weather/64x64/day/353.png', 'code': 1240}",3.6,5.8,350,N,1008.0,29.77,0.62,0.02,0.0,80,65,32.5,90.5,28.1,82.5,32.5,90.5,24.3,75.8,1,100,0,0,10.0,6.0,5.7,9.3,6.0
1734937200,2024-12-23 15:00,28.2,82.8,1,"{'text': 'Light rain shower', 'icon': '//cdn.weatherapi.com/weather/64x64/day/353.png', 'code': 1240}",3.8,6.1,351,N,1007.0,29.74,0.27,0.01,0.0,78,66,32.5,90.5,28.2,82.8,32.5,90.5,24.1,75.3,1,100,0,0,10.0,6.0,4.9,8.0,6.0
1734940800,2024-12-23 16:00,28.4,83.1,1,"{'text': 'Light rain shower', 'icon': '//cdn.weatherapi.com/weather/64x64/day/353.png', 'code': 1240}",3.4,5.4,343,NNW,1007.0,29.72,0.23,0.01,0.0,76,77,32.5,90.4,28.4,83.1,32.5,90.4,23.7,74.7,1,100,0,0,10.0,6.0,4.4,7.1,6.0
1734944400,2024-12-23 17:00,27.5,81.5,1,"{'text': 'Light rain shower', 'icon': '//cdn.weatherapi.com/weather/64x64/day/353.png', 'code': 1240}",2.9,4.7,350,N,1007.0,29.72,0.46,0.02,0.0,82,69,31.6,88.8,27.5,81.5,31.6,88.8,24.2,75.5,1,100,0,0,10.0,6.0,4.2,6.8,6.0
1734948000,2024-12-23 18:00,25.6,78.1,1,"{'text': 'Light rain shower', 'icon': '//cdn.weatherapi.com/weather/64x64/day/353.png', 'code': 1240}",2.5,4.0,354,N,1007.0,29.74,0.86,0.03,0.0,91,70,28.9,84.0,25.6,78.1,28.9,84.0,24.1,75.3,1,100,0,0,10.0,6.0,4.3,7.0,6.0
1734951600,2024-12-23 19:00,24.2,75.6,0,"{'text': 'Light rain shower', 'icon': '//cdn.weatherapi.com/weather/64x64/night/353.png', 'code': 1240}",2.2,3.6,339,NNW,1008.0,29.76,0.67,0.03,0.0,95,52,26.9,80.5,24.2,75.6,26.9,80.5,23.4,74.1,1,100,0,0,10.0,6.0,4.5,7.2,0.0
1734955200,2024-12-23 20:00,23.8,74.9,0,"{'text': 'Light rain shower', 'icon': '//cdn.weatherapi.com/weather/64x64/night/353.png', 'code': 1240}",1.6,2.5,322,NW,1009.0,29.8,0.71,0.03,0.0,96,84,26.5,79.7,23.8,74.9,26.5,79.7,23.3,73.9,1,100,0,0,10.0,6.0,3.2,5.1,0.0
1734958800,2024-12-23 21:00,23.7,74.7,0,"{'text': 'Light rain shower', 'icon': '//cdn.weatherapi.com/weather/64x64/night/353.png', 'code': 1240}",1.8,2.9,334,NNW,1010.0,29.83,0.19,0.01,0.0,97,97,26.3,79.4,23.7,74.7,26.3,79.4,23.2,73.7,1,100,0,0,10.0,6.0,3.5,5.7,0.0
1734962400,2024-12-23 22:00,23.7,74.6,0,"{'text': 'Fog', 'icon': '//cdn.weatherapi.com/weather/64x64/night/248.png', 'code': 1135}",1.3,2.2,333,NNW,1011.0,29.84,0.13,0.01,0.0,97,100,26.3,79.3,23.7,74.6,26.3,79.3,23.2,73.7,1,100,0,0,0.0,0.0,2.6,4.1,0.0
1734966000,2024-12-23 23:00,23.6,74.5,0,"{'text': 'Light rain shower', 'icon': '//cdn.weatherapi.com/weather/64x64/night/353.png', 'code': 1240}",1.6,2.5,319,NW,1010.0,29.83,0.33,0.01,0.0,97,95,26.2,79.2,23.6,74.5,26.2,79.2,23.2,73.7,1,100,0,0,10.0,6.0,2.9,4.7,0.0
