time_epoch,time,temp_c,temp_f,is_day,condition,wind_mph,wind_kph,wind_degree,wind_dir,pressure_mb,pressure_in,precip_mm,precip_in,snow_cm,humidity,cloud,feelslike_c,feelslike_f,windchill_c,windchill_f,heatindex_c,heatindex_f,dewpoint_c,dewpoint_f,will_it_rain,chance_of_rain,will_it_snow,chance_of_snow,vis_km,vis_miles,gust_mph,gust_kph,uv
1735142400,2024-12-26 00:00,23.5,74.3,0,"{'text': 'Fog', 'icon': '//cdn.weatherapi.com/weather/64x64/night/248.png', 'code': 1135}",1.1,1.8,224,SW,1012.0,29.87,0.0,0.0,0.0,97,100,26.0,78.9,23.5,74.3,26.0,78.9,23.0,73.4,0,45,0,0,0.0,0.0,2.2,3.6,0.0
1735146000,2024-12-26 01:00,23.4,74.2,0,"{'text': 'Fog', 'icon': '//cdn.weatherapi.com/weather/64x64/night/248.png', 'code': 1135}",0.9,1.4,239,WSW,1011.0,29.86,0.0,0.0,0.0,97,100,26.0,78.8,23.4,74.2,26.0,78.8,23.0,73.4,0,45,0,0,0.0,0.0,1.7,2.8,0.0
1735149600,2024-12-26 02:00,23.4,74.1,0,"{'text': 'Fog', 'icon': '//cdn.weatherapi.com/weather/64x64/night/248.png', 'code': 1135}",0.7,1.1,228,SW,1011.0,29.85,0.01,0.0,0.0,97,100,25.9,78.7,23.4,74.1,25.9,78.7,22.9,73.3,0,45,0,0,0.0,0.0,1.3,2.1,0.0
1735153200,2024-12-26 03:00,23.4,74.0,0,"{'text': 'Fog', 'icon': '//cdn.weatherapi.com/weather/64x64/night/248.png', 'code': 1135}",1.1,1.8,234,SW,1011.0,29.84,0.01,0.0,0.0,97,100,25.9,78.6,23.4,74.0,25.9,78.6,22.9,73.3,0,45,0,0,0.0,0.0,2.1,3.4,0.0
1735156800,2024-12-26 04:00,23.4,74.1,0,"{'text': 'Fog', 'icon': '//cdn.weatherapi.com/weather/64x64/night/248.png', 'code': 1135}",1.1,1.8,216,SW,1010.0,29.83,0.0,0.0,0.0,97,100,25.9,78.7,23.4,74.1,25.9,78.7,23.0,73.3,0,0,0,0,0.0,0.0,2.1,3.3,0.0
1735160400,2024-12-26 05:00,23.3,74.0,0,"{'text': 'Fog', 'icon': '//cdn.weatherapi.com/weather/64x64/night/248.png', 'code': 1135}",1.3,2.2,187,S,1010.0,29.84,0.0,0.0,0.0,97,100,25.9,78.6,23.3,74.0,25.9,78.6,22.9,73.3,0,0,0,0,0.0,0.0,2.5,4.0,0.0
1735164000,2024-12-26 06:00,23.1,73.6,0,"{'text': 'Fog', 'icon': '//cdn.weatherapi.com/weather/64x64/night/248.png', 'code': 1135}",0.9,1.4,161,SSE,1011.0,29.85,0.0,0.0,0.0,98,100,25.7,78.2,23.1,73.6,25.7,78.2,22.8,73.0,0,0,0,0,0.0,0.0,1.7,2.7,0.0
1735167600,2024-12-26 07:00,23.2,73.7,1,"{'text': 'Fog', 'icon': '//cdn.weatherapi.com/weather/64x64/day/248.png', 'code': 1135}",1.1,1.8,167,SSE,1012.0,29.87,0.0,0.0,0.0,98,100,25.7,78.3,23.2,73.7,25.7,78.3,22.8,73.1,0,0,0,0,0.0,0.0,2.1,3.3,5.0
1735171200,2024-12-26 08:00,24.4,75.9,1,"{'text': 'Mist', 'icon': '//cdn.weatherapi.com/weather/64x64/day/143.png', 'code': 1030}",1.3,2.2,159,SSE,1013.0,29.9,0.0,0.0,0.0,95,72,27.2,80.9,24.4,75.9,27.2,80.9,23.5,74.4,0,45,0,0,2.0,1.0,2.1,3.4,5.0
1735174800,2024-12-26 09:00,26.0,78.9,1,"{'text': 'Patchy rain possible', 'icon': '//cdn.weatherapi.com/weather/64x64/day/176.png', 'code': 1063}",0.9,1.4,140,SE,1013.0,29.92,0.01,0.0,0.0,89,55,29.4,85.0,26.0,78.9,29.4,85.0,24.0,75.2,0,45,0,0,10.0,6.0,1.2,1.9,6.0
1735178400,2024-12-26 10:00,28.3,82.9,1,"{'text': 'Patchy rain possible', 'icon': '//cdn.weatherapi.com/weather/64x64/day/176.png', 'code': 1063}",1.3,2.2,96,E,1013.0,29.92,0.02,0.0,0.0,77,85,32.4,90.3,28.3,82.9,32.4,90.3,23.8,74.9,0,45,0,0,10.0,6.0,1.5,2.5,6.0
1735182000,2024-12-26 11:00,28.9,84.0,1,"{'text': 'Light rain shower', 'icon': '//cdn.weatherapi.com/weather/64x64/day/353.png', 'code': 1240}",1.3,2.2,62,ENE,1012.0,29.9,0.47,0.02,0.0,76,94,33.6,92.5,28.9,84.0,33.6,92.5,24.2,75.6,1,100,0,0,10.0,6.0,1.6,2.6,6.0
1735185600,2024-12-26 12:00,29.1,84.4,1,"{'text': 'Light rain shower', 'icon': '//cdn.weatherapi.com/weather/64x64/day/353.png', 'code': 1240}",1.3,2.2,43,NE,1012.0,29.87,0.76,0.03,0.0,76,93,34.2,93.5,29.1,84.4,34.2,93.5,24.5,76.1,1,100,0,0,10.0,6.0,1.8,2.8,6.0
1735189200,2024-12-26 13:00,28.2,82.8,1,"{'text': 'Light rain shower', 'icon': '//cdn.weatherapi.com/weather/64x64/day/353.png', 'code': 1240}",2.0,3.2,10,N,1011.0,29.86,1.24,0.05,0.0,83,84,33.3,91.9,28.2,82.8,33.3,91.9,25.0,77.0,1,100,0,0,10.0,6.0,3.0,4.8,6.0
1735192800,2024-12-26 14:00,27.7,81.8,1,"{'text': 'Light rain shower', 'icon': '//cdn.weatherapi.com/weather/64x64/day/353.png', 'code': 1240}",2.5,4.0,353,N,1010.0,29.83,0.63,0.02,0.0,87,82,32.7,90.9,27.7,81.8,32.7,90.9,25.3,77.5,1,100,0,0,10.0,6.0,4.1,6.6,6.0
1735196400,2024-12-26 15:00,27.2,81.0,1,"{'text': 'Light rain shower', 'icon': '//cdn.weatherapi.com/weather/64x64/day/353.png', 'code': 1240}",2.2,3.6,339,NNW,1009.0,29.81,0.69,0.03,0.0,88,77,32.0,89.5,27.2,81.0,32.0,89.5,25.2,77.3,1,100,0,0,10.0,6.0,3.1,4.9,6.0
1735200000,2024-12-26 16:00,26.4,79.6,1,"{'text': 'Light rain shower', 'icon': '//cdn.weatherapi.com/weather/64x64/day/353.png', 'code': 1240}",2.5,4.0,310,NW,1009.0,29.8,1.22,0.05,0.0,92,84,30.7,87.2,26.5,79.6,30.7,87.2,25.0,77.0,1,100,0,0,10.0,6.0,3.8,6.1,6.0
1735203600,2024-12-26 17:00,26.3,79.4,1,"{'text': 'Light rain shower', 'icon': '//cdn.weatherapi.com/weather/64x64/day/353.png', 'code': 1240}",2.5,4.0,308,NW,1009.0,29.8,1.01,0.04,0.0,93,90,30.5,86.9,26.3,79.4,30.5,86.9,25.0,77.0,1,100,0,0,10.0,6.0,4.1,6.7,6.0
1735207200,2024-12-26 18:00,25.4,77.8,1,"{'text': 'Light rain shower', 'icon': '//cdn.weatherapi.com/weather/64x64/day/353.png', 'code': 1240}",2.2,3.6,311,NW,1010.0,29.82,0.95,0.04,0.0,95,74,29.0,84.2,25.4,77.8,29.0,84.2,24.6,76.3,1,100,0,0,10.0,6.0,4.0,6.4,6.0
1735210800,2024-12-26 19:00,24.2,75.6,0,"{'text': 'Light rain shower', 'icon': '//cdn.weatherapi.com/weather/64x64/night/353.png', 'code': 1240}",2.7,4.3,308,NW,1010.0,29.84,0.9,0.04,0.0,97,59,27.0,80.7,24.2,75.6,27.0,80.7,23.7,74.6,1,100,0,0,10.0,6.0,5.5,8.8,0.0
1735214400,2024-12-26 20:00,23.9,75.0,0,"{'text': 'Light rain shower', 'icon': '//cdn.weatherapi.com/weather/64x64/night/353.png', 'code': 1240}",2.5,4.0,287,WNW,1012.0,29.87,1.49,0.06,0.0,97,71,26.6,79.9,23.9,75.1,26.6,79.9,23.5,74.2,1,100,0,0,10.0,6.0,5.0,8.1,0.0
1735218000,2024-12-26 21:00,23.7,74.6,0,"{'text': 'Light rain shower', 'icon': '//cdn.weatherapi.com/weather/64x64/night/353.png', 'code': 1240}",2.0,3.2,276,W,1013.0,29.91,1.95,0.08,0.0,98,81,26.3,79.3,23.7,74.6,26.3,79.3,23.3,73.9,1,100,0,0,10.0,6.0,4.2,6.8,0.0
1735221600,2024-12-26 22:00,23.7,74.7,0,"{'text': 'Patchy rain possible', 'icon': '//cdn.weatherapi.com/weather/64x64/night/176.png', 'code': 1063}",2.2,3.6,240,WSW,1013.0,29.92,0.47,0.02,0.0,97,81,26.4,79.4,23.7,74.7,26.4,79.4,23.3,73.9,1,100,0,0,9.0,5.0,4.5,7.2,0.0
1735225200,2024-12-26 23:00,23.7,74.7,0,"{'text': 'Fog', 'icon': '//cdn.weatherapi.com/weather/64x64/night/248.png', 'code': 1135}",1.3,2.2,215,SW,1013.0,29.91,0.06,0.0,0.0,97,100,26.3,79.4,23.7,74.7,26.3,79.4,23.2,73.8,0,45,0,0,0.0,0.0,2.6,4.1,0.0
