time_epoch,time,temp_c,temp_f,is_day,condition,wind_mph,wind_kph,wind_degree,wind_dir,pressure_mb,pressure_in,precip_mm,precip_in,snow_cm,humidity,cloud,feelslike_c,feelslike_f,windchill_c,windchill_f,heatindex_c,heatindex_f,dewpoint_c,dewpoint_f,will_it_rain,chance_of_rain,will_it_snow,chance_of_snow,vis_km,vis_miles,gust_mph,gust_kph,uv
1734969600,2024-12-24 00:00,23.8,74.8,0,"{'text': 'Mist', 'icon': '//cdn.weatherapi.com/weather/64x64/night/143.png', 'code': 1030}",1.1,1.8,289,WNW,1010.0,29.81,0.01,0.0,0.0,95,83,26.3,79.3,23.8,74.8,26.3,79.3,22.9,73.2,0,45,0,0,2.0,1.0,2.2,3.5,0.0
1734973200,2024-12-24 01:00,23.7,74.7,0,"{'text': 'Mist', 'icon': '//cdn.weatherapi.com/weather/64x64/night/143.png', 'code': 1030}",1.3,2.2,274,W,1009.0,29.8,0.03,0.0,0.0,95,89,26.2,79.2,23.7,74.7,26.2,79.2,22.8,73.1,0,45,0,0,2.0,1.0,2.6,4.1,0.0
1734976800,2024-12-24 02:00,23.6,74.5,0,"{'text': 'Mist', 'icon': '//cdn.weatherapi.com/weather/64x64/night/143.png', 'code': 1030}",1.8,2.9,285,WNW,1009.0,29.79,0.04,0.0,0.0,95,70,26.1,79.0,23.6,74.5,26.1,79.0,22.8,73.1,0,45,0,0,2.0,1.0,3.4,5.5,0.0
1734980400,2024-12-24 03:00,23.5,74.2,0,"{'text': 'Mist', 'icon': '//cdn.weatherapi.com/weather/64x64/night/143.png', 'code': 1030}",1.6,2.5,293,WNW,1008.0,29.77,0.02,0.0,0.0,96,64,26.0,78.7,23.5,74.2,26.0,78.7,22.8,73.0,0,45,0,0,2.0,1.0,3.0,4.9,0.0
1734984000,2024-12-24 04:00,23.4,74.1,0,"{'text': 'Mist', 'icon': '//cdn.weatherapi.com/weather/64x64/night/143.png', 'code': 1030}",1.6,2.5,282,WNW,1008.0,29.77,0.06,0.0,0.0,96,79,25.9,78.6,23.4,74.1,25.9,78.6,22.8,73.0,0,45,0,0,2.0,1.0,3.0,4.9,0.0
1734987600,2024-12-24 05:00,23.3,74.0,0,"{'text': 'Mist', 'icon': '//cdn.weatherapi.com/weather/64x64/night/143.png', 'code': 1030}",1.1,1.8,278,W,1008.0,29.77,0.08,0.0,0.0,96,98,25.8,78.5,23.3,74.0,25.8,78.5,22.7,72.9,0,45,0,0,2.0,1.0,2.2,3.5,0.0
1734991200,2024-12-24 06:00,23.3,73.9,0,"{'text': 'Mist', 'icon': '//cdn.weatherapi.com/weather/64x64/night/143.png', 'code': 1030}",1.3,2.2,279,W,1009.0,29.78,0.06,0.0,0.0,96,100,25.8,78.4,23.3,73.9,25.8,78.4,22.7,72.8,0,45,0,0,2.0,1.0,2.6,4.2,0.0
1734994800,2024-12-24 07:00,23.6,74.5,1,"{'text': 'Mist', 'icon': '//cdn.weatherapi.com/weather/64x64/day/143.png', 'code': 1030}",1.3,2.2,257,WSW,1009.0,29.8,0.07,0.0,0.0,95,100,26.1,79.0,23.6,74.5,26.1,79.0,22.8,73.1,0,45,0,0,2.0,1.0,2.5,4.0,5.0
1734998400,2024-12-24 08:00,24.9,76.8,1,"{'text': 'Patchy rain possible', 'icon': '//cdn.weatherapi.com/weather/64x64/day/176.png', 'code': 1063}",1.1,1.8,293,WNW,1010.0,29.83,0.13,0.01,0.0,93,95,27.8,82.0,24.9,76.8,27.8,82.0,23.6,74.5,1,100,0,0,10.0,6.0,1.9,3.0,5.0
1735002000,2024-12-24 09:00,26.3,79.4,1,"{'text': 'Light rain shower', 'icon': '//cdn.weatherapi.com/weather/64x64/day/353.png', 'code': 1240}",1.6,2.5,329,NNW,1011.0,29.84,0.45,0.02,0.0,88,58,30.0,85.9,26.3,79.4,30.0,85.9,24.2,75.6,1,100,0,0,10.0,6.0,2.3,3.6,6.0
1735005600,2024-12-24 10:00,27.2,81.0,1,"{'text': 'Light rain shower', 'icon': '//cdn.weatherapi.com/weather/64x64/day/353.png', 'code': 1240}",2.7,4.3,346,NNW,1011.0,29.85,0.78,0.03,0.0,85,72,31.4,88.4,27.2,81.0,31.4,88.4,24.5,76.0,1,100,0,0,10.0,6.0,3.6,5.9,6.0
1735009200,2024-12-24 11:00,27.4,81.3,1,"{'text': 'Light rain shower', 'icon': '//cdn.weatherapi.com/weather/64x64/day/353.png', 'code': 1240}",3.4,5.4,340,NNW,1010.0,29.83,0.78,0.03,0.0,85,97,31.8,89.2,27.4,81.3,31.8,89.2,24.7,76.5,1,100,0,0,10.0,6.0,5.0,8.0,6.0
1735012800,2024-12-24 12:00,27.3,81.2,1,"{'text': 'Light rain shower', 'icon': '//cdn.weatherapi.com/weather/64x64/day/353.png', 'code': 1240}",4.3,6.8,331,NNW,1010.0,29.81,1.0,0.04,0.0,87,100,32.0,89.5,27.4,81.2,32.0,89.5,25.0,76.9,1,100,0,0,10.0,6.0,6.6,10.6,6.0
1735016400,2024-12-24 13:00,27.0,80.7,1,"{'text': 'Light rain shower', 'icon': '//cdn.weatherapi.com/weather/64x64/day/353.png', 'code': 1240}",4.3,6.8,332,NNW,1009.0,29.8,0.99,0.04,0.0,90,100,31.7,89.0,27.1,80.7,31.7,89.0,25.2,77.4,1,100,0,0,10.0,6.0,7.5,12.1,6.0
1735020000,2024-12-24 14:00,27.1,80.8,1,"{'text': 'Light rain shower', 'icon': '//cdn.weatherapi.com/weather/64x64/day/353.png', 'code': 1240}",4.5,7.2,328,NNW,1008.0,29.78,1.19,0.05,0.0,89,100,31.8,89.3,27.1,80.9,31.8,89.3,25.2,77.4,1,100,0,0,10.0,6.0,7.9,12.6,6.0
1735023600,2024-12-24 15:00,26.9,80.5,1,"{'text': 'Light rain shower', 'icon': '//cdn.weatherapi.com/weather/64x64/day/353.png', 'code': 1240}",3.8,6.1,330,NNW,1008.0,29.76,0.98,0.04,0.0,91,81,31.6,88.9,27.0,80.5,31.6,88.9,25.3,77.5,1,100,0,0,10.0,6.0,5.3,8.5,6.0
1735027200,2024-12-24 16:00,26.1,78.9,1,"{'text': 'Light rain shower', 'icon': '//cdn.weatherapi.com/weather/64x64/day/353.png', 'code': 1240}",3.4,5.4,324,NW,1007.0,29.74,0.94,0.04,0.0,93,56,30.0,86.0,26.1,78.9,30.0,86.0,24.8,76.6,1,100,0,0,10.0,6.0,5.3,8.5,6.0
1735030800,2024-12-24 17:00,25.0,77.0,1,"{'text': 'Mist', 'icon': '//cdn.weatherapi.com/weather/64x64/day/143.png', 'code': 1030}",2.0,3.2,315,NW,1007.0,29.75,0.1,0.0,0.0,95,100,28.2,82.7,25.0,77.0,28.2,82.7,24.1,75.4,1,100,0,0,2.0,1.0,3.7,6.0,5.0
1735034400,2024-12-24 18:00,24.5,76.1,1,"{'text': 'Mist', 'icon': '//cdn.weatherapi.com/weather/64x64/day/143.png', 'code': 1030}",2.0,3.2,315,NW,1008.0,29.77,0.03,0.0,0.0,96,80,27.4,81.3,24.5,76.1,27.4,81.3,23.8,74.8,0,45,0,0,2.0,1.0,3.9,6.3,5.0
1735038000,2024-12-24 19:00,24.3,75.7,0,"{'text': 'Mist', 'icon': '//cdn.weatherapi.com/weather/64x64/night/143.png', 'code': 1030}",2.2,3.6,299,WNW,1009.0,29.8,0.01,0.0,0.0,96,89,27.1,80.7,24.3,75.7,27.1,80.7,23.6,74.4,0,45,0,0,2.0,1.0,4.4,7.1,0.0
1735041600,2024-12-24 20:00,24.2,75.5,0,"{'text': 'Mist', 'icon': '//cdn.weatherapi.com/weather/64x64/night/143.png', 'code': 1030}",1.3,2.2,308,NW,1010.0,29.83,0.09,0.0,0.0,96,85,26.9,80.4,24.2,75.5,26.9,80.4,23.4,74.2,1,100,0,0,2.0,1.0,2.7,4.3,0.0
1735045200,2024-12-24 21:00,24.0,75.3,0,"{'text': 'Patchy light rain', 'icon': '//cdn.weatherapi.com/weather/64x64/night/293.png', 'code': 1180}",1.1,1.8,297,WNW,1011.0,29.85,0.95,0.04,0.0,96,74,26.7,80.1,24.0,75.3,26.7,80.1,23.3,74.0,1,100,0,0,9.0,5.0,2.2,3.6,0.0
1735048800,2024-12-24 22:00,23.9,75.0,0,"{'text': 'Light rain shower', 'icon': '//cdn.weatherapi.com/weather/64x64/night/353.png', 'code': 1240}",1.3,2.2,329,NNW,1011.0,29.86,0.96,0.04,0.0,96,60,26.5,79.7,23.9,74.9,26.5,79.7,23.2,73.7,1,100,0,0,10.0,6.0,2.8,4.4,0.0
1735052400,2024-12-24 23:00,23.6,74.5,0,"{'text': 'Light rain shower', 'icon': '//cdn.weatherapi.com/weather/64x64/night/353.png', 'code': 1240}",1.8,2.9,302,WNW,1011.0,29.86,1.83,0.07,0.0,97,78,26.2,79.1,23.6,74.4,26.2,79.1,23.0,73.5,1,100,0,0,10.0,6.0,3.6,5.7,0.0
