time_epoch,time,temp_c,temp_f,is_day,condition,wind_mph,wind_kph,wind_degree,wind_dir,pressure_mb,pressure_in,precip_mm,precip_in,snow_cm,humidity,cloud,feelslike_c,feelslike_f,windchill_c,windchill_f,heatindex_c,heatindex_f,dewpoint_c,dewpoint_f,will_it_rain,chance_of_rain,will_it_snow,chance_of_snow,vis_km,vis_miles,gust_mph,gust_kph,uv
1735142400,2024-12-26 00:00,24.9,76.9,0,"{'text': 'Light rain shower', 'icon': '//cdn.weatherapi.com/weather/64x64/night/353.png', 'code': 1240}",6.5,10.4,48,NE,1011.0,29.87,0.16,0.01,0.0,90,64,27.7,81.8,24.9,76.9,27.7,81.8,23.2,73.8,1,100,0,0,10.0,6.0,11.1,17.8,0.0
1735146000,2024-12-26 01:00,24.7,76.5,0,"{'text': 'Partly cloudy', 'icon': '//cdn.weatherapi.com/weather/64x64/night/116.png', 'code': 1003}",7.4,11.9,44,NE,1011.0,29.86,0.0,0.0,0.0,91,59,27.4,81.2,24.7,76.5,27.4,81.2,23.1,73.5,0,0,0,0,10.0,6.0,12.5,20.1,0.0
1735149600,2024-12-26 02:00,24.5,76.0,0,"{'text': 'Patchy rain possible', 'icon': '//cdn.weatherapi.com/weather/64x64/night/176.png', 'code': 1063}",8.3,13.3,41,NE,1011.0,29.85,0.02,0.0,0.0,91,52,27.0,80.6,24.5,76.0,27.0,80.6,22.8,73.1,0,45,0,0,10.0,6.0,13.9,22.4,0.0
1735153200,2024-12-26 03:00,24.2,75.5,0,"{'text': 'Patchy rain possible', 'icon': '//cdn.weatherapi.com/weather/64x64/night/176.png', 'code': 1063}",8.3,13.3,35,NE,1011.0,29.84,0.02,0.0,0.0,90,64,26.6,79.8,24.2,75.5,26.6,79.8,22.5,72.5,0,45,0,0,10.0,6.0,13.9,22.4,0.0
1735156800,2024-12-26 04:00,24.0,75.1,0,"{'text': 'Patchy rain possible', 'icon': '//cdn.weatherapi.com/weather/64x64/night/176.png', 'code': 1063}",8.1,13.0,33,NNE,1010.0,29.83,0.02,0.0,0.0,90,61,26.3,79.4,24.0,75.1,26.3,79.4,22.3,72.2,0,45,0,0,10.0,6.0,13.8,22.2,0.0
1735160400,2024-12-26 05:00,23.9,75.0,0,"{'text': 'Patchy rain possible', 'icon': '//cdn.weatherapi.com/weather/64x64/night/176.png', 'code': 1063}",8.1,13.0,33,NNE,1010.0,29.83,0.05,0.0,0.0,91,75,26.2,79.2,23.9,75.0,26.2,79.2,22.3,72.1,0,45,0,0,10.0,6.0,13.7,22.0,0.0
1735164000,2024-12-26 06:00,23.8,74.9,0,"{'text': 'Patchy rain possible', 'icon': '//cdn.weatherapi.com/weather/64x64/night/176.png', 'code': 1063}",7.6,12.2,27,NNE,1011.0,29.84,0.07,0.0,0.0,91,86,26.2,79.1,23.8,74.9,26.2,79.1,22.3,72.2,0,45,0,0,10.0,6.0,12.9,20.7,0.0
1735167600,2024-12-26 07:00,23.9,75.0,0,"{'text': 'Patchy rain possible', 'icon': '//cdn.weatherapi.com/weather/64x64/night/176.png', 'code': 1063}",7.2,11.5,26,NNE,1011.0,29.86,0.08,0.0,0.0,91,97,26.2,79.2,23.9,74.9,26.2,79.2,22.3,72.2,0,45,0,0,10.0,6.0,12.1,19.5,0.0
1735171200,2024-12-26 08:00,24.3,75.8,1,"{'text': 'Patchy rain possible', 'icon': '//cdn.weatherapi.com/weather/64x64/day/176.png', 'code': 1063}",6.9,11.2,24,NNE,1012.0,29.88,0.1,0.0,0.0,90,96,26.8,80.2,24.3,75.8,26.8,80.2,22.6,72.7,1,100,0,0,10.0,6.0,11.0,17.6,5.0
1735174800,2024-12-26 09:00,25.3,77.6,1,"{'text': 'Patchy rain possible', 'icon': '//cdn.weatherapi.com/weather/64x64/day/176.png', 'code': 1063}",5.8,9.4,19,NNE,1013.0,29.92,0.11,0.0,0.0,86,100,28.0,82.4,25.4,77.6,28.0,82.4,22.9,73.1,1,100,0,0,10.0,6.0,8.1,13.0,6.0
1735178400,2024-12-26 10:00,25.7,78.3,1,"{'text': 'Light rain shower', 'icon': '//cdn.weatherapi.com/weather/64x64/day/353.png', 'code': 1240}",5.4,8.6,355,N,1013.0,29.92,0.66,0.03,0.0,85,85,28.5,83.2,25.7,78.3,28.5,83.2,23.0,73.3,1,100,0,0,10.0,6.0,7.2,11.6,6.0
1735182000,2024-12-26 11:00,25.9,78.6,1,"{'text': 'Light rain shower', 'icon': '//cdn.weatherapi.com/weather/64x64/day/353.png', 'code': 1240}",6.0,9.7,331,NNW,1013.0,29.92,0.48,0.02,0.0,85,69,28.8,83.9,25.9,78.6,28.8,83.9,23.2,73.8,1,100,0,0,10.0,6.0,8.0,12.9,6.0
1735185600,2024-12-26 12:00,25.0,77.0,1,"{'text': 'Light rain shower', 'icon': '//cdn.weatherapi.com/weather/64x64/day/353.png', 'code': 1240}",4.9,7.9,333,NNW,1013.0,29.9,0.58,0.02,0.0,90,100,27.7,81.9,25.0,77.0,27.7,81.9,23.2,73.8,1,100,0,0,10.0,6.0,7.1,11.4,5.0
1735189200,2024-12-26 13:00,24.6,76.2,1,"{'text': 'Light rain shower', 'icon': '//cdn.weatherapi.com/weather/64x64/day/353.png', 'code': 1240}",4.3,6.8,0,N,1012.0,29.88,0.2,0.01,0.0,92,100,27.2,81.0,24.6,76.2,27.2,81.0,23.1,73.6,1,100,0,0,10.0,6.0,6.5,10.5,5.0
1735192800,2024-12-26 14:00,24.8,76.7,1,"{'text': 'Patchy rain possible', 'icon': '//cdn.weatherapi.com/weather/64x64/day/176.png', 'code': 1063}",4.3,6.8,357,N,1011.0,29.85,0.02,0.0,0.0,90,95,27.5,81.6,24.9,76.7,27.5,81.6,23.2,73.7,0,45,0,0,10.0,6.0,6.6,10.5,5.0
1735196400,2024-12-26 15:00,25.4,77.8,1,"{'text': 'Patchy light rain', 'icon': '//cdn.weatherapi.com/weather/64x64/day/293.png', 'code': 1180}",3.8,6.1,5,N,1010.0,29.82,0.8,0.03,0.0,88,83,28.3,82.9,25.4,77.8,28.3,82.9,23.3,73.9,1,100,0,0,9.0,5.0,5.7,9.3,6.0
1735200000,2024-12-26 16:00,26.1,78.9,1,"{'text': 'Patchy rain possible', 'icon': '//cdn.weatherapi.com/weather/64x64/day/176.png', 'code': 1063}",3.4,5.4,8,N,1009.0,29.8,0.44,0.02,0.0,85,86,29.1,84.4,26.1,78.9,29.1,84.4,23.3,73.9,1,100,0,0,9.0,5.0,4.9,7.8,6.0
1735203600,2024-12-26 17:00,26.3,79.3,1,"{'text': 'Patchy rain possible', 'icon': '//cdn.weatherapi.com/weather/64x64/day/176.png', 'code': 1063}",2.9,4.7,23,NNE,1009.0,29.8,0.48,0.02,0.0,84,87,29.4,84.9,26.3,79.3,29.4,84.9,23.3,74.0,1,100,0,0,9.0,5.0,4.2,6.8,6.0
1735207200,2024-12-26 18:00,26.3,79.3,1,"{'text': 'Partly cloudy', 'icon': '//cdn.weatherapi.com/weather/64x64/day/116.png', 'code': 1003}",2.5,4.0,36,NE,1009.0,29.8,0.0,0.0,0.0,84,61,29.4,84.9,26.3,79.3,29.4,84.9,23.4,74.1,0,0,0,0,10.0,6.0,3.7,5.9,7.0
1735210800,2024-12-26 19:00,25.7,78.3,1,"{'text': 'Partly cloudy', 'icon': '//cdn.weatherapi.com/weather/64x64/day/116.png', 'code': 1003}",2.7,4.3,42,NE,1010.0,29.82,0.0,0.0,0.0,85,47,28.5,83.3,25.7,78.3,28.5,83.3,23.0,73.4,0,0,0,0,10.0,6.0,4.4,7.1,7.0
1735214400,2024-12-26 20:00,25.4,77.7,0,"{'text': 'Cloudy', 'icon': '//cdn.weatherapi.com/weather/64x64/night/119.png', 'code': 1006}",3.4,5.4,54,NE,1011.0,29.85,0.0,0.0,0.0,86,66,28.1,82.5,25.4,77.7,28.1,82.5,22.9,73.1,0,45,0,0,10.0,6.0,5.7,9.1,0.0
1735218000,2024-12-26 21:00,25.2,77.3,0,"{'text': 'Light rain shower', 'icon': '//cdn.weatherapi.com/weather/64x64/night/353.png', 'code': 1240}",3.6,5.8,54,NE,1012.0,29.88,0.32,0.01,0.0,87,84,27.8,82.0,25.2,77.3,27.8,82.0,22.9,73.2,1,100,0,0,10.0,6.0,6.2,9.9,0.0
1735221600,2024-12-26 22:00,25.0,77.0,0,"{'text': 'Patchy rain possible', 'icon': '//cdn.weatherapi.com/weather/64x64/night/176.png', 'code': 1063}",3.6,5.8,63,ENE,1013.0,29.91,0.11,0.0,0.0,88,76,27.6,81.7,25.0,77.0,27.6,81.7,22.8,73.1,1,100,0,0,10.0,6.0,6.2,9.9,0.0
1735225200,2024-12-26 23:00,24.9,76.9,0,"{'text': 'Light rain shower', 'icon': '//cdn.weatherapi.com/weather/64x64/night/353.png', 'code': 1240}",4.9,7.9,54,NE,1013.0,29.91,0.2,0.01,0.0,88,82,27.5,81.5,24.9,76.9,27.5,81.5,22.8,73.0,1,100,0,0,10.0,6.0,8.4,13.5,0.0
