time_epoch,time,temp_c,temp_f,is_day,condition,wind_mph,wind_kph,wind_degree,wind_dir,pressure_mb,pressure_in,precip_mm,precip_in,snow_cm,humidity,cloud,feelslike_c,feelslike_f,windchill_c,windchill_f,heatindex_c,heatindex_f,dewpoint_c,dewpoint_f,will_it_rain,chance_of_rain,will_it_snow,chance_of_snow,vis_km,vis_miles,gust_mph,gust_kph,uv
1734969600,2024-12-24 00:00,25.6,78.1,0,"{'text': 'Light rain shower', 'icon': '//cdn.weatherapi.com/weather/64x64/night/353.png', 'code': 1240}",8.7,14.0,260,W,1011.0,29.84,1.66,0.07,0.0,87,91,28.5,83.2,25.6,78.1,28.5,83.2,23.2,73.8,1,100,0,0,10.0,6.0,14.7,23.6,0.0
1734973200,2024-12-24 01:00,25.3,77.5,0,"{'text': 'Light rain shower', 'icon': '//cdn.weatherapi.com/weather/64x64/night/353.png', 'code': 1240}",6.9,11.2,243,WSW,1010.0,29.83,2.28,0.09,0.0,90,72,28.1,82.7,25.3,77.5,28.1,82.7,23.4,74.1,1,100,0,0,10.0,6.0,13.4,21.6,0.0
1734976800,2024-12-24 02:00,25.3,77.5,0,"{'text': 'Light rain shower', 'icon': '//cdn.weatherapi.com/weather/64x64/night/353.png', 'code': 1240}",5.8,9.4,245,WSW,1010.0,29.82,1.02,0.04,0.0,89,77,28.1,82.6,25.3,77.5,28.1,82.6,23.3,73.9,1,100,0,0,10.0,6.0,9.1,14.7,0.0
1734980400,2024-12-24 03:00,25.2,77.3,0,"{'text': 'Light rain shower', 'icon': '//cdn.weatherapi.com/weather/64x64/night/353.png', 'code': 1240}",5.6,9.0,298,WNW,1009.0,29.8,0.28,0.01,0.0,88,100,27.9,82.3,25.2,77.3,27.9,82.3,23.1,73.6,1,100,0,0,10.0,6.0,8.9,14.3,0.0
1734984000,2024-12-24 04:00,25.0,77.0,0,"{'text': 'Light rain', 'icon': '//cdn.weatherapi.com/weather/64x64/night/296.png', 'code': 1183}",6.0,9.7,324,NW,1008.0,29.77,0.86,0.03,0.0,90,89,27.7,81.8,25.0,76.9,27.7,81.8,23.1,73.7,1,100,0,0,9.0,5.0,9.4,15.0,0.0
1734987600,2024-12-24 05:00,24.6,76.2,0,"{'text': 'Light rain shower', 'icon': '//cdn.weatherapi.com/weather/64x64/night/353.png', 'code': 1240}",6.5,10.4,337,NNW,1008.0,29.77,0.46,0.02,0.0,91,100,27.2,80.9,24.6,76.2,27.2,80.9,23.0,73.4,1,100,0,0,10.0,6.0,10.1,16.3,0.0
1734991200,2024-12-24 06:00,24.5,76.0,0,"{'text': 'Patchy rain possible', 'icon': '//cdn.weatherapi.com/weather/64x64/night/176.png', 'code': 1063}",5.4,8.6,352,N,1008.0,29.78,0.05,0.0,0.0,90,100,27.0,80.5,24.5,76.0,27.0,80.5,22.7,72.9,0,45,0,0,10.0,6.0,8.3,13.4,0.0
1734994800,2024-12-24 07:00,24.3,75.8,0,"{'text': 'Overcast', 'icon': '//cdn.weatherapi.com/weather/64x64/night/122.png', 'code': 1009}",4.5,7.2,353,N,1009.0,29.79,0.0,0.0,0.0,90,100,26.7,80.1,24.3,75.8,26.7,80.1,22.6,72.6,0,0,0,0,10.0,6.0,7.2,11.6,0.0
1734998400,2024-12-24 08:00,24.5,76.1,1,"{'text': 'Cloudy', 'icon': '//cdn.weatherapi.com/weather/64x64/day/119.png', 'code': 1006}",3.8,6.1,335,NNW,1009.0,29.8,0.0,0.0,0.0,88,85,26.9,80.5,24.5,76.1,26.9,80.5,22.5,72.5,0,45,0,0,10.0,6.0,6.0,9.6,5.0
1735002000,2024-12-24 09:00,24.9,76.8,1,"{'text': 'Partly cloudy', 'icon': '//cdn.weatherapi.com/weather/64x64/day/116.png', 'code': 1003}",2.9,4.7,325,NW,1010.0,29.83,0.0,0.0,0.0,87,56,27.3,81.2,24.9,76.8,27.3,81.2,22.5,72.6,0,0,0,0,10.0,6.0,4.5,7.2,6.0
1735005600,2024-12-24 10:00,25.9,78.5,1,"{'text': 'Partly cloudy', 'icon': '//cdn.weatherapi.com/weather/64x64/day/116.png', 'code': 1003}",2.7,4.3,332,NNW,1010.0,29.83,0.0,0.0,0.0,83,54,28.5,83.4,25.9,78.5,28.5,83.4,22.7,72.8,0,0,0,0,10.0,6.0,3.6,5.9,7.0
1735009200,2024-12-24 11:00,25.9,78.6,1,"{'text': 'Partly cloudy', 'icon': '//cdn.weatherapi.com/weather/64x64/day/116.png', 'code': 1003}",1.8,2.9,352,N,1010.0,29.83,0.0,0.0,0.0,83,50,28.6,83.5,25.9,78.6,28.6,83.5,22.8,73.0,0,0,0,0,10.0,6.0,2.5,4.0,7.0
1735012800,2024-12-24 12:00,26.2,79.1,1,"{'text': 'Cloudy', 'icon': '//cdn.weatherapi.com/weather/64x64/day/119.png', 'code': 1006}",1.3,2.2,354,N,1010.0,29.82,0.0,0.0,0.0,82,65,29.0,84.2,26.2,79.1,29.0,84.2,22.8,73.1,0,0,0,0,10.0,6.0,1.8,2.9,6.0
1735016400,2024-12-24 13:00,26.4,79.5,1,"{'text': 'Cloudy', 'icon': '//cdn.weatherapi.com/weather/64x64/day/119.png', 'code': 1006}",2.5,4.0,0,N,1009.0,29.8,0.0,0.0,0.0,80,72,29.2,84.5,26.4,79.4,29.2,84.5,22.7,72.9,0,0,0,0,10.0,6.0,3.3,5.3,6.0
1735020000,2024-12-24 14:00,26.0,78.7,1,"{'text': 'Cloudy', 'icon': '//cdn.weatherapi.com/weather/64x64/day/119.png', 'code': 1006}",4.9,7.9,12,NNE,1008.0,29.77,0.0,0.0,0.0,83,74,28.8,83.8,26.0,78.7,28.8,83.8,22.9,73.2,0,0,0,0,10.0,6.0,6.6,10.7,6.0
1735023600,2024-12-24 15:00,25.9,78.6,1,"{'text': 'Cloudy', 'icon': '//cdn.weatherapi.com/weather/64x64/day/119.png', 'code': 1006}",6.3,10.1,19,NNE,1007.0,29.74,0.0,0.0,0.0,85,65,28.7,83.7,25.9,78.6,28.7,83.7,23.1,73.5,0,0,0,0,10.0,6.0,8.4,13.5,6.0
1735027200,2024-12-24 16:00,27.5,81.5,1,"{'text': 'Patchy rain possible', 'icon': '//cdn.weatherapi.com/weather/64x64/day/176.png', 'code': 1063}",3.6,5.8,4,N,1007.0,29.72,0.01,0.0,0.0,76,72,30.8,87.4,27.5,81.5,30.8,87.4,22.9,73.2,0,45,0,0,10.0,6.0,4.3,7.0,6.0
1735030800,2024-12-24 17:00,28.0,82.4,1,"{'text': 'Partly cloudy', 'icon': '//cdn.weatherapi.com/weather/64x64/day/116.png', 'code': 1003}",1.1,1.8,314,NW,1007.0,29.72,0.0,0.0,0.0,72,33,31.2,88.1,28.0,82.4,31.2,88.1,22.4,72.3,0,45,0,0,10.0,6.0,1.4,2.3,7.0
1735034400,2024-12-24 18:00,28.0,82.4,1,"{'text': 'Sunny', 'icon': '//cdn.weatherapi.com/weather/64x64/day/113.png', 'code': 1000}",0.2,0.4,227,SW,1007.0,29.75,0.0,0.0,0.0,72,20,31.2,88.1,28.0,82.3,31.2,88.1,22.5,72.6,0,0,0,0,10.0,6.0,0.3,0.5,7.0
1735038000,2024-12-24 19:00,26.8,80.2,1,"{'text': 'Partly cloudy', 'icon': '//cdn.weatherapi.com/weather/64x64/day/116.png', 'code': 1003}",1.1,1.8,184,S,1008.0,29.78,0.0,0.0,0.0,77,27,29.5,85.1,26.8,80.2,29.5,85.1,22.3,72.2,0,45,0,0,10.0,6.0,1.9,3.1,7.0
1735041600,2024-12-24 20:00,26.4,79.4,0,"{'text': 'Partly cloudy', 'icon': '//cdn.weatherapi.com/weather/64x64/night/116.png', 'code': 1003}",0.7,1.1,102,ESE,1009.0,29.8,0.0,0.0,0.0,77,46,28.8,83.9,26.4,79.4,28.8,83.9,21.9,71.4,0,0,0,0,10.0,6.0,1.2,1.9,0.0
1735045200,2024-12-24 21:00,26.2,79.2,0,"{'text': 'Patchy rain possible', 'icon': '//cdn.weatherapi.com/weather/64x64/night/176.png', 'code': 1063}",1.1,1.8,51,NE,1010.0,29.83,0.01,0.0,0.0,77,54,28.6,83.5,26.2,79.2,28.6,83.5,21.8,71.3,0,45,0,0,10.0,6.0,2.0,3.2,0.0
1735048800,2024-12-24 22:00,26.1,79.0,0,"{'text': 'Patchy rain possible', 'icon': '//cdn.weatherapi.com/weather/64x64/night/176.png', 'code': 1063}",2.0,3.2,40,NE,1011.0,29.85,0.14,0.01,0.0,78,79,28.5,83.3,26.1,79.0,28.5,83.3,21.9,71.4,1,100,0,0,10.0,6.0,3.6,5.8,0.0
1735052400,2024-12-24 23:00,26.1,79.0,0,"{'text': 'Patchy rain possible', 'icon': '//cdn.weatherapi.com/weather/64x64/night/176.png', 'code': 1063}",2.0,3.2,29,NNE,1011.0,29.85,0.06,0.0,0.0,78,64,28.5,83.3,26.1,79.0,28.5,83.3,22.0,71.5,0,45,0,0,10.0,6.0,3.5,5.7,0.0
