time_epoch,time,temp_c,temp_f,is_day,condition,wind_mph,wind_kph,wind_degree,wind_dir,pressure_mb,pressure_in,precip_mm,precip_in,snow_cm,humidity,cloud,feelslike_c,feelslike_f,windchill_c,windchill_f,heatindex_c,heatindex_f,dewpoint_c,dewpoint_f,will_it_rain,chance_of_rain,will_it_snow,chance_of_snow,vis_km,vis_miles,gust_mph,gust_kph,uv
1735315200,2024-12-28 00:00,25.4,77.8,0,"{'text': 'Patchy rain possible', 'icon': '//cdn.weatherapi.com/weather/64x64/night/176.png', 'code': 1063}",6.5,10.4,41,NE,1012.0,29.89,0.13,0.01,0.0,89,73,28.4,83.1,25.4,77.8,28.4,83.1,23.4,74.2,1,100,0,0,10.0,6.0,11.2,18.0,0.0
1735318800,2024-12-28 01:00,25.1,77.3,0,"{'text': 'Cloudy', 'icon': '//cdn.weatherapi.com/weather/64x64/night/119.png', 'code': 1006}",6.7,10.8,43,NE,1012.0,29.88,0.0,0.0,0.0,90,64,28.0,82.3,25.2,77.3,28.0,82.3,23.4,74.0,0,0,0,0,10.0,6.0,11.4,18.4,0.0
1735322400,2024-12-28 02:00,24.8,76.6,0,"{'text': 'Partly cloudy', 'icon': '//cdn.weatherapi.com/weather/64x64/night/116.png', 'code': 1003}",8.1,13.0,36,NE,1011.0,29.87,0.0,0.0,0.0,91,56,27.5,81.5,24.8,76.6,27.5,81.5,23.2,73.7,0,0,0,0,10.0,6.0,13.6,21.9,0.0
1735326000,2024-12-28 03:00,24.5,76.1,0,"{'text': 'Cloudy', 'icon': '//cdn.weatherapi.com/weather/64x64/night/119.png', 'code': 1006}",8.5,13.7,41,NE,1011.0,29.85,0.0,0.0,0.0,90,70,27.0,80.7,24.5,76.1,27.0,80.7,22.8,73.1,0,0,0,0,10.0,6.0,14.4,23.1,0.0
1735329600,2024-12-28 04:00,24.3,75.7,0,"{'text': 'Partly cloudy', 'icon': '//cdn.weatherapi.com/weather/64x64/night/116.png', 'code': 1003}",8.5,13.7,42,NE,1010.0,29.83,0.0,0.0,0.0,90,57,26.7,80.1,24.3,75.7,26.7,80.1,22.6,72.7,0,0,0,0,10.0,6.0,14.3,23.0,0.0
1735333200,2024-12-28 05:00,24.1,75.3,0,"{'text': 'Patchy rain possible', 'icon': '//cdn.weatherapi.com/weather/64x64/night/176.png', 'code': 1063}",8.3,13.3,39,NE,1010.0,29.83,0.03,0.0,0.0,91,59,26.5,79.7,24.1,75.3,26.5,79.7,22.5,72.5,0,45,0,0,10.0,6.0,13.8,22.2,0.0
1735336800,2024-12-28 06:00,24.0,75.1,0,"{'text': 'Patchy rain possible', 'icon': '//cdn.weatherapi.com/weather/64x64/night/176.png', 'code': 1063}",8.1,13.0,44,NE,1011.0,29.85,0.02,0.0,0.0,92,76,26.4,79.4,24.0,75.1,26.4,79.4,22.5,72.5,0,45,0,0,10.0,6.0,13.6,21.9,0.0
1735340400,2024-12-28 07:00,23.9,75.0,0,"{'text': 'Cloudy', 'icon': '//cdn.weatherapi.com/weather/64x64/night/119.png', 'code': 1006}",7.8,12.6,44,NE,1011.0,29.87,0.0,0.0,0.0,92,76,26.3,79.3,23.9,75.0,26.3,79.3,22.5,72.4,0,0,0,0,10.0,6.0,13.3,21.3,0.0
1735344000,2024-12-28 08:00,24.2,75.6,1,"{'text': 'Cloudy', 'icon': '//cdn.weatherapi.com/weather/64x64/day/119.png', 'code': 1006}",7.6,12.2,43,NE,1012.0,29.89,0.0,0.0,0.0,91,77,26.7,80.0,24.2,75.6,26.7,80.0,22.7,72.8,0,0,0,0,10.0,6.0,12.2,19.7,5.0
1735347600,2024-12-28 09:00,25.3,77.5,1,"{'text': 'Cloudy', 'icon': '//cdn.weatherapi.com/weather/64x64/day/119.png', 'code': 1006}",7.8,12.6,42,NE,1013.0,29.91,0.0,0.0,0.0,87,72,28.0,82.3,25.3,77.5,28.0,82.3,23.0,73.4,0,0,0,0,10.0,6.0,10.9,17.5,6.0
1735351200,2024-12-28 10:00,26.3,79.4,1,"{'text': 'Partly cloudy', 'icon': '//cdn.weatherapi.com/weather/64x64/day/116.png', 'code': 1003}",8.3,13.3,41,NE,1013.0,29.92,0.0,0.0,0.0,82,39,29.3,84.7,26.3,79.4,29.3,84.7,23.1,73.5,0,0,0,0,10.0,6.0,10.7,17.2,7.0
1735354800,2024-12-28 11:00,27.7,81.9,1,"{'text': 'Partly cloudy', 'icon': '//cdn.weatherapi.com/weather/64x64/day/116.png', 'code': 1003}",8.9,14.4,43,NE,1013.0,29.91,0.0,0.0,0.0,75,33,30.9,87.7,27.7,81.9,30.9,87.7,22.8,73.0,0,0,0,0,10.0,6.0,11.0,17.7,7.0
1735358400,2024-12-28 12:00,29.0,84.2,1,"{'text': 'Partly cloudy', 'icon': '//cdn.weatherapi.com/weather/64x64/day/116.png', 'code': 1003}",7.8,12.6,43,NE,1012.0,29.88,0.0,0.0,0.0,67,33,32.4,90.3,29.0,84.2,32.4,90.3,22.4,72.2,0,0,0,0,10.0,6.0,9.4,15.1,7.0
1735362000,2024-12-28 13:00,29.8,85.7,1,"{'text': 'Partly cloudy', 'icon': '//cdn.weatherapi.com/weather/64x64/day/116.png', 'code': 1003}",6.5,10.4,43,NE,1011.0,29.85,0.0,0.0,0.0,63,47,33.4,92.0,29.8,85.7,33.4,92.0,22.2,71.9,0,0,0,0,10.0,6.0,7.8,12.5,7.0
1735365600,2024-12-28 14:00,30.4,86.7,1,"{'text': 'Partly cloudy', 'icon': '//cdn.weatherapi.com/weather/64x64/day/116.png', 'code': 1003}",4.7,7.6,41,NE,1010.0,29.82,0.0,0.0,0.0,62,35,34.1,93.4,30.4,86.7,34.1,93.4,22.2,71.9,0,0,0,0,10.0,6.0,5.7,9.1,8.0
1735369200,2024-12-28 15:00,30.7,87.2,1,"{'text': 'Partly cloudy', 'icon': '//cdn.weatherapi.com/weather/64x64/day/116.png', 'code': 1003}",2.2,3.6,46,NE,1009.0,29.79,0.0,0.0,0.0,61,28,34.7,94.4,30.7,87.2,34.7,94.4,22.4,72.2,0,0,0,0,10.0,6.0,2.8,4.4,8.0
1735372800,2024-12-28 16:00,30.0,86.1,1,"{'text': 'Patchy rain possible', 'icon': '//cdn.weatherapi.com/weather/64x64/day/176.png', 'code': 1063}",1.8,2.9,119,ESE,1008.0,29.76,0.13,0.01,0.0,66,85,34.2,93.5,30.0,86.1,34.2,93.5,22.9,73.2,1,100,0,0,10.0,6.0,2.4,3.9,7.0
1735376400,2024-12-28 17:00,29.1,84.4,1,"{'text': 'Patchy light drizzle', 'icon': '//cdn.weatherapi.com/weather/64x64/day/263.png', 'code': 1150}",3.8,6.1,141,SE,1008.0,29.76,0.75,0.03,0.0,72,84,33.3,92.0,29.1,84.4,33.3,92.0,23.5,74.2,1,100,0,0,5.0,3.0,5.5,8.9,6.0
1735380000,2024-12-28 18:00,28.0,82.3,1,"{'text': 'Patchy rain possible', 'icon': '//cdn.weatherapi.com/weather/64x64/day/176.png', 'code': 1063}",4.7,7.6,140,SE,1008.0,29.78,0.4,0.02,0.0,78,77,32.0,89.6,28.0,82.3,32.0,89.6,23.9,74.9,1,100,0,0,9.0,5.0,7.3,11.7,6.0
1735383600,2024-12-28 19:00,27.1,80.8,1,"{'text': 'Patchy rain possible', 'icon': '//cdn.weatherapi.com/weather/64x64/day/176.png', 'code': 1063}",4.3,6.8,123,ESE,1009.0,29.8,0.07,0.0,0.0,82,75,30.7,87.2,27.1,80.8,30.7,87.2,23.7,74.6,0,45,0,0,10.0,6.0,7.1,11.4,6.0
1735387200,2024-12-28 20:00,26.6,79.8,0,"{'text': 'Patchy rain possible', 'icon': '//cdn.weatherapi.com/weather/64x64/night/176.png', 'code': 1063}",4.0,6.5,90,E,1010.0,29.83,0.2,0.01,0.0,84,83,29.9,85.8,26.6,79.8,29.9,85.8,23.6,74.4,1,100,0,0,9.0,5.0,6.9,11.1,0.0
1735390800,2024-12-28 21:00,26.2,79.2,0,"{'text': 'Clear', 'icon': '//cdn.weatherapi.com/weather/64x64/night/113.png', 'code': 1000}",4.5,7.2,55,NE,1011.0,29.85,0.0,0.0,0.0,85,24,29.3,84.8,26.2,79.2,29.3,84.8,23.4,74.2,0,0,0,0,10.0,6.0,7.8,12.5,0.0
1735394400,2024-12-28 22:00,25.9,78.6,0,"{'text': 'Clear', 'icon': '//cdn.weatherapi.com/weather/64x64/night/113.png', 'code': 1000}",5.8,9.4,40,NE,1012.0,29.89,0.0,0.0,0.0,86,24,28.9,84.0,25.9,78.6,28.9,84.0,23.4,74.1,0,0,0,0,10.0,6.0,10.1,16.3,0.0
1735398000,2024-12-28 23:00,25.3,77.6,0,"{'text': 'Patchy rain possible', 'icon': '//cdn.weatherapi.com/weather/64x64/night/176.png', 'code': 1063}",7.4,11.9,34,NE,1012.0,29.9,0.16,0.01,0.0,89,88,28.2,82.7,25.3,77.6,28.2,82.7,23.3,74.0,1,100,0,0,9.0,5.0,12.8,20.6,0.0
