time_epoch,time,temp_c,temp_f,is_day,condition,wind_mph,wind_kph,wind_degree,wind_dir,pressure_mb,pressure_in,precip_mm,precip_in,snow_cm,humidity,cloud,feelslike_c,feelslike_f,windchill_c,windchill_f,heatindex_c,heatindex_f,dewpoint_c,dewpoint_f,will_it_rain,chance_of_rain,will_it_snow,chance_of_snow,vis_km,vis_miles,gust_mph,gust_kph,uv
1735401600,2024-12-29 00:00,25.2,77.4,0,"{'text': 'Clear', 'icon': '//cdn.weatherapi.com/weather/64x64/night/113.png', 'code': 1000}",8.9,14.4,40,NE,1013.0,29.91,0.0,0.0,0.0,89,15,28.0,82.5,25.2,77.4,28.0,82.5,23.3,73.9,0,0,0,0,10.0,6.0,15.3,24.6,0.0
1735405200,2024-12-29 01:00,25.0,76.9,0,"{'text': 'Partly cloudy', 'icon': '//cdn.weatherapi.com/weather/64x64/night/116.png', 'code': 1003}",9.4,15.1,37,NE,1012.0,29.89,0.0,0.0,0.0,90,30,27.7,81.8,25.0,76.9,27.7,81.8,23.2,73.7,0,0,0,0,10.0,6.0,16.0,25.7,0.0
1735408800,2024-12-29 02:00,24.8,76.7,0,"{'text': 'Partly cloudy', 'icon': '//cdn.weatherapi.com/weather/64x64/night/116.png', 'code': 1003}",10.1,16.2,37,NE,1011.0,29.86,0.0,0.0,0.0,90,40,27.5,81.4,24.8,76.7,27.5,81.4,23.1,73.6,0,0,0,0,10.0,6.0,16.7,26.9,0.0
1735412400,2024-12-29 03:00,24.7,76.5,0,"{'text': 'Clear', 'icon': '//cdn.weatherapi.com/weather/64x64/night/113.png', 'code': 1000}",9.8,15.8,39,NE,1010.0,29.84,0.0,0.0,0.0,90,21,27.3,81.2,24.7,76.5,27.3,81.2,23.0,73.4,0,0,0,0,10.0,6.0,15.9,25.5,0.0
1735416000,2024-12-29 04:00,24.6,76.2,0,"{'text': 'Partly cloudy', 'icon': '//cdn.weatherapi.com/weather/64x64/night/116.png', 'code': 1003}",10.1,16.2,41,NE,1010.0,29.83,0.0,0.0,0.0,91,26,27.1,80.8,24.6,76.2,27.1,80.8,22.9,73.3,0,0,0,0,10.0,6.0,16.1,26.0,0.0
1735419600,2024-12-29 05:00,24.4,76.0,0,"{'text': 'Patchy rain possible', 'icon': '//cdn.weatherapi.com/weather/64x64/night/176.png', 'code': 1063}",9.2,14.8,38,NE,1010.0,29.83,0.02,0.0,0.0,91,76,27.0,80.5,24.4,76.0,27.0,80.5,22.9,73.1,0,45,0,0,10.0,6.0,14.8,23.8,0.0
1735423200,2024-12-29 06:00,24.3,75.7,0,"{'text': 'Patchy rain possible', 'icon': '//cdn.weatherapi.com/weather/64x64/night/176.png', 'code': 1063}",8.7,14.0,36,NE,1011.0,29.84,0.11,0.0,0.0,91,74,26.8,80.2,24.3,75.7,26.8,80.2,22.8,73.0,1,100,0,0,10.0,6.0,14.2,22.8,0.0
1735426800,2024-12-29 07:00,24.2,75.5,0,"{'text': 'Patchy rain possible', 'icon': '//cdn.weatherapi.com/weather/64x64/night/176.png', 'code': 1063}",8.1,13.0,40,NE,1011.0,29.86,0.18,0.01,0.0,91,89,26.6,79.9,24.2,75.5,26.6,79.9,22.7,72.8,1,100,0,0,9.0,5.0,13.4,21.6,0.0
1735430400,2024-12-29 08:00,24.6,76.2,1,"{'text': 'Patchy rain possible', 'icon': '//cdn.weatherapi.com/weather/64x64/day/176.png', 'code': 1063}",7.6,12.2,45,NE,1012.0,29.88,0.01,0.0,0.0,91,82,27.1,80.8,24.6,76.2,27.1,80.8,22.9,73.2,0,45,0,0,10.0,6.0,11.8,19.0,5.0
1735434000,2024-12-29 09:00,25.6,78.0,1,"{'text': 'Light rain shower', 'icon': '//cdn.weatherapi.com/weather/64x64/day/353.png', 'code': 1240}",8.7,14.0,35,NE,1013.0,29.91,0.15,0.01,0.0,86,65,28.4,83.0,25.6,78.0,28.4,83.0,23.1,73.6,1,100,0,0,10.0,6.0,11.9,19.2,6.0
1735437600,2024-12-29 10:00,27.0,80.6,1,"{'text': 'Patchy rain possible', 'icon': '//cdn.weatherapi.com/weather/64x64/day/176.png', 'code': 1063}",9.2,14.8,35,NE,1013.0,29.92,0.57,0.02,0.0,80,76,30.3,86.5,27.0,80.6,30.3,86.5,23.2,73.8,1,100,0,0,9.0,5.0,11.6,18.7,6.0
1735441200,2024-12-29 11:00,28.1,82.6,1,"{'text': 'Patchy rain possible', 'icon': '//cdn.weatherapi.com/weather/64x64/day/176.png', 'code': 1063}",9.6,15.5,29,NNE,1013.0,29.91,0.4,0.02,0.0,75,72,31.8,89.2,28.1,82.7,31.8,89.2,23.2,73.7,1,100,0,0,9.0,5.0,12.5,20.1,6.0
1735444800,2024-12-29 12:00,29.2,84.6,1,"{'text': 'Partly cloudy', 'icon': '//cdn.weatherapi.com/weather/64x64/day/116.png', 'code': 1003}",8.7,14.0,14,NNE,1012.0,29.88,0.0,0.0,0.0,69,32,33.1,91.6,29.3,84.7,33.1,91.6,22.9,73.2,0,0,0,0,10.0,6.0,11.7,18.8,7.0
1735448400,2024-12-29 13:00,30.0,86.0,1,"{'text': 'Patchy rain possible', 'icon': '//cdn.weatherapi.com/weather/64x64/day/176.png', 'code': 1063}",7.4,11.9,355,N,1011.0,29.85,0.03,0.0,0.0,65,81,34.0,93.2,30.0,86.0,34.0,93.2,22.7,72.9,0,45,0,0,10.0,6.0,10.0,16.1,7.0
1735452000,2024-12-29 14:00,30.5,86.8,1,"{'text': 'Patchy rain possible', 'icon': '//cdn.weatherapi.com/weather/64x64/day/176.png', 'code': 1063}",6.0,9.7,326,NNW,1010.0,29.82,0.15,0.01,0.0,63,83,34.6,94.3,30.5,86.8,34.6,94.3,22.7,72.9,1,100,0,0,9.0,5.0,7.7,12.5,7.0
1735455600,2024-12-29 15:00,30.5,86.8,1,"{'text': 'Patchy light drizzle', 'icon': '//cdn.weatherapi.com/weather/64x64/day/263.png', 'code': 1150}",5.1,8.3,310,NW,1009.0,29.78,0.22,0.01,0.0,64,68,34.7,94.5,30.5,86.8,34.7,94.5,22.8,73.1,1,100,0,0,5.0,3.0,6.5,10.5,7.0
1735459200,2024-12-29 16:00,29.4,85.0,1,"{'text': 'Patchy light rain', 'icon': '//cdn.weatherapi.com/weather/64x64/day/293.png', 'code': 1180}",4.5,7.2,285,WNW,1008.0,29.76,0.99,0.04,0.0,70,63,33.8,92.9,29.4,85.0,33.8,92.9,23.5,74.3,1,100,0,0,9.0,5.0,6.0,9.6,6.0
1735462800,2024-12-29 17:00,28.9,84.1,1,"{'text': 'Light rain shower', 'icon': '//cdn.weatherapi.com/weather/64x64/day/353.png', 'code': 1240}",4.5,7.2,294,WNW,1008.0,29.76,1.06,0.04,0.0,73,77,33.3,91.9,28.9,84.1,33.3,91.9,23.7,74.7,1,100,0,0,10.0,6.0,6.2,9.9,6.0
1735466400,2024-12-29 18:00,28.5,83.3,1,"{'text': 'Patchy rain possible', 'icon': '//cdn.weatherapi.com/weather/64x64/day/176.png', 'code': 1063}",3.6,5.8,336,NNW,1008.0,29.77,1.13,0.04,0.0,76,80,32.8,91.0,28.5,83.3,32.8,91.0,23.9,75.0,1,100,0,0,9.0,5.0,5.1,8.2,6.0
1735470000,2024-12-29 19:00,27.1,80.7,1,"{'text': 'Patchy rain possible', 'icon': '//cdn.weatherapi.com/weather/64x64/day/176.png', 'code': 1063}",4.3,6.8,6,N,1009.0,29.8,1.33,0.05,0.0,81,72,30.5,86.9,27.1,80.7,30.5,86.9,23.5,74.3,1,100,0,0,9.0,5.0,7.3,11.7,6.0
1735473600,2024-12-29 20:00,26.1,79.0,0,"{'text': 'Patchy rain possible', 'icon': '//cdn.weatherapi.com/weather/64x64/night/176.png', 'code': 1063}",6.5,10.4,43,NE,1010.0,29.83,0.3,0.01,0.0,85,77,29.1,84.4,26.1,79.0,29.1,84.4,23.3,73.9,1,100,0,0,9.0,5.0,11.9,19.2,0.0
1735477200,2024-12-29 21:00,25.7,78.3,0,"{'text': 'Patchy rain possible', 'icon': '//cdn.weatherapi.com/weather/64x64/night/176.png', 'code': 1063}",7.6,12.2,42,NE,1011.0,29.86,0.11,0.0,0.0,86,89,28.7,83.6,25.7,78.3,28.7,83.6,23.3,73.9,1,100,0,0,10.0,6.0,13.6,22.0,0.0
1735480800,2024-12-29 22:00,25.4,77.7,0,"{'text': 'Patchy rain possible', 'icon': '//cdn.weatherapi.com/weather/64x64/night/176.png', 'code': 1063}",9.2,14.8,31,NNE,1012.0,29.88,0.05,0.0,0.0,88,89,28.2,82.7,25.4,77.7,28.2,82.7,23.2,73.8,0,45,0,0,10.0,6.0,16.0,25.7,0.0
1735484400,2024-12-29 23:00,25.0,77.0,0,"{'text': 'Patchy rain possible', 'icon': '//cdn.weatherapi.com/weather/64x64/night/176.png', 'code': 1063}",9.4,15.1,34,NE,1012.0,29.89,0.34,0.01,0.0,90,74,27.7,81.9,25.0,77.0,27.7,81.9,23.2,73.7,1,100,0,0,9.0,5.0,15.8,25.5,0.0
