time_epoch,time,temp_c,temp_f,is_day,condition,wind_mph,wind_kph,wind_degree,wind_dir,pressure_mb,pressure_in,precip_mm,precip_in,snow_cm,humidity,cloud,feelslike_c,feelslike_f,windchill_c,windchill_f,heatindex_c,heatindex_f,dewpoint_c,dewpoint_f,will_it_rain,chance_of_rain,will_it_snow,chance_of_snow,vis_km,vis_miles,gust_mph,gust_kph,uv
1735488000,2024-12-30 00:00,24.8,76.6,0,"{'text': 'Clear', 'icon': '//cdn.weatherapi.com/weather/64x64/night/113.png', 'code': 1000}",11.0,17.6,42,NE,1012.0,29.88,0.0,0.0,0.0,90,17,27.4,81.4,24.8,76.6,27.4,81.4,23.0,73.5,0,0,0,0,10.0,6.0,17.8,28.6,0.0
1735491600,2024-12-30 01:00,24.6,76.2,0,"{'text': 'Clear', 'icon': '//cdn.weatherapi.com/weather/64x64/night/113.png', 'code': 1000}",10.7,17.3,43,NE,1012.0,29.87,0.0,0.0,0.0,90,21,27.1,80.8,24.6,76.2,27.1,80.8,22.9,73.2,0,0,0,0,10.0,6.0,17.0,27.4,0.0
1735495200,2024-12-30 02:00,24.4,75.9,0,"{'text': 'Partly cloudy', 'icon': '//cdn.weatherapi.com/weather/64x64/night/116.png', 'code': 1003}",10.7,17.3,40,NE,1011.0,29.85,0.0,0.0,0.0,91,26,26.9,80.3,24.4,75.9,26.9,80.3,22.8,73.0,0,0,0,0,10.0,6.0,16.8,27.0,0.0
1735498800,2024-12-30 03:00,24.1,75.5,0,"{'text': 'Partly cloudy', 'icon': '//cdn.weatherapi.com/weather/64x64/night/116.png', 'code': 1003}",9.4,15.1,41,NE,1011.0,29.84,0.0,0.0,0.0,92,33,26.6,79.9,24.1,75.5,26.6,79.9,22.7,72.8,0,0,0,0,10.0,6.0,14.7,23.6,0.0
1735502400,2024-12-30 04:00,23.9,75.0,0,"{'text': 'Partly cloudy', 'icon': '//cdn.weatherapi.com/weather/64x64/night/116.png', 'code': 1003}",8.9,14.4,36,NE,1010.0,29.83,0.0,0.0,0.0,93,35,26.3,79.4,23.9,75.0,26.3,79.4,22.7,72.8,0,0,0,0,10.0,6.0,14.2,22.9,0.0
1735506000,2024-12-30 05:00,23.7,74.7,0,"{'text': 'Partly cloudy', 'icon': '//cdn.weatherapi.com/weather/64x64/night/116.png', 'code': 1003}",8.3,13.3,36,NE,1010.0,29.83,0.0,0.0,0.0,93,32,26.2,79.1,23.7,74.7,26.2,79.1,22.6,72.6,0,0,0,0,10.0,6.0,13.5,21.8,0.0
1735509600,2024-12-30 06:00,23.7,74.7,0,"{'text': 'Partly cloudy', 'icon': '//cdn.weatherapi.com/weather/64x64/night/116.png', 'code': 1003}",8.7,14.0,34,NE,1011.0,29.84,0.0,0.0,0.0,93,30,26.1,79.1,23.7,74.7,26.1,79.1,22.5,72.5,0,0,0,0,10.0,6.0,14.4,23.1,0.0
1735513200,2024-12-30 07:00,23.7,74.7,0,"{'text': 'Partly cloudy', 'icon': '//cdn.weatherapi.com/weather/64x64/night/116.png', 'code': 1003}",8.1,13.0,34,NE,1011.0,29.86,0.0,0.0,0.0,93,29,26.1,79.0,23.7,74.7,26.1,79.0,22.5,72.5,0,0,0,0,10.0,6.0,13.2,21.3,0.0
1735516800,2024-12-30 08:00,24.1,75.4,1,"{'text': 'Partly cloudy', 'icon': '//cdn.weatherapi.com/weather/64x64/day/116.png', 'code': 1003}",8.5,13.7,34,NE,1012.0,29.88,0.0,0.0,0.0,92,30,26.6,79.9,24.1,75.4,26.6,79.9,22.7,72.9,0,0,0,0,10.0,6.0,13.1,21.1,6.0
1735520400,2024-12-30 09:00,25.4,77.7,1,"{'text': 'Partly cloudy', 'icon': '//cdn.weatherapi.com/weather/64x64/day/116.png', 'code': 1003}",9.6,15.5,31,NNE,1013.0,29.91,0.0,0.0,0.0,87,25,28.1,82.6,25.4,77.7,28.1,82.6,23.0,73.4,0,0,0,0,10.0,6.0,12.7,20.4,7.0
1735524000,2024-12-30 10:00,26.8,80.3,1,"{'text': 'Partly cloudy', 'icon': '//cdn.weatherapi.com/weather/64x64/day/116.png', 'code': 1003}",10.7,17.3,28,NNE,1013.0,29.92,0.0,0.0,0.0,80,30,29.9,85.9,26.8,80.3,29.9,85.9,23.1,73.5,0,0,0,0,10.0,6.0,13.3,21.3,7.0
1735527600,2024-12-30 11:00,28.2,82.8,1,"{'text': 'Partly cloudy', 'icon': '//cdn.weatherapi.com/weather/64x64/day/116.png', 'code': 1003}",12.1,19.4,23,NNE,1013.0,29.91,0.0,0.0,0.0,73,46,31.8,89.2,28.2,82.8,31.8,89.2,23.0,73.4,0,0,0,0,10.0,6.0,14.4,23.2,7.0
1735531200,2024-12-30 12:00,29.4,85.0,1,"{'text': 'Patchy rain possible', 'icon': '//cdn.weatherapi.com/weather/64x64/day/176.png', 'code': 1063}",11.2,18.0,24,NNE,1012.0,29.88,0.01,0.0,0.0,68,78,33.4,92.2,29.4,85.0,33.4,92.2,23.0,73.4,0,45,0,0,10.0,6.0,13.2,21.2,6.0
1735534800,2024-12-30 13:00,30.2,86.3,1,"{'text': 'Patchy rain possible', 'icon': '//cdn.weatherapi.com/weather/64x64/day/176.png', 'code': 1063}",9.4,15.1,30,NNE,1011.0,29.85,0.06,0.0,0.0,66,68,34.6,94.3,30.2,86.3,34.6,94.3,23.2,73.7,0,45,0,0,10.0,6.0,11.2,18.1,7.0
1735538400,2024-12-30 14:00,29.8,85.6,1,"{'text': 'Light rain shower', 'icon': '//cdn.weatherapi.com/weather/64x64/day/353.png', 'code': 1240}",6.5,10.4,27,NNE,1010.0,29.82,0.78,0.03,0.0,69,79,34.1,93.5,29.8,85.6,34.1,93.5,23.3,74.0,1,100,0,0,10.0,6.0,8.5,13.8,6.0
1735542000,2024-12-30 15:00,29.4,85.0,1,"{'text': 'Light rain shower', 'icon': '//cdn.weatherapi.com/weather/64x64/day/353.png', 'code': 1240}",6.0,9.7,19,NNE,1009.0,29.79,0.65,0.03,0.0,70,64,33.8,92.9,29.4,85.0,33.8,92.9,23.5,74.3,1,100,0,0,10.0,6.0,8.0,12.9,6.0
1735545600,2024-12-30 16:00,29.3,84.7,1,"{'text': 'Light rain shower', 'icon': '//cdn.weatherapi.com/weather/64x64/day/353.png', 'code': 1240}",6.0,9.7,17,NNE,1008.0,29.77,1.06,0.04,0.0,72,83,33.7,92.6,29.3,84.7,33.7,92.6,23.6,74.5,1,100,0,0,10.0,6.0,8.2,13.1,6.0
1735549200,2024-12-30 17:00,28.6,83.5,1,"{'text': 'Light rain shower', 'icon': '//cdn.weatherapi.com/weather/64x64/day/353.png', 'code': 1240}",5.4,8.6,19,NNE,1008.0,29.77,0.97,0.04,0.0,76,64,32.9,91.3,28.6,83.5,32.9,91.3,23.9,75.0,1,100,0,0,10.0,6.0,8.5,13.6,6.0
1735552800,2024-12-30 18:00,27.6,81.7,1,"{'text': 'Light rain shower', 'icon': '//cdn.weatherapi.com/weather/64x64/day/353.png', 'code': 1240}",5.4,8.6,30,NNE,1009.0,29.78,1.75,0.07,0.0,81,81,31.6,88.9,27.6,81.7,31.6,88.9,24.1,75.3,1,100,0,0,10.0,6.0,9.0,14.5,6.0
1735556400,2024-12-30 19:00,26.1,79.1,1,"{'text': 'Patchy rain possible', 'icon': '//cdn.weatherapi.com/weather/64x64/day/176.png', 'code': 1063}",5.4,8.6,31,NNE,1009.0,29.81,2.44,0.1,0.0,87,82,29.4,84.9,26.1,79.1,29.4,84.9,23.7,74.7,1,100,0,0,9.0,5.0,10.5,16.9,6.0
1735560000,2024-12-30 20:00,25.4,77.7,0,"{'text': 'Light rain shower', 'icon': '//cdn.weatherapi.com/weather/64x64/night/353.png', 'code': 1240}",5.8,9.4,40,NE,1011.0,29.84,2.04,0.08,0.0,89,73,28.2,82.8,25.4,77.6,28.2,82.8,23.3,74.0,1,100,0,0,10.0,6.0,11.8,19.0,0.0
1735563600,2024-12-30 21:00,25.2,77.4,0,"{'text': 'Patchy rain possible', 'icon': '//cdn.weatherapi.com/weather/64x64/night/176.png', 'code': 1063}",6.9,11.2,42,NE,1012.0,29.88,0.4,0.02,0.0,88,72,28.0,82.3,25.2,77.4,28.0,82.3,23.1,73.7,1,100,0,0,9.0,5.0,12.7,20.4,0.0
1735567200,2024-12-30 22:00,24.8,76.6,0,"{'text': 'Light rain shower', 'icon': '//cdn.weatherapi.com/weather/64x64/night/353.png', 'code': 1240}",7.6,12.2,42,NE,1013.0,29.9,1.69,0.07,0.0,91,75,27.5,81.5,24.8,76.6,27.5,81.5,23.2,73.7,1,100,0,0,10.0,6.0,13.9,22.4,0.0
1735570800,2024-12-30 23:00,24.8,76.7,0,"{'text': 'Light rain shower', 'icon': '//cdn.weatherapi.com/weather/64x64/night/353.png', 'code': 1240}",8.5,13.7,40,NE,1013.0,29.91,0.87,0.03,0.0,91,75,27.5,81.5,24.8,76.7,27.5,81.5,23.2,73.7,1,100,0,0,10.0,6.0,15.5,25.0,0.0
