time_epoch,time,temp_c,temp_f,is_day,condition,wind_mph,wind_kph,wind_degree,wind_dir,pressure_mb,pressure_in,precip_mm,precip_in,snow_cm,humidity,cloud,feelslike_c,feelslike_f,windchill_c,windchill_f,heatindex_c,heatindex_f,dewpoint_c,dewpoint_f,will_it_rain,chance_of_rain,will_it_snow,chance_of_snow,vis_km,vis_miles,gust_mph,gust_kph,uv
1734883200,2024-12-23 00:00,24.6,76.3,0,"{'text': 'Partly cloudy', 'icon': '//cdn.weatherapi.com/weather/64x64/night/116.png', 'code': 1003}",9.6,15.5,33,NNE,1011.0,29.84,0.0,0.0,0.0,90,35,27.1,80.8,24.6,76.3,27.1,80.8,22.8,73.1,0,0,0,0,10.0,6.0,15.0,24.1,0.0
1734886800,2024-12-23 01:00,24.4,76.0,0,"{'text': 'Partly cloudy', 'icon': '//cdn.weatherapi.com/weather/64x64/night/116.png', 'code': 1003}",8.9,14.4,30,NNE,1010.0,29.84,0.0,0.0,0.0,90,32,27.0,80.5,24.4,76.0,27.0,80.5,22.8,73.0,0,0,0,0,10.0,6.0,14.2,22.9,0.0
1734890400,2024-12-23 02:00,24.2,75.5,0,"{'text': 'Cloudy', 'icon': '//cdn.weatherapi.com/weather/64x64/night/119.png', 'code': 1006}",8.7,14.0,27,NNE,1010.0,29.82,0.0,0.0,0.0,91,83,26.6,79.9,24.2,75.5,26.6,79.9,22.7,72.8,0,0,0,0,10.0,6.0,14.3,23.0,0.0
1734894000,2024-12-23 03:00,24.1,75.4,0,"{'text': 'Overcast', 'icon': '//cdn.weatherapi.com/weather/64x64/night/122.png', 'code': 1009}",8.1,13.0,26,NNE,1009.0,29.8,0.0,0.0,0.0,91,100,26.5,79.7,24.1,75.4,26.5,79.7,22.5,72.5,0,0,0,0,10.0,6.0,13.1,21.1,0.0
1734897600,2024-12-23 04:00,24.1,75.5,0,"{'text': 'Partly cloudy', 'icon': '//cdn.weatherapi.com/weather/64x64/night/116.png', 'code': 1003}",7.8,12.6,34,NE,1008.0,29.78,0.0,0.0,0.0,90,40,26.5,79.7,24.1,75.5,26.5,79.7,22.4,72.3,0,0,0,0,10.0,6.0,12.6,20.3,0.0
1734901200,2024-12-23 05:00,24.1,75.4,0,"{'text': 'Partly cloudy', 'icon': '//cdn.weatherapi.com/weather/64x64/night/116.png', 'code': 1003}",6.9,11.2,31,NNE,1008.0,29.77,0.0,0.0,0.0,89,36,26.5,79.6,24.1,75.5,26.5,79.6,22.3,72.1,0,0,0,0,10.0,6.0,11.3,18.1,0.0
1734904800,2024-12-23 06:00,24.0,75.2,0,"{'text': 'Partly cloudy', 'icon': '//cdn.weatherapi.com/weather/64x64/night/116.png', 'code': 1003}",6.9,11.2,36,NE,1009.0,29.79,0.0,0.0,0.0,90,46,26.3,79.4,24.0,75.2,26.3,79.4,22.2,71.9,0,0,0,0,10.0,6.0,11.5,18.5,0.0
1734908400,2024-12-23 07:00,23.8,74.9,0,"{'text': 'Partly cloudy', 'icon': '//cdn.weatherapi.com/weather/64x64/night/116.png', 'code': 1003}",7.6,12.2,40,NE,1009.0,29.8,0.0,0.0,0.0,90,38,26.1,79.0,23.8,74.9,26.1,79.0,22.1,71.8,0,0,0,0,10.0,6.0,12.7,20.4,0.0
1734912000,2024-12-23 08:00,24.2,75.5,1,"{'text': 'Partly cloudy', 'icon': '//cdn.weatherapi.com/weather/64x64/day/116.png', 'code': 1003}",7.4,11.9,33,NNE,1010.0,29.82,0.0,0.0,0.0,89,49,26.5,79.8,24.2,75.5,26.5,79.8,22.3,72.2,0,0,0,0,10.0,6.0,11.4,18.4,6.0
1734915600,2024-12-23 09:00,24.9,76.8,1,"{'text': 'Partly cloudy', 'icon': '//cdn.weatherapi.com/weather/64x64/day/116.png', 'code': 1003}",7.6,12.2,27,NNE,1011.0,29.85,0.0,0.0,0.0,87,55,27.4,81.3,24.9,76.8,27.4,81.3,22.6,72.7,0,0,0,0,10.0,6.0,10.7,17.2,6.0
1734919200,2024-12-23 10:00,25.4,77.7,1,"{'text': 'Partly cloudy', 'icon': '//cdn.weatherapi.com/weather/64x64/day/116.png', 'code': 1003}",7.6,12.2,32,NNE,1011.0,29.85,0.0,0.0,0.0,86,49,28.0,82.4,25.4,77.7,28.0,82.4,22.8,73.1,0,0,0,0,10.0,6.0,10.5,16.9,7.0
1734922800,2024-12-23 11:00,26.1,79.0,1,"{'text': 'Cloudy', 'icon': '//cdn.weatherapi.com/weather/64x64/day/119.png', 'code': 1006}",7.6,12.2,31,NNE,1010.0,29.84,0.0,0.0,0.0,83,70,29.0,84.2,26.1,79.0,29.0,84.2,23.0,73.4,0,0,0,0,10.0,6.0,10.4,16.8,6.0
1734926400,2024-12-23 12:00,26.7,80.1,1,"{'text': 'Partly cloudy', 'icon': '//cdn.weatherapi.com/weather/64x64/day/116.png', 'code': 1003}",5.4,8.6,31,NNE,1010.0,29.82,0.0,0.0,0.0,80,28,29.8,85.7,26.8,80.2,29.8,85.7,23.0,73.5,0,0,0,0,10.0,6.0,7.6,12.2,7.0
1734930000,2024-12-23 13:00,27.7,81.8,1,"{'text': 'Patchy rain possible', 'icon': '//cdn.weatherapi.com/weather/64x64/day/176.png', 'code': 1063}",2.9,4.7,12,NNE,1009.0,29.8,0.01,0.0,0.0,75,80,31.0,87.7,27.7,81.8,31.0,87.7,22.8,73.1,0,45,0,0,10.0,6.0,3.9,6.3,6.0
1734933600,2024-12-23 14:00,28.7,83.6,1,"{'text': 'Patchy rain possible', 'icon': '//cdn.weatherapi.com/weather/64x64/day/176.png', 'code': 1063}",0.4,0.7,214,SW,1008.0,29.76,0.33,0.01,0.0,71,81,32.3,90.1,28.7,83.6,32.3,90.1,22.8,73.1,1,100,0,0,9.0,5.0,0.6,0.9,6.0
1734937200,2024-12-23 15:00,29.5,85.1,1,"{'text': 'Patchy rain possible', 'icon': '//cdn.weatherapi.com/weather/64x64/day/176.png', 'code': 1063}",2.0,3.2,255,WSW,1007.0,29.72,0.04,0.0,0.0,68,74,33.6,92.4,29.5,85.1,33.6,92.4,23.0,73.4,0,45,0,0,10.0,6.0,2.4,3.8,6.0
1734940800,2024-12-23 16:00,28.8,83.9,1,"{'text': 'Patchy light rain', 'icon': '//cdn.weatherapi.com/weather/64x64/day/293.png', 'code': 1180}",4.0,6.5,241,WSW,1006.0,29.71,1.11,0.04,0.0,73,77,32.9,91.2,28.8,83.9,32.9,91.2,23.5,74.2,1,100,0,0,9.0,5.0,5.1,8.2,6.0
1734944400,2024-12-23 17:00,28.1,82.6,1,"{'text': 'Light rain shower', 'icon': '//cdn.weatherapi.com/weather/64x64/day/353.png', 'code': 1240}",4.3,6.8,249,WSW,1006.0,29.7,1.19,0.05,0.0,76,82,32.0,89.6,28.1,82.6,32.0,89.6,23.6,74.4,1,100,0,0,10.0,6.0,6.0,9.7,6.0
1734948000,2024-12-23 18:00,27.6,81.8,1,"{'text': 'Patchy rain possible', 'icon': '//cdn.weatherapi.com/weather/64x64/day/176.png', 'code': 1063}",2.9,4.7,273,W,1006.0,29.71,1.21,0.05,0.0,78,80,31.3,88.4,27.7,81.8,31.3,88.4,23.5,74.3,1,100,0,0,9.0,5.0,4.0,6.5,6.0
1734951600,2024-12-23 19:00,26.6,79.8,1,"{'text': 'Light rain shower', 'icon': '//cdn.weatherapi.com/weather/64x64/day/353.png', 'code': 1240}",2.7,4.3,319,NW,1007.0,29.74,1.63,0.06,0.0,82,57,29.6,85.4,26.6,79.8,29.6,85.4,23.1,73.7,1,100,0,0,10.0,6.0,4.5,7.2,6.0
1734955200,2024-12-23 20:00,25.9,78.6,0,"{'text': 'Patchy light rain', 'icon': '//cdn.weatherapi.com/weather/64x64/night/293.png', 'code': 1180}",2.7,4.3,337,NNW,1008.0,29.77,2.29,0.09,0.0,83,58,28.7,83.6,25.9,78.6,28.7,83.6,22.9,73.2,1,100,0,0,9.0,5.0,4.8,7.7,0.0
1734958800,2024-12-23 21:00,25.5,77.8,0,"{'text': 'Light rain shower', 'icon': '//cdn.weatherapi.com/weather/64x64/night/353.png', 'code': 1240}",3.8,6.1,20,NNE,1010.0,29.81,2.04,0.08,0.0,86,63,28.2,82.7,25.5,77.8,28.2,82.7,23.0,73.3,1,100,0,0,10.0,6.0,6.7,10.8,0.0
1734962400,2024-12-23 22:00,24.9,76.8,0,"{'text': 'Patchy light rain', 'icon': '//cdn.weatherapi.com/weather/64x64/night/293.png', 'code': 1180}",6.7,10.8,31,NNE,1010.0,29.84,1.66,0.07,0.0,90,61,27.6,81.7,24.9,76.8,27.6,81.7,23.2,73.8,1,100,0,0,9.0,5.0,11.1,17.9,0.0
1734966000,2024-12-23 23:00,24.4,76.0,0,"{'text': 'Patchy rain possible', 'icon': '//cdn.weatherapi.com/weather/64x64/night/176.png', 'code': 1063}",8.9,14.4,33,NNE,1010.0,29.84,0.36,0.01,0.0,93,78,27.1,80.7,24.4,76.0,27.1,80.7,23.2,73.7,1,100,0,0,9.0,5.0,14.9,24.0,0.0
