time_epoch,time,temp_c,temp_f,is_day,condition,wind_mph,wind_kph,wind_degree,wind_dir,pressure_mb,pressure_in,precip_mm,precip_in,snow_cm,humidity,cloud,feelslike_c,feelslike_f,windchill_c,windchill_f,heatindex_c,heatindex_f,dewpoint_c,dewpoint_f,will_it_rain,chance_of_rain,will_it_snow,chance_of_snow,vis_km,vis_miles,gust_mph,gust_kph,uv
1735056000,2024-12-25 00:00,25.3,77.5,0,"{'text': 'Light rain shower', 'icon': '//cdn.weatherapi.com/weather/64x64/night/353.png', 'code': 1240}",4.7,7.6,15,NNE,1011.0,29.85,0.89,0.04,0.0,87,75,28.0,82.3,25.3,77.5,28.0,82.3,23.0,73.3,1,100,0,0,10.0,6.0,8.2,13.2,0.0
1735059600,2024-12-25 01:00,25.2,77.3,0,"{'text': 'Patchy rain possible', 'icon': '//cdn.weatherapi.com/weather/64x64/night/176.png', 'code': 1063}",6.5,10.4,23,NNE,1010.0,29.84,0.12,0.0,0.0,88,89,27.9,82.2,25.2,77.3,27.9,82.2,23.0,73.4,1,100,0,0,10.0,6.0,10.8,17.4,0.0
1735063200,2024-12-25 02:00,24.8,76.7,0,"{'text': 'Patchy rain possible', 'icon': '//cdn.weatherapi.com/weather/64x64/night/176.png', 'code': 1063}",7.8,12.6,19,NNE,1010.0,29.82,0.35,0.01,0.0,90,78,27.5,81.4,24.8,76.7,27.5,81.4,23.1,73.5,1,100,0,0,9.0,5.0,13.1,21.1,0.0
1735066800,2024-12-25 03:00,24.6,76.2,0,"{'text': 'Light rain shower', 'icon': '//cdn.weatherapi.com/weather/64x64/night/353.png', 'code': 1240}",8.1,13.0,23,NNE,1009.0,29.81,0.34,0.01,0.0,91,51,27.2,80.9,24.6,76.2,27.2,80.9,23.0,73.4,1,100,0,0,10.0,6.0,13.5,21.7,0.0
1735070400,2024-12-25 04:00,24.5,76.0,0,"{'text': 'Partly cloudy', 'icon': '//cdn.weatherapi.com/weather/64x64/night/116.png', 'code': 1003}",8.3,13.3,23,NNE,1009.0,29.79,0.0,0.0,0.0,91,51,27.0,80.6,24.5,76.0,27.0,80.6,22.9,73.1,0,0,0,0,10.0,6.0,13.6,21.9,0.0
1735074000,2024-12-25 05:00,24.3,75.8,0,"{'text': 'Partly cloudy', 'icon': '//cdn.weatherapi.com/weather/64x64/night/116.png', 'code': 1003}",7.8,12.6,17,NNE,1008.0,29.78,0.0,0.0,0.0,91,46,26.8,80.3,24.3,75.8,26.8,80.3,22.8,73.1,0,0,0,0,10.0,6.0,12.8,20.5,0.0
1735077600,2024-12-25 06:00,24.2,75.6,0,"{'text': 'Partly cloudy', 'icon': '//cdn.weatherapi.com/weather/64x64/night/116.png', 'code': 1003}",7.4,11.9,23,NNE,1009.0,29.8,0.0,0.0,0.0,92,59,26.7,80.0,24.2,75.6,26.7,80.0,22.8,73.0,0,45,0,0,10.0,6.0,11.9,19.2,0.0
1735081200,2024-12-25 07:00,24.0,75.3,0,"{'text': 'Cloudy', 'icon': '//cdn.weatherapi.com/weather/64x64/night/119.png', 'code': 1006}",7.2,11.5,25,NNE,1010.0,29.81,0.0,0.0,0.0,92,74,26.5,79.7,24.0,75.3,26.5,79.7,22.7,72.8,0,45,0,0,10.0,6.0,11.6,18.7,0.0
1735084800,2024-12-25 08:00,24.4,75.9,1,"{'text': 'Partly cloudy', 'icon': '//cdn.weatherapi.com/weather/64x64/day/116.png', 'code': 1003}",6.7,10.8,10,N,1010.0,29.83,0.0,0.0,0.0,91,53,26.9,80.4,24.4,75.9,26.9,80.4,22.8,73.0,0,0,0,0,10.0,6.0,10.4,16.8,6.0
1735088400,2024-12-25 09:00,25.6,78.0,1,"{'text': 'Cloudy', 'icon': '//cdn.weatherapi.com/weather/64x64/day/119.png', 'code': 1006}",6.3,10.1,14,NNE,1011.0,29.86,0.0,0.0,0.0,85,64,28.2,82.8,25.6,78.0,28.2,82.8,22.9,73.1,0,0,0,0,10.0,6.0,8.4,13.5,6.0
1735092000,2024-12-25 10:00,26.8,80.2,1,"{'text': 'Cloudy', 'icon': '//cdn.weatherapi.com/weather/64x64/day/119.png', 'code': 1006}",5.4,8.6,12,NNE,1012.0,29.87,0.0,0.0,0.0,79,84,29.8,85.6,26.8,80.2,29.8,85.6,22.9,73.2,0,45,0,0,10.0,6.0,6.6,10.7,6.0
1735095600,2024-12-25 11:00,27.5,81.5,1,"{'text': 'Patchy rain possible', 'icon': '//cdn.weatherapi.com/weather/64x64/day/176.png', 'code': 1063}",3.8,6.1,0,N,1011.0,29.86,0.13,0.01,0.0,76,86,30.7,87.3,27.5,81.5,30.7,87.3,22.9,73.1,1,100,0,0,10.0,6.0,4.6,7.4,6.0
1735099200,2024-12-25 12:00,28.0,82.5,1,"{'text': 'Patchy light drizzle', 'icon': '//cdn.weatherapi.com/weather/64x64/day/263.png', 'code': 1150}",4.0,6.5,292,WNW,1010.0,29.84,0.23,0.01,0.0,74,70,31.5,88.6,28.0,82.5,31.5,88.6,22.9,73.3,1,100,0,0,5.0,3.0,4.8,7.8,6.0
1735102800,2024-12-25 13:00,28.3,83.0,1,"{'text': 'Light rain shower', 'icon': '//cdn.weatherapi.com/weather/64x64/day/353.png', 'code': 1240}",6.7,10.8,261,W,1010.0,29.82,0.49,0.02,0.0,74,62,32.1,89.7,28.3,83.0,32.1,89.7,23.3,73.9,1,100,0,0,10.0,6.0,8.6,13.8,6.0
1735106400,2024-12-25 14:00,28.6,83.5,1,"{'text': 'Light rain shower', 'icon': '//cdn.weatherapi.com/weather/64x64/day/353.png', 'code': 1240}",8.9,14.4,262,W,1009.0,29.79,1.01,0.04,0.0,73,57,32.6,90.6,28.6,83.5,32.6,90.6,23.4,74.0,1,100,0,0,10.0,6.0,11.1,17.9,6.0
1735110000,2024-12-25 15:00,28.3,82.9,1,"{'text': 'Light rain shower', 'icon': '//cdn.weatherapi.com/weather/64x64/day/353.png', 'code': 1240}",9.6,15.5,273,W,1008.0,29.77,0.86,0.03,0.0,76,81,32.3,90.1,28.3,82.9,32.3,90.1,23.6,74.5,1,100,0,0,10.0,6.0,11.9,19.2,6.0
1735113600,2024-12-25 16:00,28.3,82.9,1,"{'text': 'Light rain shower', 'icon': '//cdn.weatherapi.com/weather/64x64/day/353.png', 'code': 1240}",10.3,16.6,281,WNW,1008.0,29.76,0.24,0.01,0.0,76,52,32.3,90.1,28.3,82.9,32.3,90.1,23.6,74.5,1,100,0,0,10.0,6.0,13.7,22.1,6.0
1735117200,2024-12-25 17:00,28.0,82.5,1,"{'text': 'Light rain shower', 'icon': '//cdn.weatherapi.com/weather/64x64/day/353.png', 'code': 1240}",10.7,17.3,279,W,1007.0,29.75,0.25,0.01,0.0,77,51,31.9,89.4,28.0,82.5,31.9,89.4,23.6,74.4,1,100,0,0,10.0,6.0,14.9,24.0,6.0
1735120800,2024-12-25 18:00,27.5,81.5,1,"{'text': 'Patchy rain possible', 'icon': '//cdn.weatherapi.com/weather/64x64/day/176.png', 'code': 1063}",9.2,14.8,278,W,1008.0,29.76,0.21,0.01,0.0,81,74,31.4,88.4,27.5,81.5,31.4,88.4,23.9,75.0,1,100,0,0,9.0,5.0,13.3,21.5,6.0
1735124400,2024-12-25 19:00,26.4,79.5,1,"{'text': 'Patchy rain possible', 'icon': '//cdn.weatherapi.com/weather/64x64/day/176.png', 'code': 1063}",8.5,13.7,290,WNW,1008.0,29.78,1.18,0.05,0.0,85,72,29.8,85.6,26.4,79.5,29.8,85.6,23.7,74.7,1,100,0,0,9.0,5.0,13.5,21.7,6.0
1735128000,2024-12-25 20:00,26.0,78.8,0,"{'text': 'Light rain shower', 'icon': '//cdn.weatherapi.com/weather/64x64/night/353.png', 'code': 1240}",7.2,11.5,301,WNW,1009.0,29.8,0.22,0.01,0.0,87,72,29.2,84.5,26.0,78.8,29.2,84.5,23.6,74.6,1,100,0,0,10.0,6.0,11.8,19.0,0.0
1735131600,2024-12-25 21:00,25.9,78.6,0,"{'text': 'Light rain shower', 'icon': '//cdn.weatherapi.com/weather/64x64/night/353.png', 'code': 1240}",6.3,10.1,322,NW,1010.0,29.84,0.17,0.01,0.0,87,69,29.1,84.3,25.9,78.6,29.1,84.3,23.7,74.6,1,100,0,0,10.0,6.0,10.4,16.8,0.0
1735135200,2024-12-25 22:00,25.6,78.0,0,"{'text': 'Light rain shower', 'icon': '//cdn.weatherapi.com/weather/64x64/night/353.png', 'code': 1240}",6.7,10.8,342,NNW,1011.0,29.86,0.56,0.02,0.0,89,79,28.6,83.5,25.6,78.0,28.6,83.5,23.6,74.4,1,100,0,0,10.0,6.0,11.6,18.7,0.0
1735138800,2024-12-25 23:00,25.3,77.6,0,"{'text': 'Patchy rain possible', 'icon': '//cdn.weatherapi.com/weather/64x64/night/176.png', 'code': 1063}",7.6,12.2,0,N,1011.0,29.87,0.03,0.0,0.0,89,79,28.2,82.8,25.3,77.6,28.2,82.8,23.4,74.1,0,45,0,0,10.0,6.0,13.1,21.1,0.0
