time_epoch,time,temp_c,temp_f,is_day,condition,wind_mph,wind_kph,wind_degree,wind_dir,pressure_mb,pressure_in,precip_mm,precip_in,snow_cm,humidity,cloud,feelslike_c,feelslike_f,windchill_c,windchill_f,heatindex_c,heatindex_f,dewpoint_c,dewpoint_f,will_it_rain,chance_of_rain,will_it_snow,chance_of_snow,vis_km,vis_miles,gust_mph,gust_kph,uv
1735228800,2024-12-27 00:00,25.2,77.4,0,"{'text': 'Partly cloudy', 'icon': '//cdn.weatherapi.com/weather/64x64/night/116.png', 'code': 1003}",4.0,6.5,41,NE,1012.0,29.89,0.0,0.0,0.0,85,29,27.7,81.9,25.2,77.4,27.7,81.9,22.5,72.6,0,0,0,0,10.0,6.0,7.0,11.2,0.0
1735232400,2024-12-27 01:00,25.0,77.0,0,"{'text': 'Patchy rain possible', 'icon': '//cdn.weatherapi.com/weather/64x64/night/176.png', 'code': 1063}",5.4,8.6,47,NE,1012.0,29.88,0.05,0.0,0.0,87,87,27.5,81.6,25.0,77.0,27.5,81.6,22.7,72.8,0,45,0,0,10.0,6.0,9.1,14.7,0.0
1735236000,2024-12-27 02:00,24.8,76.6,0,"{'text': 'Patchy rain possible', 'icon': '//cdn.weatherapi.com/weather/64x64/night/176.png', 'code': 1063}",6.3,10.1,47,NE,1012.0,29.87,0.07,0.0,0.0,89,73,27.3,81.1,24.8,76.6,27.3,81.1,22.8,73.1,0,45,0,0,10.0,6.0,10.4,16.8,0.0
1735239600,2024-12-27 03:00,24.5,76.1,0,"{'text': 'Patchy rain possible', 'icon': '//cdn.weatherapi.com/weather/64x64/night/176.png', 'code': 1063}",6.3,10.1,40,NE,1011.0,29.86,0.17,0.01,0.0,90,87,27.0,80.5,24.5,76.1,27.0,80.5,22.7,72.8,1,100,0,0,9.0,5.0,10.5,16.9,0.0
1735243200,2024-12-27 04:00,24.4,75.8,0,"{'text': 'Patchy light drizzle', 'icon': '//cdn.weatherapi.com/weather/64x64/night/263.png', 'code': 1150}",6.5,10.4,36,NE,1011.0,29.85,0.21,0.01,0.0,89,84,26.8,80.2,24.4,75.8,26.8,80.2,22.5,72.5,1,100,0,0,5.0,3.0,10.9,17.5,0.0
1735246800,2024-12-27 05:00,24.4,75.9,0,"{'text': 'Patchy rain possible', 'icon': '//cdn.weatherapi.com/weather/64x64/night/176.png', 'code': 1063}",5.8,9.4,34,NE,1010.0,29.84,0.21,0.01,0.0,89,74,26.8,80.2,24.4,75.9,26.8,80.2,22.4,72.4,1,100,0,0,9.0,5.0,9.8,15.8,0.0
1735250400,2024-12-27 06:00,24.4,76.0,0,"{'text': 'Patchy rain possible', 'icon': '//cdn.weatherapi.com/weather/64x64/night/176.png', 'code': 1063}",4.9,7.9,36,NE,1011.0,29.85,0.08,0.0,0.0,88,87,26.8,80.2,24.4,76.0,26.8,80.2,22.3,72.2,0,45,0,0,10.0,6.0,8.3,13.4,0.0
1735254000,2024-12-27 07:00,24.5,76.0,0,"{'text': 'Patchy rain possible', 'icon': '//cdn.weatherapi.com/weather/64x64/night/176.png', 'code': 1063}",4.5,7.2,27,NNE,1011.0,29.87,0.01,0.0,0.0,88,86,26.8,80.3,24.5,76.0,26.8,80.3,22.4,72.3,0,45,0,0,10.0,6.0,7.5,12.1,0.0
1735257600,2024-12-27 08:00,24.8,76.6,1,"{'text': 'Partly cloudy', 'icon': '//cdn.weatherapi.com/weather/64x64/day/116.png', 'code': 1003}",4.3,6.8,36,NE,1012.0,29.89,0.0,0.0,0.0,88,39,27.3,81.1,24.8,76.6,27.3,81.1,22.6,72.8,0,0,0,0,10.0,6.0,6.7,10.7,6.0
1735261200,2024-12-27 09:00,25.8,78.4,1,"{'text': 'Partly cloudy', 'icon': '//cdn.weatherapi.com/weather/64x64/day/116.png', 'code': 1003}",4.7,7.6,35,NE,1013.0,29.92,0.0,0.0,0.0,84,47,28.5,83.3,25.8,78.4,28.5,83.3,22.9,73.2,0,0,0,0,10.0,6.0,6.4,10.3,7.0
1735264800,2024-12-27 10:00,26.9,80.5,1,"{'text': 'Patchy rain possible', 'icon': '//cdn.weatherapi.com/weather/64x64/day/176.png', 'code': 1063}",4.3,6.8,29,NNE,1013.0,29.93,0.04,0.0,0.0,79,51,30.1,86.1,26.9,80.5,30.1,86.1,23.0,73.4,0,45,0,0,10.0,6.0,5.3,8.6,6.0
1735268400,2024-12-27 11:00,28.3,82.9,1,"{'text': 'Patchy rain possible', 'icon': '//cdn.weatherapi.com/weather/64x64/day/176.png', 'code': 1063}",2.5,4.0,12,NNE,1013.0,29.92,0.1,0.0,0.0,73,52,31.9,89.3,28.3,82.9,31.9,89.3,23.1,73.5,1,100,0,0,10.0,6.0,2.8,4.6,6.0
1735272000,2024-12-27 12:00,28.9,84.0,1,"{'text': 'Light rain shower', 'icon': '//cdn.weatherapi.com/weather/64x64/day/353.png', 'code': 1240}",1.8,2.9,289,WNW,1012.0,29.9,0.51,0.02,0.0,71,54,32.7,90.9,28.9,84.0,32.7,90.9,23.0,73.4,1,100,0,0,10.0,6.0,2.1,3.4,6.0
1735275600,2024-12-27 13:00,28.5,83.4,1,"{'text': 'Light rain shower', 'icon': '//cdn.weatherapi.com/weather/64x64/day/353.png', 'code': 1240}",3.8,6.1,261,W,1012.0,29.87,1.54,0.06,0.0,74,59,32.5,90.5,28.6,83.4,32.5,90.5,23.4,74.1,1,100,0,0,10.0,6.0,5.0,8.1,6.0
1735279200,2024-12-27 14:00,28.4,83.2,1,"{'text': 'Light rain shower', 'icon': '//cdn.weatherapi.com/weather/64x64/day/353.png', 'code': 1240}",4.5,7.2,258,WSW,1011.0,29.84,1.36,0.05,0.0,75,54,32.4,90.4,28.4,83.2,32.4,90.4,23.5,74.4,1,100,0,0,10.0,6.0,6.4,10.2,6.0
1735282800,2024-12-27 15:00,28.4,83.2,1,"{'text': 'Light rain shower', 'icon': '//cdn.weatherapi.com/weather/64x64/day/353.png', 'code': 1240}",3.8,6.1,263,W,1010.0,29.82,1.54,0.06,0.0,75,86,32.4,90.4,28.4,83.2,32.4,90.4,23.5,74.4,1,100,0,0,10.0,6.0,5.0,8.1,6.0
1735286400,2024-12-27 16:00,28.2,82.8,1,"{'text': 'Light rain shower', 'icon': '//cdn.weatherapi.com/weather/64x64/day/353.png', 'code': 1240}",3.1,5.0,274,W,1009.0,29.79,1.66,0.07,0.0,75,82,32.0,89.6,28.2,82.8,32.0,89.6,23.4,74.1,1,100,0,0,10.0,6.0,4.5,7.2,6.0
1735290000,2024-12-27 17:00,28.0,82.4,1,"{'text': 'Patchy rain possible', 'icon': '//cdn.weatherapi.com/weather/64x64/day/176.png', 'code': 1063}",2.0,3.2,275,W,1008.0,29.78,1.43,0.06,0.0,76,71,31.8,89.2,28.0,82.4,31.8,89.2,23.4,74.1,1,100,0,0,9.0,5.0,3.2,5.1,6.0
1735293600,2024-12-27 18:00,27.7,81.8,1,"{'text': 'Light rain shower', 'icon': '//cdn.weatherapi.com/weather/64x64/day/353.png', 'code': 1240}",1.1,1.8,307,NW,1009.0,29.79,1.18,0.05,0.0,78,53,31.4,88.5,27.7,81.8,31.4,88.5,23.5,74.3,1,100,0,0,10.0,6.0,1.8,2.9,6.0
1735297200,2024-12-27 19:00,26.9,80.4,1,"{'text': 'Light rain shower', 'icon': '//cdn.weatherapi.com/weather/64x64/day/353.png', 'code': 1240}",0.7,1.1,343,NNW,1010.0,29.82,1.23,0.05,0.0,80,68,30.1,86.1,26.9,80.4,30.1,86.1,23.2,73.7,1,100,0,0,10.0,6.0,1.2,1.9,6.0
1735300800,2024-12-27 20:00,26.5,79.8,0,"{'text': 'Light rain shower', 'icon': '//cdn.weatherapi.com/weather/64x64/night/353.png', 'code': 1240}",2.2,3.6,50,NE,1011.0,29.85,0.27,0.01,0.0,81,80,29.6,85.2,26.6,79.8,29.6,85.2,23.0,73.4,1,100,0,0,10.0,6.0,4.0,6.4,0.0
1735304400,2024-12-27 21:00,26.0,78.7,0,"{'text': 'Light rain', 'icon': '//cdn.weatherapi.com/weather/64x64/night/296.png', 'code': 1183}",4.3,6.8,39,NE,1012.0,29.88,1.88,0.07,0.0,85,90,28.9,84.0,26.0,78.7,28.9,84.0,23.2,73.7,1,100,0,0,9.0,5.0,7.7,12.3,0.0
1735308000,2024-12-27 22:00,25.5,77.9,0,"{'text': 'Patchy rain possible', 'icon': '//cdn.weatherapi.com/weather/64x64/night/176.png', 'code': 1063}",5.8,9.4,40,NE,1012.0,29.9,0.4,0.02,0.0,87,80,28.3,83.0,25.5,77.9,28.3,83.0,23.2,73.7,1,100,0,0,9.0,5.0,10.9,17.5,0.0
1735311600,2024-12-27 23:00,25.4,77.7,0,"{'text': 'Patchy rain possible', 'icon': '//cdn.weatherapi.com/weather/64x64/night/176.png', 'code': 1063}",6.0,9.7,40,NE,1012.0,29.9,0.14,0.01,0.0,87,86,28.1,82.7,25.4,77.7,28.1,82.7,23.1,73.5,1,100,0,0,10.0,6.0,11.0,17.6,0.0
