time_epoch,time,temp_c,temp_f,is_day,condition,wind_mph,wind_kph,wind_degree,wind_dir,pressure_mb,pressure_in,precip_mm,precip_in,snow_cm,humidity,cloud,feelslike_c,feelslike_f,windchill_c,windchill_f,heatindex_c,heatindex_f,dewpoint_c,dewpoint_f,will_it_rain,chance_of_rain,will_it_snow,chance_of_snow,vis_km,vis_miles,gust_mph,gust_kph,uv
1734969600,2024-12-24 00:00,23.8,74.8,0,"{'text': 'Light rain shower', 'icon': '//cdn.weatherapi.com/weather/64x64/night/353.png', 'code': 1240}",2.7,4.3,164,SSE,1011.0,29.85,0.42,0.02,0.0,94,100,26.3,79.3,23.8,74.8,26.3,79.3,22.8,73.0,1,100,0,0,10.0,6.0,4.8,7.7,0.0
1734973200,2024-12-24 01:00,23.7,74.7,0,"{'text': 'Light rain shower', 'icon': '//cdn.weatherapi.com/weather/64x64/night/353.png', 'code': 1240}",2.0,3.2,138,SE,1011.0,29.84,1.14,0.05,0.0,95,93,26.3,79.3,23.7,74.7,26.3,79.3,23.0,73.3,1,100,0,0,10.0,6.0,3.4,5.4,0.0
1734976800,2024-12-24 02:00,23.5,74.3,0,"{'text': 'Light rain shower', 'icon': '//cdn.weatherapi.com/weather/64x64/night/353.png', 'code': 1240}",1.1,1.8,123,ESE,1010.0,29.83,1.47,0.06,0.0,97,58,26.0,78.9,23.5,74.3,26.0,78.9,22.9,73.2,1,100,0,0,10.0,6.0,1.8,3.0,0.0
1734980400,2024-12-24 03:00,23.3,73.9,0,"{'text': 'Light rain shower', 'icon': '//cdn.weatherapi.com/weather/64x64/night/353.png', 'code': 1240}",2.0,3.2,82,E,1009.0,29.81,1.12,0.04,0.0,97,65,25.8,78.4,23.3,73.9,25.8,78.4,22.8,73.0,1,100,0,0,10.0,6.0,3.3,5.3,0.0
1734984000,2024-12-24 04:00,23.1,73.7,0,"{'text': 'Light rain shower', 'icon': '//cdn.weatherapi.com/weather/64x64/night/353.png', 'code': 1240}",2.5,4.0,59,ENE,1009.0,29.78,0.72,0.03,0.0,97,59,25.6,78.2,23.1,73.7,25.6,78.2,22.7,72.8,1,100,0,0,10.0,6.0,4.0,6.5,0.0
1734987600,2024-12-24 05:00,23.2,73.7,0,"{'text': 'Mist', 'icon': '//cdn.weatherapi.com/weather/64x64/night/143.png', 'code': 1030}",3.1,5.0,93,E,1008.0,29.78,0.01,0.0,0.0,97,54,25.7,78.2,23.2,73.7,25.7,78.2,22.6,72.8,0,45,0,0,2.0,1.0,5.1,8.2,0.0
1734991200,2024-12-24 06:00,23.3,73.9,0,"{'text': 'Mist', 'icon': '//cdn.weatherapi.com/weather/64x64/night/143.png', 'code': 1030}",2.9,4.7,94,E,1009.0,29.79,0.0,0.0,0.0,96,46,25.7,78.3,23.3,73.9,25.7,78.3,22.7,72.8,0,45,0,0,2.0,1.0,4.8,7.7,0.0
1734994800,2024-12-24 07:00,23.2,73.8,0,"{'text': 'Mist', 'icon': '//cdn.weatherapi.com/weather/64x64/night/143.png', 'code': 1030}",3.1,5.0,86,E,1009.0,29.79,0.0,0.0,0.0,96,41,25.7,78.2,23.2,73.8,25.7,78.2,22.6,72.6,0,45,0,0,2.0,1.0,5.3,8.5,0.0
1734998400,2024-12-24 08:00,23.4,74.1,1,"{'text': 'Mist', 'icon': '//cdn.weatherapi.com/weather/64x64/day/143.png', 'code': 1030}",2.9,4.7,101,ESE,1010.0,29.81,0.0,0.0,0.0,96,34,25.8,78.5,23.4,74.1,25.8,78.5,22.6,72.7,0,45,0,0,2.0,1.0,4.8,7.7,5.0
1735002000,2024-12-24 09:00,24.1,75.3,1,"{'text': 'Cloudy', 'icon': '//cdn.weatherapi.com/weather/64x64/day/119.png', 'code': 1006}",2.9,4.7,106,ESE,1010.0,29.83,0.0,0.0,0.0,94,86,26.6,79.9,24.1,75.3,26.6,79.9,23.0,73.3,0,0,0,0,10.0,6.0,4.4,7.1,5.0
1735005600,2024-12-24 10:00,24.8,76.7,1,"{'text': 'Cloudy', 'icon': '//cdn.weatherapi.com/weather/64x64/day/119.png', 'code': 1006}",2.5,4.0,109,ESE,1011.0,29.84,0.0,0.0,0.0,91,84,27.5,81.5,24.8,76.7,27.5,81.5,23.2,73.7,0,0,0,0,10.0,6.0,3.4,5.4,5.0
1735009200,2024-12-24 11:00,25.2,77.4,1,"{'text': 'Cloudy', 'icon': '//cdn.weatherapi.com/weather/64x64/day/119.png', 'code': 1006}",2.5,4.0,119,ESE,1010.0,29.84,0.0,0.0,0.0,89,75,28.1,82.5,25.2,77.4,28.1,82.5,23.3,74.0,0,0,0,0,10.0,6.0,3.3,5.3,6.0
1735012800,2024-12-24 12:00,25.9,78.5,1,"{'text': 'Overcast', 'icon': '//cdn.weatherapi.com/weather/64x64/day/122.png', 'code': 1009}",2.2,3.6,114,ESE,1010.0,29.82,0.0,0.0,0.0,85,94,28.7,83.7,25.9,78.5,28.7,83.7,23.1,73.6,0,0,0,0,10.0,6.0,2.7,4.4,6.0
1735016400,2024-12-24 13:00,26.8,80.2,1,"{'text': 'Partly cloudy', 'icon': '//cdn.weatherapi.com/weather/64x64/day/116.png', 'code': 1003}",2.5,4.0,121,ESE,1009.0,29.81,0.0,0.0,0.0,79,37,29.8,85.7,26.8,80.2,29.8,85.7,22.9,73.3,0,45,0,0,10.0,6.0,2.8,4.6,7.0
1735020000,2024-12-24 14:00,29.4,84.9,1,"{'text': 'Patchy rain possible', 'icon': '//cdn.weatherapi.com/weather/64x64/day/176.png', 'code': 1063}",2.7,4.3,162,SSE,1008.0,29.77,0.02,0.0,0.0,68,59,33.2,91.8,29.4,84.9,33.2,91.8,22.8,73.0,0,45,0,0,10.0,6.0,3.1,5.0,6.0
1735023600,2024-12-24 15:00,29.8,85.7,1,"{'text': 'Patchy rain possible', 'icon': '//cdn.weatherapi.com/weather/64x64/day/176.png', 'code': 1063}",3.6,5.8,200,SSW,1007.0,29.74,0.01,0.0,0.0,64,72,33.5,92.4,29.8,85.7,33.5,92.4,22.4,72.3,0,45,0,0,10.0,6.0,4.1,6.6,6.0
1735027200,2024-12-24 16:00,29.0,84.2,1,"{'text': 'Patchy rain possible', 'icon': '//cdn.weatherapi.com/weather/64x64/day/176.png', 'code': 1063}",4.3,6.8,201,SSW,1006.0,29.72,0.06,0.0,0.0,68,75,32.5,90.4,29.0,84.1,32.5,90.4,22.5,72.5,0,45,0,0,10.0,6.0,4.9,7.9,6.0
1735030800,2024-12-24 17:00,28.4,83.2,1,"{'text': 'Patchy rain possible', 'icon': '//cdn.weatherapi.com/weather/64x64/day/176.png', 'code': 1063}",3.8,6.1,195,SSW,1007.0,29.72,0.33,0.01,0.0,71,86,31.8,89.2,28.4,83.2,31.8,89.2,22.6,72.7,1,100,0,0,9.0,5.0,4.6,7.4,6.0
1735034400,2024-12-24 18:00,27.6,81.7,1,"{'text': 'Patchy rain possible', 'icon': '//cdn.weatherapi.com/weather/64x64/day/176.png', 'code': 1063}",3.8,6.1,188,S,1007.0,29.75,0.14,0.01,0.0,78,87,31.2,88.2,27.6,81.7,31.2,88.2,23.4,74.1,1,100,0,0,10.0,6.0,4.9,8.0,6.0
1735038000,2024-12-24 19:00,25.4,77.7,1,"{'text': 'Patchy rain possible', 'icon': '//cdn.weatherapi.com/weather/64x64/day/176.png', 'code': 1063}",2.5,4.0,187,S,1009.0,29.78,0.02,0.0,0.0,85,82,28.0,82.4,25.4,77.7,28.0,82.4,22.7,72.9,0,45,0,0,10.0,6.0,4.3,6.9,6.0
1735041600,2024-12-24 20:00,24.5,76.1,0,"{'text': 'Partly cloudy', 'icon': '//cdn.weatherapi.com/weather/64x64/night/116.png', 'code': 1003}",2.0,3.2,143,SE,1010.0,29.81,0.0,0.0,0.0,86,34,26.8,80.2,24.5,76.1,26.8,80.2,22.1,71.7,0,0,0,0,10.0,6.0,3.8,6.1,0.0
1735045200,2024-12-24 21:00,24.2,75.6,0,"{'text': 'Patchy rain possible', 'icon': '//cdn.weatherapi.com/weather/64x64/night/176.png', 'code': 1063}",2.2,3.6,101,ESE,1010.0,29.84,0.01,0.0,0.0,87,77,26.5,79.6,24.2,75.6,26.5,79.6,22.0,71.5,0,45,0,0,10.0,6.0,4.3,6.9,0.0
1735048800,2024-12-24 22:00,24.2,75.5,0,"{'text': 'Light drizzle', 'icon': '//cdn.weatherapi.com/weather/64x64/night/266.png', 'code': 1153}",2.0,3.2,83,E,1011.0,29.86,0.5,0.02,0.0,87,97,26.4,79.5,24.2,75.5,26.4,79.5,21.9,71.4,1,100,0,0,2.0,1.0,3.8,6.2,0.0
1735052400,2024-12-24 23:00,24.5,76.1,0,"{'text': 'Light rain shower', 'icon': '//cdn.weatherapi.com/weather/64x64/night/353.png', 'code': 1240}",2.5,4.0,73,ENE,1011.0,29.87,0.23,0.01,0.0,86,93,26.8,80.2,24.5,76.1,26.8,80.2,22.1,71.7,1,100,0,0,10.0,6.0,4.5,7.3,0.0
