time_epoch,time,temp_c,temp_f,is_day,condition,wind_mph,wind_kph,wind_degree,wind_dir,pressure_mb,pressure_in,precip_mm,precip_in,snow_cm,humidity,cloud,feelslike_c,feelslike_f,windchill_c,windchill_f,heatindex_c,heatindex_f,dewpoint_c,dewpoint_f,will_it_rain,chance_of_rain,will_it_snow,chance_of_snow,vis_km,vis_miles,gust_mph,gust_kph,uv
1735488000,2024-12-30 00:00,23.6,74.5,0,"{'text': 'Mist', 'icon': '//cdn.weatherapi.com/weather/64x64/night/143.png', 'code': 1030}",3.8,6.1,56,ENE,1012.0,29.89,0.06,0.0,0.0,95,77,26.1,79.0,23.6,74.5,26.1,79.0,22.8,73.0,0,45,0,0,2.0,1.0,6.9,11.1,0.0
1735491600,2024-12-30 01:00,23.4,74.1,0,"{'text': 'Mist', 'icon': '//cdn.weatherapi.com/weather/64x64/night/143.png', 'code': 1030}",3.6,5.8,50,NE,1012.0,29.88,0.04,0.0,0.0,95,76,25.9,78.5,23.4,74.1,25.9,78.5,22.6,72.7,0,45,0,0,2.0,1.0,6.5,10.4,0.0
1735495200,2024-12-30 02:00,23.2,73.8,0,"{'text': 'Mist', 'icon': '//cdn.weatherapi.com/weather/64x64/night/143.png', 'code': 1030}",3.4,5.4,53,NE,1011.0,29.87,0.03,0.0,0.0,95,50,25.6,78.1,23.2,73.8,25.6,78.1,22.4,72.3,0,45,0,0,2.0,1.0,6.1,9.8,0.0
1735498800,2024-12-30 03:00,23.0,73.4,0,"{'text': 'Mist', 'icon': '//cdn.weatherapi.com/weather/64x64/night/143.png', 'code': 1030}",3.1,5.0,49,NE,1011.0,29.85,0.04,0.0,0.0,95,76,25.4,77.8,23.0,73.5,25.4,77.8,22.3,72.1,0,45,0,0,2.0,1.0,5.6,9.1,0.0
1735502400,2024-12-30 04:00,22.9,73.2,0,"{'text': 'Mist', 'icon': '//cdn.weatherapi.com/weather/64x64/night/143.png', 'code': 1030}",3.1,5.0,56,ENE,1011.0,29.84,0.0,0.0,0.0,95,21,25.3,77.6,22.9,73.2,25.3,77.6,22.1,71.8,0,0,0,0,2.0,1.0,5.6,9.0,0.0
1735506000,2024-12-30 05:00,22.8,73.0,0,"{'text': 'Mist', 'icon': '//cdn.weatherapi.com/weather/64x64/night/143.png', 'code': 1030}",3.4,5.4,47,NE,1010.0,29.84,0.0,0.0,0.0,95,56,25.2,77.4,22.8,73.0,25.2,77.4,22.0,71.6,0,45,0,0,2.0,1.0,6.1,9.8,0.0
1735509600,2024-12-30 06:00,22.7,72.9,0,"{'text': 'Mist', 'icon': '//cdn.weatherapi.com/weather/64x64/night/143.png', 'code': 1030}",3.4,5.4,52,NE,1011.0,29.86,0.0,0.0,0.0,95,68,25.1,77.3,22.7,72.9,25.1,77.3,21.9,71.5,0,0,0,0,2.0,1.0,6.1,9.8,0.0
1735513200,2024-12-30 07:00,22.7,72.8,0,"{'text': 'Mist', 'icon': '//cdn.weatherapi.com/weather/64x64/night/143.png', 'code': 1030}",3.4,5.4,43,NE,1012.0,29.87,0.0,0.0,0.0,95,65,25.1,77.2,22.7,72.8,25.1,77.2,21.9,71.3,0,45,0,0,2.0,1.0,6.2,9.9,0.0
1735516800,2024-12-30 08:00,23.3,74.0,1,"{'text': 'Patchy rain possible', 'icon': '//cdn.weatherapi.com/weather/64x64/day/176.png', 'code': 1063}",3.1,5.0,49,NE,1012.0,29.89,0.02,0.0,0.0,94,82,25.7,78.3,23.3,74.0,25.7,78.3,22.3,72.1,0,45,0,0,10.0,6.0,5.2,8.4,5.0
1735520400,2024-12-30 09:00,25.0,77.0,1,"{'text': 'Partly cloudy', 'icon': '//cdn.weatherapi.com/weather/64x64/day/116.png', 'code': 1003}",3.1,5.0,49,NE,1013.0,29.92,0.0,0.0,0.0,88,48,27.6,81.7,25.0,77.1,27.6,81.7,22.9,73.1,0,45,0,0,10.0,6.0,4.1,6.6,7.0
1735524000,2024-12-30 10:00,27.1,80.8,1,"{'text': 'Patchy light drizzle', 'icon': '//cdn.weatherapi.com/weather/64x64/day/263.png', 'code': 1150}",3.1,5.0,47,NE,1013.0,29.93,0.17,0.01,0.0,78,76,30.3,86.5,27.1,80.8,30.3,86.5,22.9,73.2,1,100,0,0,5.0,3.0,3.6,5.8,6.0
1735527600,2024-12-30 11:00,29.2,84.5,1,"{'text': 'Patchy rain possible', 'icon': '//cdn.weatherapi.com/weather/64x64/day/176.png', 'code': 1063}",2.7,4.3,33,NNE,1013.0,29.92,0.11,0.0,0.0,68,81,32.8,91.0,29.2,84.5,32.8,91.0,22.6,72.7,1,100,0,0,10.0,6.0,3.2,5.1,6.0
1735531200,2024-12-30 12:00,30.4,86.7,1,"{'text': 'Patchy rain possible', 'icon': '//cdn.weatherapi.com/weather/64x64/day/176.png', 'code': 1063}",3.4,5.4,9,N,1012.0,29.88,0.01,0.0,0.0,63,57,34.4,93.9,30.4,86.7,34.4,93.9,22.6,72.6,0,45,0,0,10.0,6.0,3.9,6.2,7.0
1735534800,2024-12-30 13:00,30.4,86.8,1,"{'text': 'Light rain shower', 'icon': '//cdn.weatherapi.com/weather/64x64/day/353.png', 'code': 1240}",3.1,5.0,4,N,1011.0,29.85,0.77,0.03,0.0,64,79,34.7,94.5,30.4,86.8,34.7,94.5,22.9,73.2,1,100,0,0,10.0,6.0,4.0,6.4,7.0
1735538400,2024-12-30 14:00,29.4,85.0,1,"{'text': 'Light rain', 'icon': '//cdn.weatherapi.com/weather/64x64/day/296.png', 'code': 1183}",1.3,2.2,338,NNW,1010.0,29.83,1.27,0.05,0.0,73,85,34.2,93.6,29.4,85.0,34.2,93.6,24.0,75.2,1,100,0,0,9.0,5.0,1.6,2.5,6.0
1735542000,2024-12-30 15:00,29.0,84.2,1,"{'text': 'Light rain shower', 'icon': '//cdn.weatherapi.com/weather/64x64/day/353.png', 'code': 1240}",1.1,1.8,191,SSW,1009.0,29.8,1.34,0.05,0.0,76,87,33.9,93.0,29.0,84.2,33.9,93.0,24.4,75.8,1,100,0,0,10.0,6.0,1.5,2.5,6.0
1735545600,2024-12-30 16:00,28.1,82.7,1,"{'text': 'Light rain shower', 'icon': '//cdn.weatherapi.com/weather/64x64/day/353.png', 'code': 1240}",1.6,2.5,195,SSW,1009.0,29.78,1.44,0.06,0.0,82,70,32.9,91.3,28.2,82.7,32.9,91.3,24.7,76.5,1,100,0,0,10.0,6.0,2.5,4.0,6.0
1735549200,2024-12-30 17:00,27.5,81.5,1,"{'text': 'Light rain shower', 'icon': '//cdn.weatherapi.com/weather/64x64/day/353.png', 'code': 1240}",1.3,2.2,200,SSW,1009.0,29.78,1.51,0.06,0.0,84,78,31.9,89.3,27.5,81.5,31.9,89.3,24.6,76.2,1,100,0,0,10.0,6.0,2.4,3.9,6.0
1735552800,2024-12-30 18:00,26.7,80.1,1,"{'text': 'Light rain shower', 'icon': '//cdn.weatherapi.com/weather/64x64/day/353.png', 'code': 1240}",0.4,0.7,180,S,1009.0,29.79,1.75,0.07,0.0,89,58,30.9,87.6,26.7,80.1,30.9,87.6,24.7,76.5,1,100,0,0,10.0,6.0,0.8,1.3,6.0
1735556400,2024-12-30 19:00,24.8,76.6,1,"{'text': 'Moderate or heavy rain shower', 'icon': '//cdn.weatherapi.com/weather/64x64/day/356.png', 'code': 1243}",0.2,0.4,68,ENE,1010.0,29.81,2.84,0.11,0.0,93,78,27.7,81.8,24.8,76.7,27.7,81.8,23.6,74.5,1,100,0,0,7.0,4.0,0.5,0.8,5.0
1735560000,2024-12-30 20:00,23.6,74.5,0,"{'text': 'Moderate or heavy rain shower', 'icon': '//cdn.weatherapi.com/weather/64x64/night/356.png', 'code': 1243}",1.3,2.2,65,ENE,1011.0,29.85,2.55,0.1,0.0,95,52,26.1,79.0,23.6,74.5,26.1,79.0,22.8,73.0,1,100,0,0,7.0,4.0,2.8,4.5,0.0
1735563600,2024-12-30 21:00,23.4,74.1,0,"{'text': 'Light rain shower', 'icon': '//cdn.weatherapi.com/weather/64x64/night/353.png', 'code': 1240}",2.0,3.2,70,ENE,1012.0,29.89,2.29,0.09,0.0,96,58,25.9,78.6,23.4,74.1,25.9,78.6,22.7,72.8,1,100,0,0,10.0,6.0,4.0,6.5,0.0
1735567200,2024-12-30 22:00,23.3,73.9,0,"{'text': 'Light rain shower', 'icon': '//cdn.weatherapi.com/weather/64x64/night/353.png', 'code': 1240}",2.7,4.3,69,ENE,1013.0,29.91,1.06,0.04,0.0,96,57,25.7,78.3,23.3,73.9,25.7,78.3,22.6,72.6,1,100,0,0,10.0,6.0,5.4,8.7,0.0
1735570800,2024-12-30 23:00,23.5,74.4,0,"{'text': 'Light rain shower', 'icon': '//cdn.weatherapi.com/weather/64x64/night/353.png', 'code': 1240}",2.9,4.7,78,ENE,1013.0,29.92,0.21,0.01,0.0,95,55,26.0,78.8,23.5,74.4,26.0,78.8,22.6,72.7,1,100,0,0,10.0,6.0,5.5,8.9,0.0
