time_epoch,time,temp_c,temp_f,is_day,condition,wind_mph,wind_kph,wind_degree,wind_dir,pressure_mb,pressure_in,precip_mm,precip_in,snow_cm,humidity,cloud,feelslike_c,feelslike_f,windchill_c,windchill_f,heatindex_c,heatindex_f,dewpoint_c,dewpoint_f,will_it_rain,chance_of_rain,will_it_snow,chance_of_snow,vis_km,vis_miles,gust_mph,gust_kph,uv
1735056000,2024-12-25 00:00,23.8,74.8,0,"{'text': 'Light rain shower', 'icon': '//cdn.weatherapi.com/weather/64x64/night/353.png', 'code': 1240}",2.7,4.3,11,NNE,1011.0,29.86,0.8,0.03,0.0,93,100,26.2,79.2,23.8,74.8,26.2,79.2,22.6,72.7,1,100,0,0,10.0,6.0,5.2,8.4,0.0
1735059600,2024-12-25 01:00,23.7,74.6,0,"{'text': 'Light rain shower', 'icon': '//cdn.weatherapi.com/weather/64x64/night/353.png', 'code': 1240}",2.9,4.7,17,NNE,1011.0,29.86,0.58,0.02,0.0,93,54,26.1,79.0,23.7,74.6,26.1,79.0,22.6,72.6,1,100,0,0,10.0,6.0,5.5,8.8,0.0
1735063200,2024-12-25 02:00,23.4,74.2,0,"{'text': 'Mist', 'icon': '//cdn.weatherapi.com/weather/64x64/night/143.png', 'code': 1030}",3.6,5.8,32,NNE,1010.0,29.84,0.14,0.01,0.0,95,55,25.9,78.5,23.4,74.2,25.9,78.5,22.6,72.6,1,100,0,0,2.0,1.0,6.7,10.7,0.0
1735066800,2024-12-25 03:00,23.4,74.1,0,"{'text': 'Mist', 'icon': '//cdn.weatherapi.com/weather/64x64/night/143.png', 'code': 1030}",3.1,5.0,46,NE,1010.0,29.82,0.09,0.0,0.0,95,86,25.9,78.5,23.4,74.1,25.9,78.5,22.6,72.6,0,45,0,0,2.0,1.0,5.5,8.8,0.0
1735070400,2024-12-25 04:00,23.2,73.8,0,"{'text': 'Mist', 'icon': '//cdn.weatherapi.com/weather/64x64/night/143.png', 'code': 1030}",2.7,4.3,52,NE,1009.0,29.8,0.04,0.0,0.0,95,62,25.6,78.1,23.2,73.8,25.6,78.1,22.3,72.2,0,45,0,0,2.0,1.0,4.8,7.7,0.0
1735074000,2024-12-25 05:00,23.0,73.4,0,"{'text': 'Mist', 'icon': '//cdn.weatherapi.com/weather/64x64/night/143.png', 'code': 1030}",2.5,4.0,43,NE,1009.0,29.8,0.01,0.0,0.0,95,72,25.4,77.7,23.0,73.4,25.4,77.7,22.1,71.8,0,45,0,0,2.0,1.0,4.4,7.1,0.0
1735077600,2024-12-25 06:00,22.8,73.0,0,"{'text': 'Mist', 'icon': '//cdn.weatherapi.com/weather/64x64/night/143.png', 'code': 1030}",2.0,3.2,24,NNE,1009.0,29.81,0.0,0.0,0.0,95,70,25.2,77.3,22.8,73.0,25.2,77.3,21.9,71.5,0,45,0,0,2.0,1.0,3.7,5.9,0.0
1735081200,2024-12-25 07:00,22.6,72.7,0,"{'text': 'Mist', 'icon': '//cdn.weatherapi.com/weather/64x64/night/143.png', 'code': 1030}",2.0,3.2,39,NE,1010.0,29.82,0.0,0.0,0.0,95,78,25.0,77.1,22.6,72.7,25.0,77.1,21.8,71.2,0,45,0,0,2.0,1.0,3.7,6.0,0.0
1735084800,2024-12-25 08:00,23.5,74.4,1,"{'text': 'Patchy rain possible', 'icon': '//cdn.weatherapi.com/weather/64x64/day/176.png', 'code': 1063}",1.8,2.9,38,NE,1011.0,29.85,0.01,0.0,0.0,94,78,25.9,78.7,23.5,74.4,25.9,78.7,22.5,72.5,0,45,0,0,10.0,6.0,2.9,4.6,5.0
1735088400,2024-12-25 09:00,25.1,77.2,1,"{'text': 'Patchy rain possible', 'icon': '//cdn.weatherapi.com/weather/64x64/day/176.png', 'code': 1063}",1.3,2.2,29,NNE,1011.0,29.87,0.01,0.0,0.0,89,58,27.8,82.1,25.1,77.2,27.8,82.1,23.1,73.6,0,45,0,0,10.0,6.0,1.7,2.7,6.0
1735092000,2024-12-25 10:00,26.7,80.0,1,"{'text': 'Patchy rain possible', 'icon': '//cdn.weatherapi.com/weather/64x64/day/176.png', 'code': 1063}",0.4,0.7,51,NE,1012.0,29.88,0.08,0.0,0.0,81,63,29.9,85.7,26.7,80.0,29.9,85.7,23.2,73.8,0,45,0,0,10.0,6.0,0.5,0.8,6.0
1735095600,2024-12-25 11:00,28.2,82.7,1,"{'text': 'Patchy rain possible', 'icon': '//cdn.weatherapi.com/weather/64x64/day/176.png', 'code': 1063}",1.6,2.5,230,SW,1011.0,29.87,0.12,0.0,0.0,73,85,31.7,89.0,28.2,82.7,31.7,89.0,23.0,73.4,1,100,0,0,10.0,6.0,1.8,2.9,6.0
1735099200,2024-12-25 12:00,28.7,83.6,1,"{'text': 'Light rain shower', 'icon': '//cdn.weatherapi.com/weather/64x64/day/353.png', 'code': 1240}",4.0,6.5,226,SW,1010.0,29.84,0.27,0.01,0.0,71,64,32.2,90.0,28.7,83.6,32.2,90.0,22.8,73.1,1,100,0,0,10.0,6.0,4.8,7.8,6.0
1735102800,2024-12-25 13:00,28.6,83.5,1,"{'text': 'Light rain shower', 'icon': '//cdn.weatherapi.com/weather/64x64/day/353.png', 'code': 1240}",5.4,8.6,228,SW,1010.0,29.82,0.67,0.03,0.0,73,67,32.5,90.5,28.6,83.5,32.5,90.5,23.3,74.0,1,100,0,0,10.0,6.0,7.1,11.4,6.0
1735106400,2024-12-25 14:00,28.2,82.8,1,"{'text': 'Light rain shower', 'icon': '//cdn.weatherapi.com/weather/64x64/day/353.png', 'code': 1240}",5.1,8.3,235,SW,1009.0,29.8,0.76,0.03,0.0,77,100,32.3,90.2,28.2,82.8,32.3,90.2,23.8,74.9,1,100,0,0,10.0,6.0,7.4,11.9,6.0
1735110000,2024-12-25 15:00,27.2,81.0,1,"{'text': 'Light rain shower', 'icon': '//cdn.weatherapi.com/weather/64x64/day/353.png', 'code': 1240}",4.3,6.8,236,WSW,1009.0,29.78,0.93,0.04,0.0,85,80,31.3,88.3,27.2,81.0,31.3,88.3,24.4,75.9,1,100,0,0,10.0,6.0,5.5,8.9,6.0
1735113600,2024-12-25 16:00,26.8,80.2,1,"{'text': 'Light rain shower', 'icon': '//cdn.weatherapi.com/weather/64x64/day/353.png', 'code': 1240}",3.4,5.4,243,WSW,1008.0,29.76,1.39,0.05,0.0,86,74,30.6,87.1,26.8,80.2,30.6,87.1,24.3,75.8,1,100,0,0,10.0,6.0,5.1,8.2,6.0
1735117200,2024-12-25 17:00,26.8,80.3,1,"{'text': 'Light rain shower', 'icon': '//cdn.weatherapi.com/weather/64x64/day/353.png', 'code': 1240}",2.5,4.0,260,W,1008.0,29.76,1.11,0.04,0.0,87,66,30.8,87.4,26.8,80.3,30.8,87.4,24.4,76.0,1,100,0,0,10.0,6.0,4.3,6.9,6.0
1735120800,2024-12-25 18:00,26.3,79.4,1,"{'text': 'Light rain shower', 'icon': '//cdn.weatherapi.com/weather/64x64/day/353.png', 'code': 1240}",2.2,3.6,290,WNW,1008.0,29.77,2.08,0.08,0.0,90,53,30.2,86.3,26.3,79.4,30.2,86.3,24.5,76.1,1,100,0,0,10.0,6.0,4.2,6.8,6.0
1735124400,2024-12-25 19:00,24.8,76.6,1,"{'text': 'Light rain shower', 'icon': '//cdn.weatherapi.com/weather/64x64/day/353.png', 'code': 1240}",2.5,4.0,318,NW,1009.0,29.79,1.84,0.07,0.0,93,82,27.7,81.8,24.8,76.6,27.7,81.8,23.6,74.5,1,100,0,0,10.0,6.0,5.0,8.0,5.0
1735128000,2024-12-25 20:00,24.0,75.2,0,"{'text': 'Light rain shower', 'icon': '//cdn.weatherapi.com/weather/64x64/night/353.png', 'code': 1240}",2.7,4.3,346,NNW,1010.0,29.82,0.7,0.03,0.0,94,55,26.6,79.8,24.0,75.2,26.6,79.8,22.9,73.3,1,100,0,0,10.0,6.0,5.5,8.9,0.0
1735131600,2024-12-25 21:00,23.9,75.0,0,"{'text': 'Light rain shower', 'icon': '//cdn.weatherapi.com/weather/64x64/night/353.png', 'code': 1240}",2.9,4.7,3,N,1011.0,29.85,0.61,0.02,0.0,94,62,26.4,79.5,23.9,75.0,26.4,79.5,22.9,73.2,1,100,0,0,10.0,6.0,5.4,8.7,0.0
1735135200,2024-12-25 22:00,23.7,74.7,0,"{'text': 'Light rain shower', 'icon': '//cdn.weatherapi.com/weather/64x64/night/353.png', 'code': 1240}",2.5,4.0,30,NNE,1012.0,29.88,0.72,0.03,0.0,95,66,26.2,79.2,23.7,74.7,26.2,79.2,22.8,73.1,1,100,0,0,10.0,6.0,4.6,7.4,0.0
1735138800,2024-12-25 23:00,23.5,74.3,0,"{'text': 'Light rain shower', 'icon': '//cdn.weatherapi.com/weather/64x64/night/353.png', 'code': 1240}",2.5,4.0,34,NE,1012.0,29.89,0.67,0.03,0.0,95,69,26.0,78.8,23.5,74.3,26.0,78.8,22.7,72.9,1,100,0,0,10.0,6.0,4.6,7.4,0.0
