time_epoch,time,temp_c,temp_f,is_day,condition,wind_mph,wind_kph,wind_degree,wind_dir,pressure_mb,pressure_in,precip_mm,precip_in,snow_cm,humidity,cloud,feelslike_c,feelslike_f,windchill_c,windchill_f,heatindex_c,heatindex_f,dewpoint_c,dewpoint_f,will_it_rain,chance_of_rain,will_it_snow,chance_of_snow,vis_km,vis_miles,gust_mph,gust_kph,uv
1734883200,2024-12-23 00:00,22.8,73.1,0,"{'text': 'Patchy rain possible', 'icon': '//cdn.weatherapi.com/weather/64x64/night/176.png', 'code': 1063}",3.1,5.0,69,ENE,1011.0,29.85,0.33,0.01,0.0,97,83,25.3,77.5,22.8,73.1,25.3,77.5,22.3,72.1,1,100,0,0,9.0,5.0,5.8,9.4,0.0
1734886800,2024-12-23 01:00,22.8,73.1,0,"{'text': 'Mist', 'icon': '//cdn.weatherapi.com/weather/64x64/night/143.png', 'code': 1030}",3.4,5.4,58,ENE,1011.0,29.85,0.0,0.0,0.0,96,38,25.3,77.5,22.8,73.1,25.3,77.5,22.2,72.0,0,0,0,0,2.0,1.0,6.1,9.9,0.0
1734890400,2024-12-23 02:00,22.8,73.0,0,"{'text': 'Mist', 'icon': '//cdn.weatherapi.com/weather/64x64/night/143.png', 'code': 1030}",3.1,5.0,55,NE,1010.0,29.83,0.0,0.0,0.0,96,54,25.2,77.4,22.8,73.0,25.2,77.4,22.1,71.9,0,0,0,0,2.0,1.0,5.7,9.1,0.0
1734894000,2024-12-23 03:00,22.8,73.1,0,"{'text': 'Mist', 'icon': '//cdn.weatherapi.com/weather/64x64/night/143.png', 'code': 1030}",2.7,4.3,54,NE,1009.0,29.81,0.0,0.0,0.0,96,100,25.3,77.5,22.8,73.1,25.3,77.5,22.1,71.9,0,0,0,0,2.0,1.0,4.8,7.7,0.0
1734897600,2024-12-23 04:00,22.8,73.0,0,"{'text': 'Mist', 'icon': '//cdn.weatherapi.com/weather/64x64/night/143.png', 'code': 1030}",2.2,3.6,56,ENE,1009.0,29.79,0.0,0.0,0.0,96,42,25.2,77.4,22.8,73.0,25.2,77.4,22.0,71.7,0,0,0,0,2.0,1.0,4.0,6.4,0.0
1734901200,2024-12-23 05:00,22.8,73.1,0,"{'text': 'Mist', 'icon': '//cdn.weatherapi.com/weather/64x64/night/143.png', 'code': 1030}",2.5,4.0,57,ENE,1009.0,29.79,0.0,0.0,0.0,95,38,25.2,77.4,22.8,73.1,25.2,77.4,22.0,71.7,0,45,0,0,2.0,1.0,4.3,6.9,0.0
1734904800,2024-12-23 06:00,22.6,72.7,0,"{'text': 'Mist', 'icon': '//cdn.weatherapi.com/weather/64x64/night/143.png', 'code': 1030}",2.7,4.3,62,ENE,1009.0,29.8,0.0,0.0,0.0,95,38,25.0,77.1,22.6,72.7,25.0,77.1,21.8,71.3,0,45,0,0,2.0,1.0,4.8,7.8,0.0
1734908400,2024-12-23 07:00,22.4,72.4,0,"{'text': 'Mist', 'icon': '//cdn.weatherapi.com/weather/64x64/night/143.png', 'code': 1030}",2.9,4.7,61,ENE,1010.0,29.81,0.0,0.0,0.0,95,37,24.9,76.8,22.4,72.4,24.9,76.8,21.7,71.0,0,45,0,0,2.0,1.0,5.3,8.5,0.0
1734912000,2024-12-23 08:00,23.2,73.7,1,"{'text': 'Mist', 'icon': '//cdn.weatherapi.com/weather/64x64/day/143.png', 'code': 1030}",2.7,4.3,58,ENE,1010.0,29.84,0.01,0.0,0.0,94,52,25.6,78.0,23.2,73.7,25.6,78.0,22.3,72.1,0,45,0,0,2.0,1.0,4.3,6.8,5.0
1734915600,2024-12-23 09:00,24.6,76.3,1,"{'text': 'Patchy rain possible', 'icon': '//cdn.weatherapi.com/weather/64x64/day/176.png', 'code': 1063}",2.7,4.3,65,ENE,1011.0,29.86,0.01,0.0,0.0,90,51,27.1,80.8,24.6,76.3,27.1,80.8,22.8,73.1,0,45,0,0,10.0,6.0,3.4,5.5,5.0
1734919200,2024-12-23 10:00,26.4,79.5,1,"{'text': 'Partly cloudy', 'icon': '//cdn.weatherapi.com/weather/64x64/day/116.png', 'code': 1003}",2.5,4.0,58,ENE,1011.0,29.86,0.0,0.0,0.0,82,32,29.4,84.8,26.4,79.5,29.4,84.8,23.0,73.5,0,0,0,0,10.0,6.0,2.8,4.6,7.0
1734922800,2024-12-23 11:00,28.6,83.5,1,"{'text': 'Partly cloudy', 'icon': '//cdn.weatherapi.com/weather/64x64/day/116.png', 'code': 1003}",2.0,3.2,74,ENE,1011.0,29.85,0.0,0.0,0.0,71,47,32.2,89.9,28.6,83.5,32.2,89.9,22.8,73.1,0,45,0,0,10.0,6.0,2.3,3.7,7.0
1734926400,2024-12-23 12:00,30.0,86.0,1,"{'text': 'Patchy rain possible', 'icon': '//cdn.weatherapi.com/weather/64x64/day/176.png', 'code': 1063}",0.2,0.4,181,S,1010.0,29.82,0.06,0.0,0.0,65,57,34.1,93.3,30.0,86.0,34.1,93.3,22.8,73.1,0,45,0,0,10.0,6.0,0.3,0.4,7.0
1734930000,2024-12-23 13:00,30.0,86.1,1,"{'text': 'Light rain shower', 'icon': '//cdn.weatherapi.com/weather/64x64/day/353.png', 'code': 1240}",2.2,3.6,220,SW,1009.0,29.79,0.44,0.02,0.0,65,69,34.1,93.5,30.1,86.1,34.1,93.5,22.8,73.1,1,100,0,0,10.0,6.0,2.6,4.2,7.0
1734933600,2024-12-23 14:00,28.5,83.3,1,"{'text': 'Light rain shower', 'icon': '//cdn.weatherapi.com/weather/64x64/day/353.png', 'code': 1240}",3.4,5.4,221,SW,1008.0,29.76,0.45,0.02,0.0,78,50,33.0,91.4,28.5,83.3,33.0,91.4,24.2,75.6,1,100,0,0,10.0,6.0,4.2,6.8,6.0
1734937200,2024-12-23 15:00,28.0,82.4,1,"{'text': 'Light rain shower', 'icon': '//cdn.weatherapi.com/weather/64x64/day/353.png', 'code': 1240}",3.8,6.1,217,SW,1007.0,29.74,0.83,0.03,0.0,82,69,32.6,90.7,28.0,82.4,32.6,90.7,24.7,76.4,1,100,0,0,10.0,6.0,4.8,7.7,6.0
1734940800,2024-12-23 16:00,27.6,81.7,1,"{'text': 'Light rain shower', 'icon': '//cdn.weatherapi.com/weather/64x64/day/353.png', 'code': 1240}",3.8,6.1,221,SW,1006.0,29.72,1.06,0.04,0.0,84,75,32.0,89.6,27.6,81.7,32.0,89.6,24.6,76.2,1,100,0,0,10.0,6.0,5.5,8.8,6.0
1734944400,2024-12-23 17:00,27.1,80.8,1,"{'text': 'Light rain shower', 'icon': '//cdn.weatherapi.com/weather/64x64/day/353.png', 'code': 1240}",2.9,4.7,216,SW,1006.0,29.72,0.98,0.04,0.0,85,65,31.2,88.1,27.1,80.8,31.2,88.1,24.4,75.9,1,100,0,0,10.0,6.0,4.6,7.5,6.0
1734948000,2024-12-23 18:00,26.7,80.0,1,"{'text': 'Patchy rain possible', 'icon': '//cdn.weatherapi.com/weather/64x64/day/176.png', 'code': 1063}",1.3,2.2,208,SSW,1007.0,29.73,1.02,0.04,0.0,88,77,30.6,87.1,26.7,80.0,30.6,87.1,24.5,76.1,1,100,0,0,9.0,5.0,2.3,3.8,6.0
1734951600,2024-12-23 19:00,25.2,77.4,1,"{'text': 'Patchy rain possible', 'icon': '//cdn.weatherapi.com/weather/64x64/day/176.png', 'code': 1063}",0.9,1.4,158,SSE,1008.0,29.75,0.94,0.04,0.0,91,84,28.3,82.9,25.2,77.4,28.3,82.9,23.7,74.7,1,100,0,0,9.0,5.0,1.7,2.7,6.0
1734955200,2024-12-23 20:00,24.0,75.3,0,"{'text': 'Patchy rain possible', 'icon': '//cdn.weatherapi.com/weather/64x64/night/176.png', 'code': 1063}",0.7,1.1,103,ESE,1009.0,29.78,1.87,0.07,0.0,93,89,26.6,79.8,24.1,75.3,26.6,79.8,22.9,73.1,1,100,0,0,9.0,5.0,1.3,2.1,0.0
1734958800,2024-12-23 21:00,23.6,74.6,0,"{'text': 'Light rain shower', 'icon': '//cdn.weatherapi.com/weather/64x64/night/353.png', 'code': 1240}",2.0,3.2,81,E,1010.0,29.82,1.44,0.06,0.0,94,64,26.1,78.9,23.6,74.6,26.1,78.9,22.6,72.7,1,100,0,0,10.0,6.0,3.9,6.3,0.0
1734962400,2024-12-23 22:00,23.3,73.9,0,"{'text': 'Patchy rain possible', 'icon': '//cdn.weatherapi.com/weather/64x64/night/176.png', 'code': 1063}",2.9,4.7,76,ENE,1011.0,29.85,1.67,0.07,0.0,95,77,25.7,78.3,23.3,73.9,25.7,78.3,22.4,72.3,1,100,0,0,9.0,5.0,5.3,8.6,0.0
1734966000,2024-12-23 23:00,23.1,73.6,0,"{'text': 'Mist', 'icon': '//cdn.weatherapi.com/weather/64x64/night/143.png', 'code': 1030}",3.8,6.1,79,E,1011.0,29.85,0.08,0.0,0.0,96,70,25.6,78.0,23.1,73.6,25.6,78.0,22.4,72.3,0,45,0,0,2.0,1.0,6.8,10.9,0.0
