time_epoch,time,temp_c,temp_f,is_day,condition,wind_mph,wind_kph,wind_degree,wind_dir,pressure_mb,pressure_in,precip_mm,precip_in,snow_cm,humidity,cloud,feelslike_c,feelslike_f,windchill_c,windchill_f,heatindex_c,heatindex_f,dewpoint_c,dewpoint_f,will_it_rain,chance_of_rain,will_it_snow,chance_of_snow,vis_km,vis_miles,gust_mph,gust_kph,uv
1735315200,2024-12-28 00:00,23.7,74.6,0,"{'text': 'Partly cloudy', 'icon': '//cdn.weatherapi.com/weather/64x64/night/116.png', 'code': 1003}",3.1,5.0,65,ENE,1013.0,29.9,0.0,0.0,0.0,94,59,26.1,79.0,23.7,74.6,26.1,79.0,22.6,72.7,0,45,0,0,10.0,6.0,5.9,9.5,0.0
1735318800,2024-12-28 01:00,23.5,74.4,0,"{'text': 'Patchy rain possible', 'icon': '//cdn.weatherapi.com/weather/64x64/night/176.png', 'code': 1063}",3.1,5.0,72,ENE,1012.0,29.9,0.01,0.0,0.0,94,61,26.0,78.7,23.5,74.4,26.0,78.7,22.5,72.5,0,45,0,0,10.0,6.0,5.8,9.4,0.0
1735322400,2024-12-28 02:00,23.4,74.1,0,"{'text': 'Mist', 'icon': '//cdn.weatherapi.com/weather/64x64/night/143.png', 'code': 1030}",3.1,5.0,68,ENE,1012.0,29.88,0.0,0.0,0.0,94,67,25.8,78.4,23.4,74.1,25.8,78.4,22.4,72.3,0,0,0,0,2.0,1.0,5.7,9.3,0.0
1735326000,2024-12-28 03:00,23.2,73.8,0,"{'text': 'Mist', 'icon': '//cdn.weatherapi.com/weather/64x64/night/143.png', 'code': 1030}",3.6,5.8,60,ENE,1011.0,29.86,0.0,0.0,0.0,94,77,25.6,78.1,23.2,73.8,25.6,78.1,22.3,72.1,0,0,0,0,2.0,1.0,6.5,10.4,0.0
1735329600,2024-12-28 04:00,23.0,73.5,0,"{'text': 'Mist', 'icon': '//cdn.weatherapi.com/weather/64x64/night/143.png', 'code': 1030}",3.6,5.8,62,ENE,1011.0,29.84,0.07,0.0,0.0,95,68,25.4,77.8,23.0,73.5,25.4,77.8,22.1,71.9,0,45,0,0,2.0,1.0,6.5,10.5,0.0
1735333200,2024-12-28 05:00,22.9,73.1,0,"{'text': 'Mist', 'icon': '//cdn.weatherapi.com/weather/64x64/night/143.png', 'code': 1030}",3.6,5.8,58,ENE,1011.0,29.84,0.01,0.0,0.0,95,66,25.3,77.5,22.9,73.1,25.3,77.5,22.0,71.6,0,45,0,0,2.0,1.0,6.6,10.5,0.0
1735336800,2024-12-28 06:00,22.7,72.8,0,"{'text': 'Mist', 'icon': '//cdn.weatherapi.com/weather/64x64/night/143.png', 'code': 1030}",3.6,5.8,56,ENE,1011.0,29.85,0.0,0.0,0.0,95,47,25.1,77.2,22.7,72.8,25.1,77.2,21.8,71.2,0,45,0,0,2.0,1.0,6.7,10.8,0.0
1735340400,2024-12-28 07:00,22.5,72.5,0,"{'text': 'Mist', 'icon': '//cdn.weatherapi.com/weather/64x64/night/143.png', 'code': 1030}",3.6,5.8,63,ENE,1012.0,29.88,0.04,0.0,0.0,95,84,24.9,76.9,22.5,72.5,24.9,76.9,21.6,70.8,0,45,0,0,2.0,1.0,6.8,11.0,0.0
1735344000,2024-12-28 08:00,23.4,74.1,1,"{'text': 'Partly cloudy', 'icon': '//cdn.weatherapi.com/weather/64x64/day/116.png', 'code': 1003}",3.1,5.0,59,ENE,1012.0,29.9,0.0,0.0,0.0,93,41,25.7,78.3,23.4,74.1,25.7,78.3,22.2,71.9,0,0,0,0,10.0,6.0,5.3,8.5,6.0
1735347600,2024-12-28 09:00,24.9,76.7,1,"{'text': 'Partly cloudy', 'icon': '//cdn.weatherapi.com/weather/64x64/day/116.png', 'code': 1003}",2.9,4.7,57,ENE,1013.0,29.92,0.0,0.0,0.0,87,39,27.3,81.2,24.9,76.7,27.3,81.2,22.6,72.7,0,0,0,0,10.0,6.0,4.0,6.5,6.0
1735351200,2024-12-28 10:00,26.8,80.2,1,"{'text': 'Partly cloudy', 'icon': '//cdn.weatherapi.com/weather/64x64/day/116.png', 'code': 1003}",2.9,4.7,50,NE,1014.0,29.93,0.0,0.0,0.0,77,33,29.6,85.2,26.8,80.2,29.6,85.2,22.5,72.4,0,0,0,0,10.0,6.0,3.4,5.4,7.0
1735354800,2024-12-28 11:00,29.0,84.2,1,"{'text': 'Partly cloudy', 'icon': '//cdn.weatherapi.com/weather/64x64/day/116.png', 'code': 1003}",2.5,4.0,46,NE,1013.0,29.91,0.0,0.0,0.0,66,30,32.3,90.1,29.0,84.2,32.3,90.1,22.1,71.7,0,0,0,0,10.0,6.0,2.8,4.6,7.0
1735358400,2024-12-28 12:00,30.4,86.7,1,"{'text': 'Patchy rain possible', 'icon': '//cdn.weatherapi.com/weather/64x64/day/176.png', 'code': 1063}",1.1,1.8,88,E,1012.0,29.88,0.23,0.01,0.0,62,76,34.2,93.6,30.4,86.7,34.2,93.6,22.3,72.1,1,100,0,0,9.0,5.0,1.3,2.1,7.0
1735362000,2024-12-28 13:00,30.3,86.6,1,"{'text': 'Patchy rain possible', 'icon': '//cdn.weatherapi.com/weather/64x64/day/176.png', 'code': 1063}",0.7,1.1,53,NE,1011.0,29.86,0.72,0.03,0.0,64,80,34.6,94.3,30.3,86.6,34.6,94.3,22.9,73.1,1,100,0,0,9.0,5.0,0.9,1.4,7.0
1735365600,2024-12-28 14:00,29.8,85.6,1,"{'text': 'Patchy rain possible', 'icon': '//cdn.weatherapi.com/weather/64x64/day/176.png', 'code': 1063}",1.1,1.8,349,N,1010.0,29.83,0.71,0.03,0.0,69,75,34.4,93.8,29.8,85.6,34.4,93.8,23.6,74.4,1,100,0,0,9.0,5.0,1.7,2.7,6.0
1735369200,2024-12-28 15:00,29.8,85.6,1,"{'text': 'Patchy rain possible', 'icon': '//cdn.weatherapi.com/weather/64x64/day/176.png', 'code': 1063}",1.3,2.2,336,NNW,1009.0,29.8,0.88,0.03,0.0,69,84,34.3,93.8,29.8,85.6,34.3,93.8,23.5,74.4,1,100,0,0,9.0,5.0,1.7,2.8,6.0
1735372800,2024-12-28 16:00,29.0,84.3,1,"{'text': 'Patchy rain possible', 'icon': '//cdn.weatherapi.com/weather/64x64/day/176.png', 'code': 1063}",0.9,1.4,309,NW,1008.0,29.78,1.93,0.08,0.0,75,89,33.8,92.8,29.0,84.3,33.8,92.8,24.2,75.5,1,100,0,0,9.0,5.0,1.4,2.2,6.0
1735376400,2024-12-28 17:00,28.0,82.4,1,"{'text': 'Patchy rain possible', 'icon': '//cdn.weatherapi.com/weather/64x64/day/176.png', 'code': 1063}",0.9,1.4,227,SW,1008.0,29.77,1.44,0.06,0.0,83,71,32.8,91.1,28.0,82.5,32.8,91.1,24.8,76.7,1,100,0,0,9.0,5.0,1.6,2.6,6.0
1735380000,2024-12-28 18:00,27.3,81.1,1,"{'text': 'Patchy rain possible', 'icon': '//cdn.weatherapi.com/weather/64x64/day/176.png', 'code': 1063}",0.4,0.7,273,W,1009.0,29.79,1.05,0.04,0.0,87,71,31.8,89.3,27.3,81.1,31.8,89.3,24.9,76.9,1,100,0,0,9.0,5.0,0.9,1.4,6.0
1735383600,2024-12-28 19:00,25.4,77.6,1,"{'text': 'Light rain shower', 'icon': '//cdn.weatherapi.com/weather/64x64/day/353.png', 'code': 1240}",0.7,1.1,53,NE,1010.0,29.82,1.37,0.05,0.0,89,84,28.3,82.9,25.4,77.6,28.3,82.9,23.5,74.2,1,100,0,0,10.0,6.0,1.4,2.2,6.0
1735387200,2024-12-28 20:00,24.3,75.8,0,"{'text': 'Patchy rain possible', 'icon': '//cdn.weatherapi.com/weather/64x64/night/176.png', 'code': 1063}",1.6,2.5,71,ENE,1011.0,29.84,0.13,0.01,0.0,91,85,26.8,80.2,24.3,75.8,26.8,80.2,22.7,72.9,1,100,0,0,10.0,6.0,3.2,5.1,0.0
1735390800,2024-12-28 21:00,24.0,75.3,0,"{'text': 'Patchy rain possible', 'icon': '//cdn.weatherapi.com/weather/64x64/night/176.png', 'code': 1063}",2.9,4.7,73,ENE,1011.0,29.87,0.02,0.0,0.0,92,87,26.5,79.7,24.0,75.3,26.5,79.7,22.7,72.8,0,45,0,0,10.0,6.0,5.8,9.3,0.0
1735394400,2024-12-28 22:00,23.8,74.9,0,"{'text': 'Patchy rain possible', 'icon': '//cdn.weatherapi.com/weather/64x64/night/176.png', 'code': 1063}",3.4,5.4,74,ENE,1012.0,29.9,0.04,0.0,0.0,93,74,26.2,79.2,23.8,74.9,26.2,79.2,22.6,72.7,0,45,0,0,10.0,6.0,6.6,10.5,0.0
1735398000,2024-12-28 23:00,23.6,74.5,0,"{'text': 'Mist', 'icon': '//cdn.weatherapi.com/weather/64x64/night/143.png', 'code': 1030}",3.8,6.1,72,ENE,1013.0,29.91,0.0,0.0,0.0,94,74,26.1,78.9,23.6,74.5,26.1,78.9,22.6,72.7,0,45,0,0,2.0,1.0,7.3,11.7,0.0
