time_epoch,time,temp_c,temp_f,is_day,condition,wind_mph,wind_kph,wind_degree,wind_dir,pressure_mb,pressure_in,precip_mm,precip_in,snow_cm,humidity,cloud,feelslike_c,feelslike_f,windchill_c,windchill_f,heatindex_c,heatindex_f,dewpoint_c,dewpoint_f,will_it_rain,chance_of_rain,will_it_snow,chance_of_snow,vis_km,vis_miles,gust_mph,gust_kph,uv
1735228800,2024-12-27 00:00,23.3,73.9,0,"{'text': 'Light rain shower', 'icon': '//cdn.weatherapi.com/weather/64x64/night/353.png', 'code': 1240}",2.2,3.6,53,NE,1013.0,29.9,0.39,0.02,0.0,95,54,25.7,78.2,23.3,73.9,25.7,78.2,22.5,72.4,1,100,0,0,10.0,6.0,4.3,6.9,0.0
1735232400,2024-12-27 01:00,23.3,73.9,0,"{'text': 'Mist', 'icon': '//cdn.weatherapi.com/weather/64x64/night/143.png', 'code': 1030}",2.7,4.3,71,ENE,1012.0,29.9,0.04,0.0,0.0,95,61,25.7,78.3,23.3,73.9,25.7,78.3,22.5,72.5,0,45,0,0,2.0,1.0,5.0,8.0,0.0
1735236000,2024-12-27 02:00,23.3,73.9,0,"{'text': 'Mist', 'icon': '//cdn.weatherapi.com/weather/64x64/night/143.png', 'code': 1030}",2.9,4.7,70,ENE,1012.0,29.88,0.12,0.0,0.0,96,50,25.7,78.3,23.3,73.9,25.7,78.3,22.5,72.6,1,100,0,0,2.0,1.0,5.3,8.5,0.0
1735239600,2024-12-27 03:00,23.0,73.5,0,"{'text': 'Mist', 'icon': '//cdn.weatherapi.com/weather/64x64/night/143.png', 'code': 1030}",2.7,4.3,74,ENE,1012.0,29.87,0.09,0.0,0.0,96,56,25.5,77.8,23.1,73.5,25.5,77.8,22.3,72.2,1,100,0,0,2.0,1.0,4.9,7.8,0.0
1735243200,2024-12-27 04:00,22.9,73.3,0,"{'text': 'Mist', 'icon': '//cdn.weatherapi.com/weather/64x64/night/143.png', 'code': 1030}",2.9,4.7,75,ENE,1011.0,29.86,0.05,0.0,0.0,96,72,25.4,77.6,22.9,73.3,25.4,77.6,22.2,72.0,0,45,0,0,2.0,1.0,5.3,8.5,0.0
1735246800,2024-12-27 05:00,22.9,73.2,0,"{'text': 'Mist', 'icon': '//cdn.weatherapi.com/weather/64x64/night/143.png', 'code': 1030}",2.5,4.0,61,ENE,1011.0,29.85,0.07,0.0,0.0,95,58,25.3,77.6,22.9,73.2,25.3,77.6,22.2,71.9,0,45,0,0,2.0,1.0,4.5,7.2,0.0
1735250400,2024-12-27 06:00,22.9,73.2,0,"{'text': 'Mist', 'icon': '//cdn.weatherapi.com/weather/64x64/night/143.png', 'code': 1030}",1.6,2.5,66,ENE,1011.0,29.86,0.06,0.0,0.0,95,63,25.3,77.6,22.9,73.2,25.3,77.6,22.1,71.7,0,45,0,0,2.0,1.0,2.9,4.6,0.0
1735254000,2024-12-27 07:00,22.8,73.0,0,"{'text': 'Mist', 'icon': '//cdn.weatherapi.com/weather/64x64/night/143.png', 'code': 1030}",1.1,1.8,46,NE,1012.0,29.88,0.0,0.0,0.0,95,50,25.2,77.3,22.8,73.0,25.2,77.3,21.9,71.4,0,0,0,0,2.0,1.0,2.1,3.4,0.0
1735257600,2024-12-27 08:00,23.8,74.8,1,"{'text': 'Partly cloudy', 'icon': '//cdn.weatherapi.com/weather/64x64/day/116.png', 'code': 1003}",1.3,2.2,14,NNE,1012.0,29.9,0.0,0.0,0.0,93,39,26.2,79.2,23.8,74.8,26.2,79.2,22.7,72.8,0,0,0,0,10.0,6.0,2.2,3.5,6.0
1735261200,2024-12-27 09:00,25.2,77.3,1,"{'text': 'Patchy rain possible', 'icon': '//cdn.weatherapi.com/weather/64x64/day/176.png', 'code': 1063}",0.9,1.4,31,NNE,1013.0,29.93,0.06,0.0,0.0,89,57,28.0,82.3,25.2,77.3,28.0,82.3,23.3,73.9,0,45,0,0,10.0,6.0,1.2,1.9,6.0
1735264800,2024-12-27 10:00,26.6,79.9,1,"{'text': 'Patchy rain possible', 'icon': '//cdn.weatherapi.com/weather/64x64/day/176.png', 'code': 1063}",0.2,0.4,15,NNE,1014.0,29.94,0.13,0.01,0.0,83,73,29.9,85.8,26.6,79.9,29.9,85.8,23.5,74.3,1,100,0,0,10.0,6.0,0.3,0.4,6.0
1735268400,2024-12-27 11:00,27.9,82.3,1,"{'text': 'Patchy rain possible', 'icon': '//cdn.weatherapi.com/weather/64x64/day/176.png', 'code': 1063}",1.6,2.5,250,WSW,1014.0,29.93,0.04,0.0,0.0,76,75,31.5,88.8,27.9,82.3,31.5,88.8,23.3,73.9,0,45,0,0,10.0,6.0,1.9,3.0,6.0
1735272000,2024-12-27 12:00,28.9,84.1,1,"{'text': 'Light rain shower', 'icon': '//cdn.weatherapi.com/weather/64x64/day/353.png', 'code': 1240}",2.5,4.0,241,WSW,1013.0,29.91,0.16,0.01,0.0,70,70,32.7,90.9,28.9,84.1,32.7,90.9,23.0,73.3,1,100,0,0,10.0,6.0,3.1,4.9,6.0
1735275600,2024-12-27 13:00,29.4,84.9,1,"{'text': 'Light rain shower', 'icon': '//cdn.weatherapi.com/weather/64x64/day/353.png', 'code': 1240}",2.9,4.7,248,WSW,1012.0,29.88,0.58,0.02,0.0,69,62,33.6,92.4,29.4,85.0,33.6,92.4,23.2,73.8,1,100,0,0,10.0,6.0,3.8,6.2,6.0
1735279200,2024-12-27 14:00,29.2,84.6,1,"{'text': 'Light rain shower', 'icon': '//cdn.weatherapi.com/weather/64x64/day/353.png', 'code': 1240}",2.9,4.7,238,WSW,1011.0,29.85,0.68,0.03,0.0,71,53,33.4,92.1,29.2,84.6,33.4,92.1,23.4,74.0,1,100,0,0,10.0,6.0,4.1,6.7,6.0
1735282800,2024-12-27 15:00,28.7,83.7,1,"{'text': 'Light rain shower', 'icon': '//cdn.weatherapi.com/weather/64x64/day/353.png', 'code': 1240}",3.1,5.0,210,SSW,1010.0,29.82,1.07,0.04,0.0,74,73,32.9,91.1,28.7,83.7,32.9,91.1,23.6,74.4,1,100,0,0,10.0,6.0,4.0,6.4,6.0
1735286400,2024-12-27 16:00,27.4,81.4,1,"{'text': 'Light rain shower', 'icon': '//cdn.weatherapi.com/weather/64x64/day/353.png', 'code': 1240}",2.7,4.3,203,SSW,1009.0,29.8,1.08,0.04,0.0,84,63,31.7,89.0,27.4,81.4,31.7,89.0,24.4,76.0,1,100,0,0,10.0,6.0,3.8,6.2,6.0
1735290000,2024-12-27 17:00,27.2,81.0,1,"{'text': 'Patchy rain possible', 'icon': '//cdn.weatherapi.com/weather/64x64/day/176.png', 'code': 1063}",1.8,2.9,216,SW,1009.0,29.79,0.96,0.04,0.0,85,71,31.4,88.5,27.2,81.0,31.4,88.5,24.5,76.1,1,100,0,0,9.0,5.0,2.9,4.6,6.0
1735293600,2024-12-27 18:00,26.8,80.2,1,"{'text': 'Patchy rain possible', 'icon': '//cdn.weatherapi.com/weather/64x64/day/176.png', 'code': 1063}",0.9,1.4,197,SSW,1009.0,29.8,0.7,0.03,0.0,88,76,31.0,87.7,26.8,80.2,31.0,87.7,24.7,76.5,1,100,0,0,9.0,5.0,1.5,2.4,6.0
1735297200,2024-12-27 19:00,25.4,77.8,1,"{'text': 'Light rain shower', 'icon': '//cdn.weatherapi.com/weather/64x64/day/353.png', 'code': 1240}",0.0,0.0,184,S,1010.0,29.83,0.78,0.03,0.0,90,72,28.5,83.3,25.4,77.8,28.5,83.3,23.7,74.7,1,100,0,0,10.0,6.0,0.0,0.0,6.0
1735300800,2024-12-27 20:00,24.5,76.1,0,"{'text': 'Light rain shower', 'icon': '//cdn.weatherapi.com/weather/64x64/night/353.png', 'code': 1240}",1.3,2.2,62,ENE,1011.0,29.86,1.66,0.07,0.0,92,66,27.2,80.9,24.5,76.1,27.2,80.9,23.2,73.7,1,100,0,0,10.0,6.0,2.6,4.1,0.0
1735304400,2024-12-27 21:00,24.1,75.3,0,"{'text': 'Light rain shower', 'icon': '//cdn.weatherapi.com/weather/64x64/night/353.png', 'code': 1240}",2.2,3.6,66,ENE,1012.0,29.89,0.7,0.03,0.0,93,59,26.6,79.8,24.1,75.3,26.6,79.8,22.9,73.2,1,100,0,0,10.0,6.0,4.3,7.0,0.0
1735308000,2024-12-27 22:00,23.7,74.6,0,"{'text': 'Patchy rain possible', 'icon': '//cdn.weatherapi.com/weather/64x64/night/176.png', 'code': 1063}",2.9,4.7,72,ENE,1013.0,29.91,0.22,0.01,0.0,94,79,26.2,79.1,23.7,74.6,26.2,79.1,22.7,72.9,1,100,0,0,9.0,5.0,5.7,9.2,0.0
1735311600,2024-12-27 23:00,23.6,74.4,0,"{'text': 'Mist', 'icon': '//cdn.weatherapi.com/weather/64x64/night/143.png', 'code': 1030}",2.9,4.7,65,ENE,1013.0,29.91,0.06,0.0,0.0,94,54,26.0,78.8,23.6,74.4,26.0,78.8,22.6,72.6,0,45,0,0,2.0,1.0,5.7,9.2,0.0
