time_epoch,time,temp_c,temp_f,is_day,condition,wind_mph,wind_kph,wind_degree,wind_dir,pressure_mb,pressure_in,precip_mm,precip_in,snow_cm,humidity,cloud,feelslike_c,feelslike_f,windchill_c,windchill_f,heatindex_c,heatindex_f,dewpoint_c,dewpoint_f,will_it_rain,chance_of_rain,will_it_snow,chance_of_snow,vis_km,vis_miles,gust_mph,gust_kph,uv
1735401600,2024-12-29 00:00,23.3,73.9,0,"{'text': 'Patchy light drizzle', 'icon': '//cdn.weatherapi.com/weather/64x64/night/263.png', 'code': 1150}",3.6,5.8,68,ENE,1013.0,29.92,0.7,0.03,0.0,95,63,25.7,78.3,23.3,73.9,25.7,78.3,22.5,72.4,1,100,0,0,5.0,3.0,6.8,11.0,0.0
1735405200,2024-12-29 01:00,23.2,73.7,0,"{'text': 'Mist', 'icon': '//cdn.weatherapi.com/weather/64x64/night/143.png', 'code': 1030}",3.6,5.8,62,ENE,1012.0,29.9,0.0,0.0,0.0,95,64,25.6,78.1,23.2,73.7,25.6,78.1,22.4,72.3,0,0,0,0,2.0,1.0,6.8,10.9,0.0
1735408800,2024-12-29 02:00,23.2,73.7,0,"{'text': 'Mist', 'icon': '//cdn.weatherapi.com/weather/64x64/night/143.png', 'code': 1030}",3.6,5.8,59,ENE,1012.0,29.87,0.0,0.0,0.0,95,67,25.6,78.0,23.2,73.7,25.6,78.0,22.4,72.2,0,45,0,0,2.0,1.0,6.7,10.8,0.0
1735412400,2024-12-29 03:00,23.0,73.4,0,"{'text': 'Mist', 'icon': '//cdn.weatherapi.com/weather/64x64/night/143.png', 'code': 1030}",3.4,5.4,50,NE,1011.0,29.85,0.0,0.0,0.0,95,72,25.4,77.7,23.0,73.3,25.4,77.7,22.2,72.0,0,0,0,0,2.0,1.0,6.3,10.1,0.0
1735416000,2024-12-29 04:00,22.8,73.1,0,"{'text': 'Mist', 'icon': '//cdn.weatherapi.com/weather/64x64/night/143.png', 'code': 1030}",3.1,5.0,48,NE,1010.0,29.84,0.0,0.0,0.0,95,73,25.3,77.5,22.9,73.1,25.3,77.5,22.1,71.7,0,45,0,0,2.0,1.0,5.9,9.5,0.0
1735419600,2024-12-29 05:00,23.0,73.4,0,"{'text': 'Mist', 'icon': '//cdn.weatherapi.com/weather/64x64/night/143.png', 'code': 1030}",2.7,4.3,51,NE,1010.0,29.84,0.05,0.0,0.0,95,67,25.4,77.7,23.0,73.4,25.4,77.7,22.2,71.9,0,45,0,0,2.0,1.0,5.0,8.0,0.0
1735423200,2024-12-29 06:00,22.8,73.1,0,"{'text': 'Patchy light rain', 'icon': '//cdn.weatherapi.com/weather/64x64/night/293.png', 'code': 1180}",2.0,3.2,52,NE,1011.0,29.85,1.8,0.07,0.0,95,54,25.3,77.5,22.9,73.1,25.3,77.5,22.1,71.8,1,100,0,0,9.0,5.0,3.9,6.2,0.0
1735426800,2024-12-29 07:00,22.5,72.5,0,"{'text': 'Light rain shower', 'icon': '//cdn.weatherapi.com/weather/64x64/night/353.png', 'code': 1240}",2.7,4.3,43,NE,1011.0,29.87,1.1,0.04,0.0,96,58,25.0,76.9,22.5,72.5,25.0,76.9,21.8,71.3,1,100,0,0,10.0,6.0,5.3,8.6,0.0
1735430400,2024-12-29 08:00,23.2,73.8,1,"{'text': 'Light rain shower', 'icon': '//cdn.weatherapi.com/weather/64x64/day/353.png', 'code': 1240}",2.9,4.7,46,NE,1012.0,29.89,0.85,0.03,0.0,95,63,25.7,78.2,23.2,73.8,25.7,78.2,22.5,72.4,1,100,0,0,10.0,6.0,5.1,8.2,5.0
1735434000,2024-12-29 09:00,25.0,76.9,1,"{'text': 'Patchy light drizzle', 'icon': '//cdn.weatherapi.com/weather/64x64/day/263.png', 'code': 1150}",2.0,3.2,32,NNE,1013.0,29.92,0.72,0.03,0.0,91,64,27.8,82.0,25.0,76.9,27.8,82.0,23.4,74.1,1,100,0,0,5.0,3.0,3.0,4.8,5.0
1735437600,2024-12-29 10:00,26.4,79.5,1,"{'text': 'Light rain shower', 'icon': '//cdn.weatherapi.com/weather/64x64/day/353.png', 'code': 1240}",1.8,2.9,11,NNE,1014.0,29.93,1.31,0.05,0.0,86,69,29.9,85.8,26.4,79.5,29.9,85.8,23.9,75.1,1,100,0,0,10.0,6.0,2.4,3.9,6.0
1735441200,2024-12-29 11:00,27.3,81.2,1,"{'text': 'Light rain shower', 'icon': '//cdn.weatherapi.com/weather/64x64/day/353.png', 'code': 1240}",2.0,3.2,10,N,1013.0,29.93,1.31,0.05,0.0,82,88,31.3,88.3,27.3,81.2,31.3,88.3,24.0,75.3,1,100,0,0,10.0,6.0,3.2,5.2,6.0
1735444800,2024-12-29 12:00,27.8,82.1,1,"{'text': 'Light rain shower', 'icon': '//cdn.weatherapi.com/weather/64x64/day/353.png', 'code': 1240}",1.6,2.5,4,N,1013.0,29.9,0.94,0.04,0.0,80,75,32.0,89.6,27.9,82.1,32.0,89.6,24.1,75.4,1,100,0,0,10.0,6.0,2.4,3.9,6.0
1735448400,2024-12-29 13:00,28.9,84.0,1,"{'text': 'Patchy rain possible', 'icon': '//cdn.weatherapi.com/weather/64x64/day/176.png', 'code': 1063}",2.2,3.6,341,NNW,1011.0,29.87,0.06,0.0,0.0,74,88,33.2,91.7,28.9,84.0,33.2,91.7,23.7,74.6,0,45,0,0,10.0,6.0,4.0,6.5,6.0
1735452000,2024-12-29 14:00,30.9,87.6,1,"{'text': 'Patchy rain possible', 'icon': '//cdn.weatherapi.com/weather/64x64/day/176.png', 'code': 1063}",2.0,3.2,334,NNW,1010.0,29.83,0.03,0.0,0.0,62,78,35.3,95.6,30.9,87.6,35.3,95.6,22.9,73.1,0,45,0,0,10.0,6.0,2.6,4.2,7.0
1735455600,2024-12-29 15:00,31.0,87.8,1,"{'text': 'Patchy light drizzle', 'icon': '//cdn.weatherapi.com/weather/64x64/day/263.png', 'code': 1150}",2.2,3.6,331,NNW,1009.0,29.79,0.6,0.02,0.0,61,67,35.3,95.6,31.0,87.8,35.3,95.6,22.6,72.8,1,100,0,0,5.0,3.0,2.6,4.2,7.0
1735459200,2024-12-29 16:00,29.3,84.8,1,"{'text': 'Patchy light rain', 'icon': '//cdn.weatherapi.com/weather/64x64/day/293.png', 'code': 1180}",2.7,4.3,305,NW,1008.0,29.77,0.82,0.03,0.0,74,55,34.3,93.8,29.3,84.8,34.3,93.8,24.3,75.7,1,100,0,0,9.0,5.0,3.3,5.3,6.0
1735462800,2024-12-29 17:00,28.5,83.3,1,"{'text': 'Light rain shower', 'icon': '//cdn.weatherapi.com/weather/64x64/day/353.png', 'code': 1240}",2.0,3.2,288,WNW,1008.0,29.77,1.06,0.04,0.0,81,86,33.6,92.5,28.5,83.2,33.6,92.5,24.9,76.9,1,100,0,0,10.0,6.0,2.9,4.7,6.0
1735466400,2024-12-29 18:00,27.7,81.9,1,"{'text': 'Patchy light rain', 'icon': '//cdn.weatherapi.com/weather/64x64/day/293.png', 'code': 1180}",0.7,1.1,352,N,1009.0,29.78,1.3,0.05,0.0,86,79,32.5,90.5,27.7,81.9,32.5,90.5,25.0,77.1,1,100,0,0,9.0,5.0,0.9,1.5,6.0
1735470000,2024-12-29 19:00,25.6,78.1,1,"{'text': 'Patchy rain possible', 'icon': '//cdn.weatherapi.com/weather/64x64/day/176.png', 'code': 1063}",2.0,3.2,51,NE,1009.0,29.81,0.57,0.02,0.0,90,70,28.8,83.8,25.6,78.1,28.8,83.8,23.8,74.9,1,100,0,0,9.0,5.0,3.7,5.9,6.0
1735473600,2024-12-29 20:00,24.6,76.3,0,"{'text': 'Patchy rain possible', 'icon': '//cdn.weatherapi.com/weather/64x64/night/176.png', 'code': 1063}",2.7,4.3,65,ENE,1010.0,29.84,0.2,0.01,0.0,92,80,27.3,81.2,24.6,76.3,27.3,81.2,23.3,73.9,1,100,0,0,9.0,5.0,5.2,8.4,0.0
1735477200,2024-12-29 21:00,24.1,75.3,0,"{'text': 'Light rain shower', 'icon': '//cdn.weatherapi.com/weather/64x64/night/353.png', 'code': 1240}",3.1,5.0,67,ENE,1012.0,29.87,1.36,0.05,0.0,94,82,26.6,79.9,24.1,75.3,26.6,79.9,23.0,73.5,1,100,0,0,10.0,6.0,6.2,10.0,0.0
1735480800,2024-12-29 22:00,23.8,74.8,0,"{'text': 'Patchy light rain', 'icon': '//cdn.weatherapi.com/weather/64x64/night/293.png', 'code': 1180}",3.4,5.4,71,ENE,1012.0,29.89,1.12,0.04,0.0,95,69,26.3,79.3,23.8,74.8,26.3,79.3,22.9,73.2,1,100,0,0,9.0,5.0,6.5,10.5,0.0
1735484400,2024-12-29 23:00,23.6,74.6,0,"{'text': 'Mist', 'icon': '//cdn.weatherapi.com/weather/64x64/night/143.png', 'code': 1030}",3.4,5.4,62,ENE,1013.0,29.9,0.0,0.0,0.0,95,59,26.1,79.0,23.6,74.6,26.1,79.0,22.8,73.0,0,45,0,0,2.0,1.0,6.4,10.3,0.0
