time_epoch,time,temp_c,temp_f,is_day,condition,wind_mph,wind_kph,wind_degree,wind_dir,pressure_mb,pressure_in,precip_mm,precip_in,snow_cm,humidity,cloud,feelslike_c,feelslike_f,windchill_c,windchill_f,heatindex_c,heatindex_f,dewpoint_c,dewpoint_f,will_it_rain,chance_of_rain,will_it_snow,chance_of_snow,vis_km,vis_miles,gust_mph,gust_kph,uv
1735142400,2024-12-26 00:00,23.1,73.6,0,"{'text': 'Light rain shower', 'icon': '//cdn.weatherapi.com/weather/64x64/night/353.png', 'code': 1240}",2.5,4.0,52,NE,1012.0,29.88,0.76,0.03,0.0,97,80,25.6,78.1,23.1,73.6,25.6,78.1,22.6,72.6,1,100,0,0,10.0,6.0,4.5,7.2,0.0
1735146000,2024-12-26 01:00,23.0,73.4,0,"{'text': 'Light rain shower', 'icon': '//cdn.weatherapi.com/weather/64x64/night/353.png', 'code': 1240}",2.5,4.0,60,ENE,1012.0,29.88,0.45,0.02,0.0,97,81,25.5,77.8,23.0,73.4,25.5,77.8,22.5,72.4,1,100,0,0,10.0,6.0,4.5,7.2,0.0
1735149600,2024-12-26 02:00,22.9,73.2,0,"{'text': 'Light rain shower', 'icon': '//cdn.weatherapi.com/weather/64x64/night/353.png', 'code': 1240}",2.5,4.0,62,ENE,1011.0,29.87,0.5,0.02,0.0,97,89,25.4,77.6,22.9,73.2,25.4,77.6,22.3,72.2,1,100,0,0,10.0,6.0,4.4,7.1,0.0
1735153200,2024-12-26 03:00,23.0,73.5,0,"{'text': 'Light rain shower', 'icon': '//cdn.weatherapi.com/weather/64x64/night/353.png', 'code': 1240}",2.5,4.0,65,ENE,1011.0,29.85,0.6,0.02,0.0,96,89,25.5,77.8,23.0,73.5,25.5,77.8,22.4,72.3,1,100,0,0,10.0,6.0,4.3,7.0,0.0
1735156800,2024-12-26 04:00,23.0,73.5,0,"{'text': 'Light rain shower', 'icon': '//cdn.weatherapi.com/weather/64x64/night/353.png', 'code': 1240}",2.0,3.2,52,NE,1011.0,29.84,0.47,0.02,0.0,96,77,25.5,77.8,23.0,73.5,25.5,77.8,22.3,72.2,1,100,0,0,10.0,6.0,3.5,5.7,0.0
1735160400,2024-12-26 05:00,23.0,73.4,0,"{'text': 'Light rain shower', 'icon': '//cdn.weatherapi.com/weather/64x64/night/353.png', 'code': 1240}",1.8,2.9,18,NNE,1011.0,29.84,0.4,0.02,0.0,96,85,25.4,77.7,23.0,73.4,25.4,77.7,22.2,72.0,1,100,0,0,10.0,6.0,3.1,5.0,0.0
1735164000,2024-12-26 06:00,22.8,73.1,0,"{'text': 'Light rain shower', 'icon': '//cdn.weatherapi.com/weather/64x64/night/353.png', 'code': 1240}",2.0,3.2,5,N,1011.0,29.86,0.43,0.02,0.0,96,96,25.3,77.5,22.8,73.1,25.3,77.5,22.1,71.9,1,100,0,0,10.0,6.0,3.5,5.6,0.0
1735167600,2024-12-26 07:00,22.8,73.0,0,"{'text': 'Light rain shower', 'icon': '//cdn.weatherapi.com/weather/64x64/night/353.png', 'code': 1240}",2.5,4.0,9,N,1012.0,29.87,0.6,0.02,0.0,96,85,25.2,77.4,22.8,73.0,25.2,77.4,22.2,71.9,1,100,0,0,10.0,6.0,4.2,6.7,0.0
1735171200,2024-12-26 08:00,23.1,73.6,1,"{'text': 'Light rain shower', 'icon': '//cdn.weatherapi.com/weather/64x64/day/353.png', 'code': 1240}",2.5,4.0,27,NNE,1012.0,29.89,0.57,0.02,0.0,96,75,25.6,78.0,23.1,73.6,25.6,78.0,22.5,72.5,1,100,0,0,10.0,6.0,3.9,6.3,5.0
1735174800,2024-12-26 09:00,23.3,73.9,1,"{'text': 'Patchy light drizzle', 'icon': '//cdn.weatherapi.com/weather/64x64/day/263.png', 'code': 1150}",2.5,4.0,43,NE,1013.0,29.92,0.51,0.02,0.0,96,58,25.7,78.3,23.3,73.9,25.7,78.3,22.6,72.7,1,100,0,0,5.0,3.0,3.8,6.1,5.0
1735178400,2024-12-26 10:00,23.6,74.5,1,"{'text': 'Patchy light drizzle', 'icon': '//cdn.weatherapi.com/weather/64x64/day/263.png', 'code': 1150}",2.0,3.2,75,ENE,1014.0,29.93,0.25,0.01,0.0,95,85,26.1,79.0,23.6,74.5,26.1,79.0,22.8,73.0,1,100,0,0,5.0,3.0,3.0,4.8,5.0
1735182000,2024-12-26 11:00,24.5,76.2,1,"{'text': 'Patchy rain possible', 'icon': '//cdn.weatherapi.com/weather/64x64/day/176.png', 'code': 1063}",2.2,3.6,82,E,1014.0,29.93,0.21,0.01,0.0,92,70,27.2,80.9,24.5,76.2,27.2,80.9,23.1,73.7,1,100,0,0,9.0,5.0,3.0,4.8,5.0
1735185600,2024-12-26 12:00,26.2,79.1,1,"{'text': 'Patchy rain possible', 'icon': '//cdn.weatherapi.com/weather/64x64/day/176.png', 'code': 1063}",2.5,4.0,75,ENE,1013.0,29.91,0.41,0.02,0.0,85,85,29.3,84.8,26.2,79.1,29.3,84.8,23.5,74.3,1,100,0,0,9.0,5.0,3.0,4.8,6.0
1735189200,2024-12-26 13:00,27.8,82.0,1,"{'text': 'Patchy rain possible', 'icon': '//cdn.weatherapi.com/weather/64x64/day/176.png', 'code': 1063}",1.8,2.9,83,E,1012.0,29.89,0.26,0.01,0.0,79,82,31.6,88.8,27.8,82.0,31.6,88.8,23.7,74.6,1,100,0,0,9.0,5.0,2.5,4.0,6.0
1735192800,2024-12-26 14:00,28.1,82.6,1,"{'text': 'Light rain shower', 'icon': '//cdn.weatherapi.com/weather/64x64/day/353.png', 'code': 1240}",0.7,1.1,67,ENE,1011.0,29.86,0.59,0.02,0.0,77,58,32.1,89.8,28.1,82.6,32.1,89.8,23.8,74.8,1,100,0,0,10.0,6.0,1.0,1.5,6.0
1735196400,2024-12-26 15:00,28.2,82.8,1,"{'text': 'Light rain shower', 'icon': '//cdn.weatherapi.com/weather/64x64/day/353.png', 'code': 1240}",1.1,1.8,240,WSW,1010.0,29.83,1.23,0.05,0.0,78,71,32.4,90.3,28.2,82.8,32.4,90.3,23.9,75.1,1,100,0,0,10.0,6.0,1.5,2.4,6.0
1735200000,2024-12-26 16:00,27.5,81.5,1,"{'text': 'Light rain shower', 'icon': '//cdn.weatherapi.com/weather/64x64/day/353.png', 'code': 1240}",2.0,3.2,242,WSW,1009.0,29.81,1.31,0.05,0.0,83,66,31.6,88.9,27.5,81.5,31.6,88.9,24.3,75.7,1,100,0,0,10.0,6.0,3.1,5.0,6.0
1735203600,2024-12-26 17:00,26.7,80.1,1,"{'text': 'Light rain shower', 'icon': '//cdn.weatherapi.com/weather/64x64/day/353.png', 'code': 1240}",2.5,4.0,233,SW,1009.0,29.8,1.0,0.04,0.0,87,64,30.7,87.2,26.8,80.2,30.7,87.2,24.4,76.0,1,100,0,0,10.0,6.0,4.2,6.8,6.0
1735207200,2024-12-26 18:00,25.9,78.6,1,"{'text': 'Light rain shower', 'icon': '//cdn.weatherapi.com/weather/64x64/day/353.png', 'code': 1240}",1.6,2.5,225,SW,1009.0,29.81,1.05,0.04,0.0,92,80,29.6,85.2,25.9,78.6,29.6,85.2,24.5,76.1,1,100,0,0,10.0,6.0,2.8,4.5,6.0
1735210800,2024-12-26 19:00,24.7,76.4,1,"{'text': 'Light rain shower', 'icon': '//cdn.weatherapi.com/weather/64x64/day/353.png', 'code': 1240}",1.3,2.2,211,SSW,1010.0,29.84,1.06,0.04,0.0,93,80,27.5,81.5,24.7,76.4,27.5,81.5,23.5,74.3,1,100,0,0,10.0,6.0,2.6,4.2,5.0
1735214400,2024-12-26 20:00,24.1,75.3,0,"{'text': 'Patchy rain possible', 'icon': '//cdn.weatherapi.com/weather/64x64/night/176.png', 'code': 1063}",0.7,1.1,205,SSW,1011.0,29.86,0.36,0.01,0.0,94,76,26.6,79.9,24.1,75.3,26.6,79.9,23.0,73.4,1,100,0,0,9.0,5.0,1.3,2.1,0.0
1735218000,2024-12-26 21:00,23.9,75.0,0,"{'text': 'Patchy rain possible', 'icon': '//cdn.weatherapi.com/weather/64x64/night/176.png', 'code': 1063}",0.9,1.4,106,ESE,1012.0,29.89,0.67,0.03,0.0,94,78,26.4,79.5,23.9,75.0,26.4,79.5,22.9,73.2,1,100,0,0,9.0,5.0,1.6,2.6,0.0
1735221600,2024-12-26 22:00,23.7,74.7,0,"{'text': 'Patchy rain possible', 'icon': '//cdn.weatherapi.com/weather/64x64/night/176.png', 'code': 1063}",2.0,3.2,99,E,1013.0,29.92,0.15,0.01,0.0,94,77,26.2,79.2,23.8,74.8,26.2,79.2,22.8,73.0,1,100,0,0,9.0,5.0,3.7,5.9,0.0
1735225200,2024-12-26 23:00,23.5,74.4,0,"{'text': 'Mist', 'icon': '//cdn.weatherapi.com/weather/64x64/night/143.png', 'code': 1030}",2.5,4.0,89,E,1013.0,29.92,0.0,0.0,0.0,94,50,26.0,78.7,23.5,74.4,26.0,78.7,22.6,72.7,0,45,0,0,2.0,1.0,4.5,7.2,0.0
