time_epoch,time,temp_c,temp_f,is_day,condition,wind_mph,wind_kph,wind_degree,wind_dir,pressure_mb,pressure_in,precip_mm,precip_in,snow_cm,humidity,cloud,feelslike_c,feelslike_f,windchill_c,windchill_f,heatindex_c,heatindex_f,dewpoint_c,dewpoint_f,will_it_rain,chance_of_rain,will_it_snow,chance_of_snow,vis_km,vis_miles,gust_mph,gust_kph,uv
1735401600,2024-12-29 00:00,24.6,76.3,0,"{'text': 'Patchy rain possible', 'icon': '//cdn.weatherapi.com/weather/64x64/night/176.png', 'code': 1063}",0.9,1.4,43,NE,1013.0,29.9,0.14,0.01,0.0,93,73,27.4,81.3,24.6,76.3,27.4,81.3,23.5,74.2,1,100,0,0,10.0,6.0,1.6,2.6,0.0
1735405200,2024-12-29 01:00,24.5,76.1,0,"{'text': 'Patchy rain possible', 'icon': '//cdn.weatherapi.com/weather/64x64/night/176.png', 'code': 1063}",1.3,2.2,62,ENE,1012.0,29.88,0.02,0.0,0.0,93,68,27.3,81.1,24.5,76.2,27.3,81.1,23.4,74.0,0,45,0,0,10.0,6.0,2.5,4.0,0.0
1735408800,2024-12-29 02:00,24.4,76.0,0,"{'text': 'Patchy rain possible', 'icon': '//cdn.weatherapi.com/weather/64x64/night/176.png', 'code': 1063}",1.6,2.5,71,ENE,1011.0,29.86,0.01,0.0,0.0,93,58,27.1,80.9,24.5,76.0,27.1,80.9,23.3,73.9,0,45,0,0,10.0,6.0,2.9,4.6,0.0
1735412400,2024-12-29 03:00,24.3,75.7,0,"{'text': 'Patchy rain possible', 'icon': '//cdn.weatherapi.com/weather/64x64/night/176.png', 'code': 1063}",1.8,2.9,57,ENE,1011.0,29.84,0.01,0.0,0.0,93,78,26.9,80.4,24.3,75.7,26.9,80.4,23.1,73.7,0,45,0,0,10.0,6.0,3.3,5.3,0.0
1735416000,2024-12-29 04:00,24.2,75.6,0,"{'text': 'Patchy rain possible', 'icon': '//cdn.weatherapi.com/weather/64x64/night/176.png', 'code': 1063}",1.6,2.5,65,ENE,1010.0,29.83,0.05,0.0,0.0,93,96,26.8,80.3,24.2,75.6,26.8,80.3,23.1,73.5,0,45,0,0,10.0,6.0,2.9,4.6,0.0
1735419600,2024-12-29 05:00,24.2,75.5,0,"{'text': 'Light rain shower', 'icon': '//cdn.weatherapi.com/weather/64x64/night/353.png', 'code': 1240}",1.3,2.2,79,E,1010.0,29.83,0.48,0.02,0.0,93,89,26.7,80.1,24.2,75.5,26.7,80.1,23.0,73.4,1,100,0,0,10.0,6.0,2.5,4.0,0.0
1735423200,2024-12-29 06:00,24.1,75.4,0,"{'text': 'Patchy light drizzle', 'icon': '//cdn.weatherapi.com/weather/64x64/night/263.png', 'code': 1150}",1.3,2.2,116,ESE,1010.0,29.84,0.38,0.01,0.0,93,66,26.7,80.0,24.1,75.4,26.7,80.0,23.0,73.3,1,100,0,0,5.0,3.0,2.4,3.9,0.0
1735426800,2024-12-29 07:00,23.7,74.6,0,"{'text': 'Light rain shower', 'icon': '//cdn.weatherapi.com/weather/64x64/night/353.png', 'code': 1240}",1.6,2.5,109,ESE,1011.0,29.86,1.36,0.05,0.0,95,70,26.2,79.1,23.7,74.6,26.2,79.1,22.8,73.0,1,100,0,0,10.0,6.0,3.0,4.8,0.0
1735430400,2024-12-29 08:00,24.0,75.2,1,"{'text': 'Light rain', 'icon': '//cdn.weatherapi.com/weather/64x64/day/296.png', 'code': 1183}",1.1,1.8,76,ENE,1012.0,29.88,1.07,0.04,0.0,94,87,26.6,79.8,24.0,75.2,26.6,79.8,22.9,73.3,1,100,0,0,9.0,5.0,2.0,3.2,5.0
1735434000,2024-12-29 09:00,25.1,77.2,1,"{'text': 'Patchy rain possible', 'icon': '//cdn.weatherapi.com/weather/64x64/day/176.png', 'code': 1063}",0.2,0.4,150,SSE,1013.0,29.91,0.5,0.02,0.0,90,80,27.9,82.3,25.1,77.2,27.9,82.3,23.4,74.1,1,100,0,0,9.0,5.0,0.4,0.6,6.0
1735437600,2024-12-29 10:00,26.0,78.8,1,"{'text': 'Patchy rain possible', 'icon': '//cdn.weatherapi.com/weather/64x64/day/176.png', 'code': 1063}",0.7,1.1,342,NNW,1013.0,29.92,1.42,0.06,0.0,87,86,29.2,84.5,26.0,78.8,29.2,84.5,23.6,74.6,1,100,0,0,9.0,5.0,1.0,1.7,6.0
1735441200,2024-12-29 11:00,26.9,80.5,1,"{'text': 'Light rain shower', 'icon': '//cdn.weatherapi.com/weather/64x64/day/353.png', 'code': 1240}",1.6,2.5,330,NNW,1013.0,29.92,1.51,0.06,0.0,83,71,30.5,86.9,26.9,80.5,30.5,86.9,23.7,74.7,1,100,0,0,10.0,6.0,2.6,4.2,6.0
1735444800,2024-12-29 12:00,27.8,82.0,1,"{'text': 'Patchy rain possible', 'icon': '//cdn.weatherapi.com/weather/64x64/day/176.png', 'code': 1063}",2.0,3.2,307,NW,1012.0,29.9,0.91,0.04,0.0,79,77,31.7,89.1,27.8,82.0,31.7,89.1,23.8,74.9,1,100,0,0,9.0,5.0,2.6,4.1,6.0
1735448400,2024-12-29 13:00,28.3,82.9,1,"{'text': 'Light rain shower', 'icon': '//cdn.weatherapi.com/weather/64x64/day/353.png', 'code': 1240}",2.2,3.6,303,WNW,1011.0,29.87,0.62,0.02,0.0,77,60,32.4,90.4,28.3,82.9,32.4,90.4,23.8,74.9,1,100,0,0,10.0,6.0,4.3,6.8,6.0
1735452000,2024-12-29 14:00,28.8,83.8,1,"{'text': 'Patchy rain possible', 'icon': '//cdn.weatherapi.com/weather/64x64/day/176.png', 'code': 1063}",2.5,4.0,297,WNW,1010.0,29.83,0.21,0.01,0.0,75,79,33.2,91.7,28.8,83.8,33.2,91.7,23.9,75.1,1,100,0,0,9.0,5.0,3.1,4.9,6.0
1735455600,2024-12-29 15:00,29.7,85.4,1,"{'text': 'Patchy rain possible', 'icon': '//cdn.weatherapi.com/weather/64x64/day/176.png', 'code': 1063}",2.5,4.0,292,WNW,1009.0,29.79,0.11,0.0,0.0,70,83,34.2,93.5,29.7,85.4,34.2,93.5,23.5,74.3,1,100,0,0,10.0,6.0,2.9,4.6,6.0
1735459200,2024-12-29 16:00,29.6,85.4,1,"{'text': 'Patchy light drizzle', 'icon': '//cdn.weatherapi.com/weather/64x64/day/263.png', 'code': 1150}",3.1,5.0,275,W,1008.0,29.77,0.37,0.01,0.0,69,56,33.9,93.1,29.6,85.4,33.9,93.1,23.3,73.9,1,100,0,0,5.0,3.0,3.9,6.2,6.0
1735462800,2024-12-29 17:00,29.4,84.9,1,"{'text': 'Patchy rain possible', 'icon': '//cdn.weatherapi.com/weather/64x64/day/176.png', 'code': 1063}",3.4,5.4,275,W,1008.0,29.76,0.12,0.0,0.0,69,74,33.5,92.2,29.4,84.8,33.5,92.2,23.2,73.7,1,100,0,0,10.0,6.0,4.5,7.2,6.0
1735466400,2024-12-29 18:00,28.4,83.1,1,"{'text': 'Patchy rain possible', 'icon': '//cdn.weatherapi.com/weather/64x64/day/176.png', 'code': 1063}",3.6,5.8,269,W,1008.0,29.77,0.67,0.03,0.0,78,72,32.8,91.0,28.4,83.1,32.8,91.0,24.1,75.4,1,100,0,0,9.0,5.0,5.3,8.5,6.0
1735470000,2024-12-29 19:00,26.5,79.7,1,"{'text': 'Patchy rain possible', 'icon': '//cdn.weatherapi.com/weather/64x64/day/176.png', 'code': 1063}",2.7,4.3,290,WNW,1009.0,29.8,0.66,0.03,0.0,86,72,30.1,86.1,26.5,79.7,30.1,86.1,24.0,75.2,1,100,0,0,9.0,5.0,4.9,7.8,6.0
1735473600,2024-12-29 20:00,25.5,77.9,0,"{'text': 'Patchy light drizzle', 'icon': '//cdn.weatherapi.com/weather/64x64/night/263.png', 'code': 1150}",2.5,4.0,314,NW,1010.0,29.83,0.54,0.02,0.0,89,56,28.5,83.3,25.5,77.9,28.5,83.3,23.6,74.4,1,100,0,0,5.0,3.0,4.7,7.6,0.0
1735477200,2024-12-29 21:00,24.5,76.2,0,"{'text': 'Patchy rain possible', 'icon': '//cdn.weatherapi.com/weather/64x64/night/176.png', 'code': 1063}",2.0,3.2,316,NW,1011.0,29.86,1.46,0.06,0.0,93,70,27.3,81.1,24.5,76.2,27.3,81.1,23.3,74.0,1,100,0,0,9.0,5.0,3.9,6.3,0.0
1735480800,2024-12-29 22:00,24.1,75.3,0,"{'text': 'Patchy light rain', 'icon': '//cdn.weatherapi.com/weather/64x64/night/293.png', 'code': 1180}",1.1,1.8,314,NW,1012.0,29.88,1.24,0.05,0.0,95,52,26.7,80.0,24.1,75.3,26.7,80.0,23.2,73.7,1,100,0,0,9.0,5.0,2.1,3.4,0.0
1735484400,2024-12-29 23:00,23.9,75.1,0,"{'text': 'Light rain shower', 'icon': '//cdn.weatherapi.com/weather/64x64/night/353.png', 'code': 1240}",0.9,1.4,27,NNE,1012.0,29.89,0.3,0.01,0.0,95,69,26.5,79.7,24.0,75.1,26.5,79.7,23.1,73.5,1,100,0,0,10.0,6.0,1.7,2.7,0.0
