time_epoch,time,temp_c,temp_f,is_day,condition,wind_mph,wind_kph,wind_degree,wind_dir,pressure_mb,pressure_in,precip_mm,precip_in,snow_cm,humidity,cloud,feelslike_c,feelslike_f,windchill_c,windchill_f,heatindex_c,heatindex_f,dewpoint_c,dewpoint_f,will_it_rain,chance_of_rain,will_it_snow,chance_of_snow,vis_km,vis_miles,gust_mph,gust_kph,uv
1735228800,2024-12-27 00:00,24.6,76.2,0,"{'text': 'Patchy rain possible', 'icon': '//cdn.weatherapi.com/weather/64x64/night/176.png', 'code': 1063}",2.0,3.2,352,N,1012.0,29.89,0.1,0.0,0.0,90,82,27.1,80.8,24.6,76.2,27.1,80.8,22.9,73.1,1,100,0,0,10.0,6.0,3.8,6.0,0.0
1735232400,2024-12-27 01:00,24.2,75.6,0,"{'text': 'Partly cloudy', 'icon': '//cdn.weatherapi.com/weather/64x64/night/116.png', 'code': 1003}",1.8,2.9,350,N,1012.0,29.88,0.0,0.0,0.0,92,41,26.7,80.1,24.2,75.6,26.7,80.1,22.8,73.0,0,0,0,0,10.0,6.0,3.4,5.5,0.0
1735236000,2024-12-27 02:00,24.1,75.3,0,"{'text': 'Patchy light drizzle', 'icon': '//cdn.weatherapi.com/weather/64x64/night/263.png', 'code': 1150}",1.1,1.8,15,NNE,1011.0,29.87,0.32,0.01,0.0,92,50,26.5,79.8,24.1,75.3,26.5,79.8,22.7,72.9,1,100,0,0,5.0,3.0,2.1,3.4,0.0
1735239600,2024-12-27 03:00,23.9,75.1,0,"{'text': 'Light rain shower', 'icon': '//cdn.weatherapi.com/weather/64x64/night/353.png', 'code': 1240}",1.1,1.8,77,ENE,1011.0,29.86,0.21,0.01,0.0,93,61,26.4,79.5,23.9,75.1,26.4,79.5,22.7,72.8,1,100,0,0,10.0,6.0,2.1,3.4,0.0
1735243200,2024-12-27 04:00,23.9,75.0,0,"{'text': 'Patchy rain possible', 'icon': '//cdn.weatherapi.com/weather/64x64/night/176.png', 'code': 1063}",1.1,1.8,156,SSE,1011.0,29.84,0.09,0.0,0.0,93,68,26.3,79.3,23.9,75.0,26.3,79.3,22.6,72.8,1,100,0,0,10.0,6.0,2.1,3.4,0.0
1735246800,2024-12-27 05:00,23.8,74.8,0,"{'text': 'Patchy rain possible', 'icon': '//cdn.weatherapi.com/weather/64x64/night/176.png', 'code': 1063}",1.6,2.5,161,SSE,1011.0,29.84,0.06,0.0,0.0,93,81,26.2,79.2,23.8,74.8,26.2,79.2,22.6,72.7,0,45,0,0,10.0,6.0,2.9,4.7,0.0
1735250400,2024-12-27 06:00,23.8,74.8,0,"{'text': 'Patchy rain possible', 'icon': '//cdn.weatherapi.com/weather/64x64/night/176.png', 'code': 1063}",1.6,2.5,158,SSE,1011.0,29.85,0.02,0.0,0.0,93,86,26.2,79.1,23.8,74.8,26.2,79.1,22.6,72.6,0,45,0,0,10.0,6.0,2.9,4.7,0.0
1735254000,2024-12-27 07:00,23.7,74.6,0,"{'text': 'Cloudy', 'icon': '//cdn.weatherapi.com/weather/64x64/night/119.png', 'code': 1006}",1.8,2.9,167,SSE,1012.0,29.87,0.0,0.0,0.0,93,69,26.1,78.9,23.7,74.6,26.1,78.9,22.5,72.5,0,45,0,0,10.0,6.0,3.3,5.4,0.0
1735257600,2024-12-27 08:00,24.2,75.5,1,"{'text': 'Partly cloudy', 'icon': '//cdn.weatherapi.com/weather/64x64/day/116.png', 'code': 1003}",1.1,1.8,123,ESE,1012.0,29.89,0.0,0.0,0.0,93,41,26.7,80.1,24.2,75.5,26.7,80.1,22.9,73.2,0,0,0,0,10.0,6.0,1.9,3.1,6.0
1735261200,2024-12-27 09:00,25.3,77.6,1,"{'text': 'Patchy rain possible', 'icon': '//cdn.weatherapi.com/weather/64x64/day/176.png', 'code': 1063}",0.9,1.4,112,ESE,1013.0,29.92,0.02,0.0,0.0,88,78,28.2,82.7,25.4,77.6,28.2,82.7,23.2,73.8,0,45,0,0,10.0,6.0,1.3,2.1,6.0
1735264800,2024-12-27 10:00,26.8,80.2,1,"{'text': 'Patchy rain possible', 'icon': '//cdn.weatherapi.com/weather/64x64/day/176.png', 'code': 1063}",0.7,1.1,117,ESE,1014.0,29.93,0.05,0.0,0.0,82,78,30.1,86.2,26.8,80.2,30.1,86.2,23.5,74.3,0,45,0,0,10.0,6.0,0.9,1.4,6.0
1735268400,2024-12-27 11:00,28.2,82.8,1,"{'text': 'Patchy rain possible', 'icon': '//cdn.weatherapi.com/weather/64x64/day/176.png', 'code': 1063}",0.9,1.4,210,SSW,1013.0,29.92,0.02,0.0,0.0,76,78,32.1,89.8,28.2,82.8,32.1,89.8,23.6,74.4,0,45,0,0,10.0,6.0,1.1,1.7,6.0
1735272000,2024-12-27 12:00,29.5,85.1,1,"{'text': 'Patchy rain possible', 'icon': '//cdn.weatherapi.com/weather/64x64/day/176.png', 'code': 1063}",2.0,3.2,234,SW,1013.0,29.9,0.02,0.0,0.0,69,58,33.6,92.4,29.5,85.1,33.6,92.4,23.1,73.6,0,45,0,0,10.0,6.0,2.3,3.7,6.0
1735275600,2024-12-27 13:00,30.2,86.3,1,"{'text': 'Patchy rain possible', 'icon': '//cdn.weatherapi.com/weather/64x64/day/176.png', 'code': 1063}",2.9,4.7,246,WSW,1012.0,29.87,0.04,0.0,0.0,64,56,34.1,93.3,30.2,86.3,34.1,93.3,22.5,72.5,0,45,0,0,10.0,6.0,3.4,5.4,7.0
1735279200,2024-12-27 14:00,30.5,86.9,1,"{'text': 'Patchy rain possible', 'icon': '//cdn.weatherapi.com/weather/64x64/day/176.png', 'code': 1063}",3.8,6.1,258,WSW,1010.0,29.83,0.04,0.0,0.0,61,75,34.3,93.8,30.5,86.9,34.3,93.8,22.2,72.0,0,45,0,0,10.0,6.0,4.4,7.1,7.0
1735282800,2024-12-27 15:00,30.1,86.2,1,"{'text': 'Patchy rain possible', 'icon': '//cdn.weatherapi.com/weather/64x64/day/176.png', 'code': 1063}",4.7,7.6,258,WSW,1009.0,29.8,0.07,0.0,0.0,63,89,33.9,93.0,30.1,86.3,33.9,93.0,22.3,72.1,0,45,0,0,10.0,6.0,6.0,9.6,7.0
1735286400,2024-12-27 16:00,29.6,85.3,1,"{'text': 'Patchy rain possible', 'icon': '//cdn.weatherapi.com/weather/64x64/day/176.png', 'code': 1063}",5.4,8.6,259,W,1009.0,29.78,0.17,0.01,0.0,66,71,33.4,92.1,29.6,85.3,33.4,92.1,22.6,72.7,1,100,0,0,9.0,5.0,7.2,11.5,6.0
1735290000,2024-12-27 17:00,28.7,83.7,1,"{'text': 'Patchy rain possible', 'icon': '//cdn.weatherapi.com/weather/64x64/day/176.png', 'code': 1063}",4.9,7.9,258,WSW,1008.0,29.77,0.3,0.01,0.0,71,77,32.4,90.4,28.7,83.7,32.4,90.4,23.0,73.4,1,100,0,0,9.0,5.0,6.9,11.2,6.0
1735293600,2024-12-27 18:00,27.7,81.9,1,"{'text': 'Patchy rain possible', 'icon': '//cdn.weatherapi.com/weather/64x64/day/176.png', 'code': 1063}",3.8,6.1,264,W,1009.0,29.79,0.06,0.0,0.0,79,88,31.6,88.9,27.7,81.9,31.6,88.9,23.8,74.8,0,45,0,0,10.0,6.0,5.6,9.1,6.0
1735297200,2024-12-27 19:00,26.1,79.0,1,"{'text': 'Patchy rain possible', 'icon': '//cdn.weatherapi.com/weather/64x64/day/176.png', 'code': 1063}",2.7,4.3,275,W,1010.0,29.82,0.01,0.0,0.0,86,64,29.2,84.6,26.1,79.0,29.2,84.6,23.5,74.4,0,45,0,0,10.0,6.0,4.7,7.5,6.0
1735300800,2024-12-27 20:00,25.5,77.8,0,"{'text': 'Cloudy', 'icon': '//cdn.weatherapi.com/weather/64x64/night/119.png', 'code': 1006}",2.0,3.2,297,WNW,1011.0,29.85,0.0,0.0,0.0,87,80,28.2,82.8,25.5,77.8,28.2,82.8,23.1,73.5,0,45,0,0,10.0,6.0,3.6,5.9,0.0
1735304400,2024-12-27 21:00,25.2,77.4,0,"{'text': 'Patchy rain possible', 'icon': '//cdn.weatherapi.com/weather/64x64/night/176.png', 'code': 1063}",0.9,1.4,345,NNW,1012.0,29.88,0.13,0.0,0.0,87,62,27.9,82.3,25.2,77.4,27.9,82.3,23.0,73.4,1,100,0,0,10.0,6.0,1.6,2.6,0.0
1735308000,2024-12-27 22:00,24.8,76.6,0,"{'text': 'Patchy rain possible', 'icon': '//cdn.weatherapi.com/weather/64x64/night/176.png', 'code': 1063}",1.1,1.8,10,N,1012.0,29.89,0.58,0.02,0.0,90,79,27.4,81.3,24.8,76.6,27.4,81.3,23.0,73.4,1,100,0,0,9.0,5.0,2.1,3.4,0.0
1735311600,2024-12-27 23:00,24.5,76.1,0,"{'text': 'Patchy rain possible', 'icon': '//cdn.weatherapi.com/weather/64x64/night/176.png', 'code': 1063}",0.4,0.7,21,NNE,1012.0,29.9,0.1,0.0,0.0,91,71,27.0,80.7,24.5,76.0,27.0,80.7,22.9,73.3,1,100,0,0,10.0,6.0,0.9,1.4,0.0
