time_epoch,time,temp_c,temp_f,is_day,condition,wind_mph,wind_kph,wind_degree,wind_dir,pressure_mb,pressure_in,precip_mm,precip_in,snow_cm,humidity,cloud,feelslike_c,feelslike_f,windchill_c,windchill_f,heatindex_c,heatindex_f,dewpoint_c,dewpoint_f,will_it_rain,chance_of_rain,will_it_snow,chance_of_snow,vis_km,vis_miles,gust_mph,gust_kph,uv
1735056000,2024-12-25 00:00,24.4,75.9,0,"{'text': 'Light drizzle', 'icon': '//cdn.weatherapi.com/weather/64x64/night/266.png', 'code': 1153}",2.2,3.6,321,NW,1011.0,29.85,0.48,0.02,0.0,92,100,27.0,80.6,24.4,75.9,27.0,80.6,23.1,73.5,1,100,0,0,2.0,1.0,4.2,6.7,0.0
1735059600,2024-12-25 01:00,24.4,75.9,0,"{'text': 'Patchy rain possible', 'icon': '//cdn.weatherapi.com/weather/64x64/night/176.png', 'code': 1063}",2.0,3.2,354,N,1011.0,29.84,0.35,0.01,0.0,92,71,27.0,80.6,24.4,75.9,27.0,80.6,23.1,73.5,1,100,0,0,9.0,5.0,3.7,5.9,0.0
1735063200,2024-12-25 02:00,24.2,75.6,0,"{'text': 'Patchy rain possible', 'icon': '//cdn.weatherapi.com/weather/64x64/night/176.png', 'code': 1063}",2.2,3.6,39,NE,1010.0,29.82,0.05,0.0,0.0,92,77,26.8,80.2,24.2,75.6,26.8,80.2,22.9,73.3,0,45,0,0,10.0,6.0,4.1,6.6,0.0
1735066800,2024-12-25 03:00,24.1,75.4,0,"{'text': 'Patchy rain possible', 'icon': '//cdn.weatherapi.com/weather/64x64/night/176.png', 'code': 1063}",1.1,1.8,30,NNE,1009.0,29.81,0.05,0.0,0.0,92,78,26.6,79.9,24.1,75.4,26.6,79.9,22.8,73.1,0,45,0,0,10.0,6.0,2.0,3.2,0.0
1735070400,2024-12-25 04:00,23.9,75.0,0,"{'text': 'Patchy rain possible', 'icon': '//cdn.weatherapi.com/weather/64x64/night/176.png', 'code': 1063}",1.1,1.8,41,NE,1009.0,29.79,0.01,0.0,0.0,93,58,26.3,79.4,23.9,75.0,26.3,79.4,22.7,72.8,0,45,0,0,10.0,6.0,2.0,3.3,0.0
1735074000,2024-12-25 05:00,23.8,74.9,0,"{'text': 'Cloudy', 'icon': '//cdn.weatherapi.com/weather/64x64/night/119.png', 'code': 1006}",0.4,0.7,64,ENE,1009.0,29.79,0.0,0.0,0.0,93,79,26.3,79.3,23.8,74.9,26.3,79.3,22.6,72.7,0,45,0,0,10.0,6.0,0.8,1.3,0.0
1735077600,2024-12-25 06:00,23.8,74.8,0,"{'text': 'Patchy rain possible', 'icon': '//cdn.weatherapi.com/weather/64x64/night/176.png', 'code': 1063}",0.0,0.0,283,WNW,1009.0,29.8,0.01,0.0,0.0,93,86,26.2,79.2,23.8,74.8,26.2,79.2,22.6,72.6,0,45,0,0,10.0,6.0,0.0,0.0,0.0
1735081200,2024-12-25 07:00,23.7,74.7,0,"{'text': 'Cloudy', 'icon': '//cdn.weatherapi.com/weather/64x64/night/119.png', 'code': 1006}",0.2,0.4,88,E,1009.0,29.81,0.0,0.0,0.0,93,78,26.1,79.0,23.7,74.7,26.1,79.0,22.5,72.6,0,0,0,0,10.0,6.0,0.4,0.6,0.0
1735084800,2024-12-25 08:00,24.2,75.5,1,"{'text': 'Patchy rain possible', 'icon': '//cdn.weatherapi.com/weather/64x64/day/176.png', 'code': 1063}",1.6,2.5,110,ESE,1010.0,29.83,0.01,0.0,0.0,92,88,26.7,80.0,24.2,75.5,26.7,80.0,22.8,73.1,0,45,0,0,10.0,6.0,2.6,4.2,5.0
1735088400,2024-12-25 09:00,25.4,77.8,1,"{'text': 'Patchy rain possible', 'icon': '//cdn.weatherapi.com/weather/64x64/day/176.png', 'code': 1063}",1.3,2.2,123,ESE,1011.0,29.85,0.01,0.0,0.0,87,72,28.2,82.7,25.4,77.8,28.2,82.7,23.1,73.5,0,45,0,0,10.0,6.0,1.9,3.1,6.0
1735092000,2024-12-25 10:00,26.9,80.4,1,"{'text': 'Patchy light drizzle', 'icon': '//cdn.weatherapi.com/weather/64x64/day/263.png', 'code': 1150}",2.0,3.2,157,SSE,1011.0,29.86,0.38,0.02,0.0,81,57,30.2,86.3,26.9,80.4,30.2,86.3,23.3,74.0,1,100,0,0,5.0,3.0,2.6,4.1,6.0
1735095600,2024-12-25 11:00,27.6,81.7,1,"{'text': 'Light rain shower', 'icon': '//cdn.weatherapi.com/weather/64x64/day/353.png', 'code': 1240}",2.9,4.7,189,S,1011.0,29.85,0.93,0.04,0.0,79,89,31.2,88.2,27.6,81.6,31.2,88.2,23.5,74.4,1,100,0,0,10.0,6.0,3.8,6.1,6.0
1735099200,2024-12-25 12:00,28.0,82.4,1,"{'text': 'Patchy light drizzle', 'icon': '//cdn.weatherapi.com/weather/64x64/day/263.png', 'code': 1150}",3.8,6.1,205,SSW,1010.0,29.83,0.52,0.02,0.0,78,56,32.0,89.6,28.0,82.4,32.0,89.6,23.8,74.8,1,100,0,0,5.0,3.0,4.7,7.6,6.0
1735102800,2024-12-25 13:00,28.5,83.3,1,"{'text': 'Light rain shower', 'icon': '//cdn.weatherapi.com/weather/64x64/day/353.png', 'code': 1240}",4.3,6.8,225,SW,1010.0,29.81,0.67,0.03,0.0,76,78,32.8,91.1,28.5,83.3,32.8,91.1,23.9,75.1,1,100,0,0,10.0,6.0,6.5,10.5,6.0
1735106400,2024-12-25 14:00,28.6,83.4,1,"{'text': 'Light rain', 'icon': '//cdn.weatherapi.com/weather/64x64/day/296.png', 'code': 1183}",3.8,6.1,236,WSW,1009.0,29.79,1.19,0.05,0.0,76,85,32.9,91.2,28.6,83.4,32.9,91.2,23.9,75.0,1,100,0,0,9.0,5.0,4.7,7.5,6.0
1735110000,2024-12-25 15:00,28.2,82.8,1,"{'text': 'Light rain shower', 'icon': '//cdn.weatherapi.com/weather/64x64/day/353.png', 'code': 1240}",3.8,6.1,267,W,1008.0,29.77,1.41,0.06,0.0,77,75,32.4,90.4,28.3,82.9,32.4,90.4,23.9,75.0,1,100,0,0,10.0,6.0,5.2,8.4,6.0
1735113600,2024-12-25 16:00,28.1,82.6,1,"{'text': 'Patchy light rain', 'icon': '//cdn.weatherapi.com/weather/64x64/day/293.png', 'code': 1180}",4.7,7.6,282,WNW,1007.0,29.75,1.17,0.05,0.0,78,66,32.2,90.0,28.1,82.6,32.2,90.0,23.9,75.0,1,100,0,0,9.0,5.0,6.2,10.0,6.0
1735117200,2024-12-25 17:00,27.8,82.0,1,"{'text': 'Light rain shower', 'icon': '//cdn.weatherapi.com/weather/64x64/day/353.png', 'code': 1240}",4.7,7.6,297,WNW,1007.0,29.74,1.67,0.07,0.0,80,56,31.9,89.4,27.8,82.0,31.9,89.4,24.0,75.3,1,100,0,0,10.0,6.0,8.2,13.2,6.0
1735120800,2024-12-25 18:00,26.9,80.4,1,"{'text': 'Patchy light rain', 'icon': '//cdn.weatherapi.com/weather/64x64/day/293.png', 'code': 1180}",4.0,6.5,307,NW,1008.0,29.76,1.6,0.06,0.0,86,83,30.9,87.6,26.9,80.5,30.9,87.6,24.4,75.8,1,100,0,0,9.0,5.0,6.1,9.9,6.0
1735124400,2024-12-25 19:00,25.5,77.8,1,"{'text': 'Light rain shower', 'icon': '//cdn.weatherapi.com/weather/64x64/day/353.png', 'code': 1240}",3.4,5.4,330,NNW,1009.0,29.78,1.37,0.05,0.0,91,54,28.6,83.4,25.5,77.8,28.6,83.4,23.8,74.8,1,100,0,0,10.0,6.0,6.6,10.6,6.0
1735128000,2024-12-25 20:00,24.8,76.7,0,"{'text': 'Patchy light drizzle', 'icon': '//cdn.weatherapi.com/weather/64x64/night/263.png', 'code': 1150}",3.1,5.0,348,NNW,1010.0,29.81,0.74,0.03,0.0,92,56,27.6,81.8,24.8,76.7,27.6,81.8,23.5,74.2,1,100,0,0,5.0,3.0,5.8,9.4,0.0
1735131600,2024-12-25 21:00,24.7,76.5,0,"{'text': 'Patchy rain possible', 'icon': '//cdn.weatherapi.com/weather/64x64/night/176.png', 'code': 1063}",2.5,4.0,359,N,1010.0,29.84,0.12,0.0,0.0,93,50,27.5,81.5,24.7,76.5,27.5,81.5,23.4,74.2,1,100,0,0,10.0,6.0,4.5,7.3,0.0
1735135200,2024-12-25 22:00,24.6,76.4,0,"{'text': 'Patchy rain possible', 'icon': '//cdn.weatherapi.com/weather/64x64/night/176.png', 'code': 1063}",2.0,3.2,350,N,1011.0,29.86,0.03,0.0,0.0,93,73,27.4,81.3,24.7,76.4,27.4,81.3,23.4,74.1,0,45,0,0,10.0,6.0,3.7,6.0,0.0
1735138800,2024-12-25 23:00,24.6,76.2,0,"{'text': 'Patchy rain possible', 'icon': '//cdn.weatherapi.com/weather/64x64/night/176.png', 'code': 1063}",1.8,2.9,0,N,1012.0,29.88,0.07,0.0,0.0,93,63,27.3,81.1,24.6,76.2,27.3,81.1,23.3,74.0,0,45,0,0,10.0,6.0,3.3,5.3,0.0
