time_epoch,time,temp_c,temp_f,is_day,condition,wind_mph,wind_kph,wind_degree,wind_dir,pressure_mb,pressure_in,precip_mm,precip_in,snow_cm,humidity,cloud,feelslike_c,feelslike_f,windchill_c,windchill_f,heatindex_c,heatindex_f,dewpoint_c,dewpoint_f,will_it_rain,chance_of_rain,will_it_snow,chance_of_snow,vis_km,vis_miles,gust_mph,gust_kph,uv
1734883200,2024-12-23 00:00,23.6,74.5,0,"{'text': 'Patchy rain possible', 'icon': '//cdn.weatherapi.com/weather/64x64/night/176.png', 'code': 1063}",2.2,3.6,177,S,1011.0,29.84,0.98,0.04,0.0,95,75,26.1,79.0,23.6,74.5,26.1,79.0,22.7,72.9,1,100,0,0,9.0,5.0,4.3,7.0,0.0
1734886800,2024-12-23 01:00,23.5,74.3,0,"{'text': 'Mist', 'icon': '//cdn.weatherapi.com/weather/64x64/night/143.png', 'code': 1030}",2.2,3.6,115,ESE,1010.0,29.84,0.0,0.0,0.0,94,36,26.0,78.7,23.5,74.3,26.0,78.7,22.6,72.6,0,0,0,0,2.0,1.0,4.3,6.9,0.0
1734890400,2024-12-23 02:00,23.4,74.1,0,"{'text': 'Mist', 'icon': '//cdn.weatherapi.com/weather/64x64/night/143.png', 'code': 1030}",2.5,4.0,113,ESE,1010.0,29.82,0.0,0.0,0.0,94,43,25.8,78.5,23.4,74.1,25.8,78.5,22.5,72.4,0,0,0,0,2.0,1.0,4.7,7.5,0.0
1734894000,2024-12-23 03:00,23.4,74.2,0,"{'text': 'Mist', 'icon': '//cdn.weatherapi.com/weather/64x64/night/143.png', 'code': 1030}",2.0,3.2,111,ESE,1009.0,29.8,0.0,0.0,0.0,94,100,25.9,78.5,23.4,74.2,25.9,78.5,22.5,72.4,0,0,0,0,2.0,1.0,3.7,5.9,0.0
1734897600,2024-12-23 04:00,23.5,74.2,0,"{'text': 'Partly cloudy', 'icon': '//cdn.weatherapi.com/weather/64x64/night/116.png', 'code': 1003}",2.2,3.6,109,ESE,1008.0,29.78,0.0,0.0,0.0,94,52,25.9,78.5,23.5,74.2,25.9,78.5,22.4,72.4,0,0,0,0,10.0,6.0,4.0,6.5,0.0
1734901200,2024-12-23 05:00,23.3,73.9,0,"{'text': 'Partly cloudy', 'icon': '//cdn.weatherapi.com/weather/64x64/night/116.png', 'code': 1003}",2.0,3.2,107,ESE,1008.0,29.78,0.0,0.0,0.0,94,42,25.7,78.2,23.3,73.9,25.7,78.2,22.3,72.1,0,0,0,0,10.0,6.0,3.8,6.0,0.0
1734904800,2024-12-23 06:00,23.2,73.8,0,"{'text': 'Partly cloudy', 'icon': '//cdn.weatherapi.com/weather/64x64/night/116.png', 'code': 1003}",2.0,3.2,96,E,1009.0,29.79,0.0,0.0,0.0,94,33,25.6,78.0,23.2,73.8,25.6,78.0,22.2,71.9,0,0,0,0,10.0,6.0,3.8,6.0,0.0
1734908400,2024-12-23 07:00,23.1,73.6,0,"{'text': 'Partly cloudy', 'icon': '//cdn.weatherapi.com/weather/64x64/night/116.png', 'code': 1003}",1.6,2.5,97,E,1009.0,29.8,0.0,0.0,0.0,94,35,25.5,77.8,23.1,73.6,25.5,77.8,22.1,71.7,0,0,0,0,10.0,6.0,2.9,4.7,0.0
1734912000,2024-12-23 08:00,23.8,74.8,1,"{'text': 'Partly cloudy', 'icon': '//cdn.weatherapi.com/weather/64x64/day/116.png', 'code': 1003}",1.8,2.9,99,E,1010.0,29.82,0.0,0.0,0.0,93,51,26.2,79.1,23.8,74.8,26.2,79.1,22.5,72.6,0,0,0,0,10.0,6.0,3.0,4.9,6.0
1734915600,2024-12-23 09:00,25.1,77.1,1,"{'text': 'Patchy rain possible', 'icon': '//cdn.weatherapi.com/weather/64x64/day/176.png', 'code': 1063}",2.2,3.6,102,ESE,1011.0,29.85,0.01,0.0,0.0,88,60,27.7,81.8,25.1,77.1,27.7,81.8,22.9,73.2,0,45,0,0,10.0,6.0,3.2,5.1,6.0
1734919200,2024-12-23 10:00,26.6,79.9,1,"{'text': 'Patchy light drizzle', 'icon': '//cdn.weatherapi.com/weather/64x64/day/263.png', 'code': 1150}",2.9,4.7,96,E,1011.0,29.85,0.17,0.01,0.0,82,85,29.8,85.6,26.6,79.9,29.8,85.6,23.3,73.9,1,100,0,0,5.0,3.0,3.7,6.0,6.0
1734922800,2024-12-23 11:00,28.4,83.0,1,"{'text': 'Patchy rain possible', 'icon': '//cdn.weatherapi.com/weather/64x64/day/176.png', 'code': 1063}",1.8,2.9,104,ESE,1010.0,29.84,0.22,0.01,0.0,74,80,32.2,90.0,28.4,83.0,32.2,90.0,23.4,74.1,1,100,0,0,9.0,5.0,2.1,3.4,6.0
1734926400,2024-12-23 12:00,29.5,85.1,1,"{'text': 'Patchy light rain', 'icon': '//cdn.weatherapi.com/weather/64x64/day/293.png', 'code': 1180}",1.3,2.2,179,S,1010.0,29.82,0.91,0.04,0.0,69,53,33.8,92.8,29.5,85.1,33.8,92.8,23.3,74.0,1,100,0,0,9.0,5.0,1.5,2.5,6.0
1734930000,2024-12-23 13:00,29.7,85.5,1,"{'text': 'Light rain shower', 'icon': '//cdn.weatherapi.com/weather/64x64/day/353.png', 'code': 1240}",3.8,6.1,223,SW,1009.0,29.79,0.4,0.02,0.0,69,61,34.1,93.3,29.7,85.5,34.1,93.3,23.3,74.0,1,100,0,0,10.0,6.0,4.9,7.8,6.0
1734933600,2024-12-23 14:00,29.2,84.5,1,"{'text': 'Patchy light drizzle', 'icon': '//cdn.weatherapi.com/weather/64x64/day/263.png', 'code': 1150}",5.4,8.6,233,SW,1008.0,29.76,0.68,0.03,0.0,73,82,33.8,92.8,29.2,84.5,33.8,92.8,23.9,75.0,1,100,0,0,5.0,3.0,6.6,10.6,6.0
1734937200,2024-12-23 15:00,28.8,83.8,1,"{'text': 'Light rain shower', 'icon': '//cdn.weatherapi.com/weather/64x64/day/353.png', 'code': 1240}",5.8,9.4,235,SW,1007.0,29.72,0.36,0.01,0.0,76,58,33.4,92.1,28.8,83.8,33.4,92.1,24.1,75.4,1,100,0,0,10.0,6.0,7.3,11.8,6.0
1734940800,2024-12-23 16:00,28.9,83.9,1,"{'text': 'Patchy light drizzle', 'icon': '//cdn.weatherapi.com/weather/64x64/day/263.png', 'code': 1150}",5.6,9.0,227,SW,1006.0,29.7,0.75,0.03,0.0,75,68,33.4,92.1,28.9,83.9,33.4,92.1,24.0,75.2,1,100,0,0,5.0,3.0,7.2,11.6,6.0
1734944400,2024-12-23 17:00,28.3,83.0,1,"{'text': 'Light rain shower', 'icon': '//cdn.weatherapi.com/weather/64x64/day/353.png', 'code': 1240}",5.4,8.6,223,SW,1006.0,29.7,0.6,0.02,0.0,78,54,32.7,90.8,28.4,83.0,32.7,90.8,24.0,75.3,1,100,0,0,10.0,6.0,7.7,12.4,6.0
1734948000,2024-12-23 18:00,27.5,81.5,1,"{'text': 'Patchy rain possible', 'icon': '//cdn.weatherapi.com/weather/64x64/day/176.png', 'code': 1063}",3.6,5.8,225,SW,1006.0,29.71,0.71,0.03,0.0,83,82,31.8,89.2,27.5,81.5,31.8,89.2,24.4,76.0,1,100,0,0,9.0,5.0,5.2,8.4,6.0
1734951600,2024-12-23 19:00,25.9,78.7,1,"{'text': 'Patchy rain possible', 'icon': '//cdn.weatherapi.com/weather/64x64/day/176.png', 'code': 1063}",1.6,2.5,226,SW,1007.0,29.74,0.67,0.03,0.0,89,86,29.3,84.8,25.9,78.7,29.3,84.8,24.0,75.3,1,100,0,0,9.0,5.0,2.8,4.4,6.0
1734955200,2024-12-23 20:00,24.9,76.8,0,"{'text': 'Patchy rain possible', 'icon': '//cdn.weatherapi.com/weather/64x64/night/176.png', 'code': 1063}",1.3,2.2,216,SW,1008.0,29.77,1.11,0.04,0.0,92,78,27.8,82.0,24.9,76.9,27.8,82.0,23.5,74.4,1,100,0,0,9.0,5.0,2.6,4.2,0.0
1734958800,2024-12-23 21:00,24.7,76.4,0,"{'text': 'Patchy rain possible', 'icon': '//cdn.weatherapi.com/weather/64x64/night/176.png', 'code': 1063}",1.1,1.8,161,SSE,1009.0,29.81,0.33,0.01,0.0,93,87,27.5,81.4,24.7,76.4,27.5,81.4,23.4,74.2,1,100,0,0,9.0,5.0,2.1,3.4,0.0
1734962400,2024-12-23 22:00,24.5,76.1,0,"{'text': 'Patchy rain possible', 'icon': '//cdn.weatherapi.com/weather/64x64/night/176.png', 'code': 1063}",1.3,2.2,120,ESE,1010.0,29.83,0.07,0.0,0.0,93,55,27.2,81.0,24.5,76.1,27.2,81.0,23.3,74.0,0,45,0,0,10.0,6.0,2.6,4.1,0.0
1734966000,2024-12-23 23:00,24.3,75.8,0,"{'text': 'Patchy rain possible', 'icon': '//cdn.weatherapi.com/weather/64x64/night/176.png', 'code': 1063}",2.2,3.6,100,E,1010.0,29.82,0.17,0.01,0.0,94,72,27.0,80.5,24.3,75.8,27.0,80.5,23.2,73.8,1,100,0,0,9.0,5.0,4.2,6.8,0.0
