time_epoch,time,temp_c,temp_f,is_day,condition,wind_mph,wind_kph,wind_degree,wind_dir,pressure_mb,pressure_in,precip_mm,precip_in,snow_cm,humidity,cloud,feelslike_c,feelslike_f,windchill_c,windchill_f,heatindex_c,heatindex_f,dewpoint_c,dewpoint_f,will_it_rain,chance_of_rain,will_it_snow,chance_of_snow,vis_km,vis_miles,gust_mph,gust_kph,uv
1735142400,2024-12-26 00:00,24.1,75.4,0,"{'text': 'Patchy light rain', 'icon': '//cdn.weatherapi.com/weather/64x64/night/293.png', 'code': 1180}",2.5,4.0,350,N,1011.0,29.87,0.9,0.04,0.0,94,62,26.8,80.2,24.1,75.5,26.8,80.2,23.2,73.7,1,100,0,0,9.0,5.0,4.5,7.2,0.0
1735146000,2024-12-26 01:00,24.0,75.2,0,"{'text': 'Light rain shower', 'icon': '//cdn.weatherapi.com/weather/64x64/night/353.png', 'code': 1240}",2.7,4.3,334,NNW,1011.0,29.86,0.92,0.04,0.0,94,92,26.6,79.8,24.0,75.2,26.6,79.8,23.0,73.5,1,100,0,0,10.0,6.0,4.9,8.0,0.0
1735149600,2024-12-26 02:00,23.8,74.9,0,"{'text': 'Light rain', 'icon': '//cdn.weatherapi.com/weather/64x64/night/296.png', 'code': 1183}",2.7,4.3,326,NNW,1011.0,29.85,0.91,0.04,0.0,95,100,26.4,79.5,23.8,74.9,26.4,79.5,23.0,73.3,1,100,0,0,9.0,5.0,4.9,8.0,0.0
1735153200,2024-12-26 03:00,23.6,74.5,0,"{'text': 'Light rain shower', 'icon': '//cdn.weatherapi.com/weather/64x64/night/353.png', 'code': 1240}",2.5,4.0,338,NNW,1011.0,29.84,1.21,0.05,0.0,96,100,26.1,79.0,23.6,74.5,26.1,79.0,22.9,73.2,1,100,0,0,10.0,6.0,4.5,7.2,0.0
1735156800,2024-12-26 04:00,23.4,74.2,0,"{'text': 'Light rain', 'icon': '//cdn.weatherapi.com/weather/64x64/night/296.png', 'code': 1183}",2.0,3.2,350,N,1010.0,29.83,1.53,0.06,0.0,96,100,26.0,78.7,23.5,74.2,26.0,78.7,22.8,73.1,1,100,0,0,9.0,5.0,3.5,5.7,0.0
1735160400,2024-12-26 05:00,23.3,73.9,0,"{'text': 'Light rain shower', 'icon': '//cdn.weatherapi.com/weather/64x64/night/353.png', 'code': 1240}",1.6,2.5,28,NNE,1010.0,29.83,1.59,0.06,0.0,97,100,25.8,78.4,23.3,73.9,25.8,78.4,22.8,73.0,1,100,0,0,10.0,6.0,2.7,4.3,0.0
1735164000,2024-12-26 06:00,23.3,73.9,0,"{'text': 'Light rain shower', 'icon': '//cdn.weatherapi.com/weather/64x64/night/353.png', 'code': 1240}",1.8,2.9,72,ENE,1011.0,29.85,0.61,0.02,0.0,97,92,25.8,78.4,23.3,73.9,25.8,78.4,22.7,72.9,1,100,0,0,10.0,6.0,3.1,4.9,0.0
1735167600,2024-12-26 07:00,23.4,74.1,0,"{'text': 'Light rain shower', 'icon': '//cdn.weatherapi.com/weather/64x64/night/353.png', 'code': 1240}",2.7,4.3,83,E,1011.0,29.86,0.41,0.02,0.0,96,77,25.9,78.5,23.4,74.1,25.9,78.5,22.7,72.9,1,100,0,0,10.0,6.0,4.7,7.6,0.0
1735171200,2024-12-26 08:00,23.6,74.5,1,"{'text': 'Mist', 'icon': '//cdn.weatherapi.com/weather/64x64/day/143.png', 'code': 1030}",2.9,4.7,86,E,1012.0,29.89,0.03,0.0,0.0,95,66,26.1,79.0,23.6,74.5,26.1,79.0,22.8,73.1,0,45,0,0,2.0,1.0,4.9,7.9,5.0
1735174800,2024-12-26 09:00,24.4,75.9,1,"{'text': 'Patchy rain possible', 'icon': '//cdn.weatherapi.com/weather/64x64/day/176.png', 'code': 1063}",3.1,5.0,88,E,1013.0,29.91,0.07,0.0,0.0,92,54,26.9,80.5,24.4,75.9,26.9,80.5,23.0,73.4,0,45,0,0,10.0,6.0,4.7,7.6,5.0
1735178400,2024-12-26 10:00,25.7,78.2,1,"{'text': 'Patchy rain possible', 'icon': '//cdn.weatherapi.com/weather/64x64/day/176.png', 'code': 1063}",3.1,5.0,87,E,1013.0,29.92,0.08,0.0,0.0,86,74,28.6,83.4,25.7,78.2,28.6,83.4,23.2,73.8,0,45,0,0,10.0,6.0,4.2,6.8,6.0
1735182000,2024-12-26 11:00,27.1,80.7,1,"{'text': 'Light rain shower', 'icon': '//cdn.weatherapi.com/weather/64x64/day/353.png', 'code': 1240}",2.7,4.3,92,E,1013.0,29.92,0.84,0.03,0.0,81,70,30.5,87.0,27.1,80.7,30.5,87.0,23.6,74.4,1,100,0,0,10.0,6.0,3.3,5.4,6.0
1735185600,2024-12-26 12:00,28.3,82.9,1,"{'text': 'Patchy rain possible', 'icon': '//cdn.weatherapi.com/weather/64x64/day/176.png', 'code': 1063}",0.4,0.7,90,E,1013.0,29.9,0.73,0.03,0.0,77,70,32.3,90.2,28.3,82.9,32.3,90.2,23.8,74.8,1,100,0,0,9.0,5.0,0.5,0.9,6.0
1735189200,2024-12-26 13:00,28.9,84.0,1,"{'text': 'Light rain shower', 'icon': '//cdn.weatherapi.com/weather/64x64/day/353.png', 'code': 1240}",1.8,2.9,256,WSW,1012.0,29.88,0.87,0.03,0.0,73,64,33.1,91.7,28.9,84.0,33.1,91.7,23.6,74.5,1,100,0,0,10.0,6.0,2.6,4.2,6.0
1735192800,2024-12-26 14:00,28.6,83.5,1,"{'text': 'Patchy light rain', 'icon': '//cdn.weatherapi.com/weather/64x64/day/293.png', 'code': 1180}",3.6,5.8,261,W,1011.0,29.85,1.06,0.04,0.0,74,70,32.8,91.0,28.6,83.5,32.8,91.0,23.6,74.5,1,100,0,0,9.0,5.0,4.4,7.1,6.0
1735196400,2024-12-26 15:00,28.4,83.1,1,"{'text': 'Light rain shower', 'icon': '//cdn.weatherapi.com/weather/64x64/day/353.png', 'code': 1240}",4.3,6.8,268,W,1010.0,29.82,0.7,0.03,0.0,76,75,32.5,90.5,28.4,83.1,32.5,90.5,23.8,74.8,1,100,0,0,10.0,6.0,5.4,8.7,6.0
1735200000,2024-12-26 16:00,28.3,82.9,1,"{'text': 'Patchy light drizzle', 'icon': '//cdn.weatherapi.com/weather/64x64/day/263.png', 'code': 1150}",4.3,6.8,268,W,1009.0,29.8,0.7,0.03,0.0,76,72,32.3,90.2,28.3,82.9,32.3,90.2,23.7,74.6,1,100,0,0,5.0,3.0,5.6,9.0,6.0
1735203600,2024-12-26 17:00,28.2,82.8,1,"{'text': 'Light rain shower', 'icon': '//cdn.weatherapi.com/weather/64x64/day/353.png', 'code': 1240}",3.6,5.8,264,W,1009.0,29.79,0.28,0.01,0.0,76,75,32.1,89.8,28.2,82.8,32.1,89.8,23.5,74.3,1,100,0,0,10.0,6.0,5.2,8.4,6.0
1735207200,2024-12-26 18:00,27.3,81.2,1,"{'text': 'Patchy light drizzle', 'icon': '//cdn.weatherapi.com/weather/64x64/day/263.png', 'code': 1150}",2.7,4.3,249,WSW,1009.0,29.8,0.55,0.02,0.0,83,60,31.4,88.4,27.3,81.2,31.4,88.4,24.2,75.6,1,100,0,0,5.0,3.0,4.0,6.5,6.0
1735210800,2024-12-26 19:00,25.8,78.5,1,"{'text': 'Light rain shower', 'icon': '//cdn.weatherapi.com/weather/64x64/day/353.png', 'code': 1240}",2.2,3.6,241,WSW,1010.0,29.82,0.23,0.01,0.0,88,52,29.0,84.2,25.8,78.5,29.0,84.2,23.7,74.7,1,100,0,0,10.0,6.0,4.0,6.4,6.0
1735214400,2024-12-26 20:00,25.3,77.5,0,"{'text': 'Patchy rain possible', 'icon': '//cdn.weatherapi.com/weather/64x64/night/176.png', 'code': 1063}",0.9,1.4,228,SW,1011.0,29.85,0.11,0.0,0.0,90,51,28.2,82.8,25.3,77.5,28.2,82.8,23.5,74.2,1,100,0,0,10.0,6.0,1.7,2.7,0.0
1735218000,2024-12-26 21:00,25.1,77.1,0,"{'text': 'Light rain shower', 'icon': '//cdn.weatherapi.com/weather/64x64/night/353.png', 'code': 1240}",0.7,1.1,125,SE,1012.0,29.88,0.25,0.01,0.0,90,56,27.9,82.3,25.1,77.1,27.9,82.3,23.4,74.1,1,100,0,0,10.0,6.0,1.2,2.0,0.0
1735221600,2024-12-26 22:00,24.9,76.9,0,"{'text': 'Patchy light drizzle', 'icon': '//cdn.weatherapi.com/weather/64x64/night/263.png', 'code': 1150}",1.6,2.5,126,SE,1013.0,29.9,0.43,0.02,0.0,91,85,27.7,81.9,24.9,76.9,27.7,81.9,23.4,74.1,1,100,0,0,5.0,3.0,2.9,4.6,0.0
1735225200,2024-12-26 23:00,24.7,76.4,0,"{'text': 'Light rain shower', 'icon': '//cdn.weatherapi.com/weather/64x64/night/353.png', 'code': 1240}",1.8,2.9,145,SE,1013.0,29.9,0.93,0.04,0.0,92,73,27.4,81.3,24.7,76.4,27.4,81.3,23.3,74.0,1,100,0,0,10.0,6.0,3.3,5.3,0.0
