time_epoch,time,temp_c,temp_f,is_day,condition,wind_mph,wind_kph,wind_degree,wind_dir,pressure_mb,pressure_in,precip_mm,precip_in,snow_cm,humidity,cloud,feelslike_c,feelslike_f,windchill_c,windchill_f,heatindex_c,heatindex_f,dewpoint_c,dewpoint_f,will_it_rain,chance_of_rain,will_it_snow,chance_of_snow,vis_km,vis_miles,gust_mph,gust_kph,uv
1734969600,2024-12-24 00:00,23.9,75.0,0,"{'text': 'Light rain', 'icon': '//cdn.weatherapi.com/weather/64x64/night/296.png', 'code': 1183}",3.1,5.0,163,SSE,1011.0,29.84,1.27,0.05,0.0,95,100,26.4,79.6,23.9,75.0,26.4,79.6,23.0,73.4,1,100,0,0,9.0,5.0,5.8,9.4,0.0
1734973200,2024-12-24 01:00,23.6,74.4,0,"{'text': 'Light rain shower', 'icon': '//cdn.weatherapi.com/weather/64x64/night/353.png', 'code': 1240}",2.5,4.0,198,SSW,1010.0,29.83,2.42,0.1,0.0,97,55,26.1,79.0,23.6,74.4,26.1,79.0,23.0,73.4,1,100,0,0,10.0,6.0,4.5,7.2,0.0
1734976800,2024-12-24 02:00,23.6,74.5,0,"{'text': 'Light rain', 'icon': '//cdn.weatherapi.com/weather/64x64/night/296.png', 'code': 1183}",0.4,0.7,198,SSW,1010.0,29.82,1.26,0.05,0.0,97,100,26.2,79.1,23.6,74.5,26.2,79.1,23.1,73.5,1,100,0,0,9.0,5.0,0.8,1.3,0.0
1734980400,2024-12-24 03:00,23.8,74.9,0,"{'text': 'Light rain shower', 'icon': '//cdn.weatherapi.com/weather/64x64/night/353.png', 'code': 1240}",3.1,5.0,87,E,1009.0,29.79,0.37,0.01,0.0,95,91,26.4,79.6,23.8,74.9,26.4,79.6,23.1,73.5,1,100,0,0,10.0,6.0,5.9,9.5,0.0
1734984000,2024-12-24 04:00,23.9,75.0,0,"{'text': 'Mist', 'icon': '//cdn.weatherapi.com/weather/64x64/night/143.png', 'code': 1030}",4.3,6.8,94,E,1008.0,29.76,0.0,0.0,0.0,95,74,26.4,79.6,23.9,75.0,26.4,79.6,23.0,73.4,0,45,0,0,2.0,1.0,8.0,12.8,0.0
1734987600,2024-12-24 05:00,23.9,75.0,0,"{'text': 'Mist', 'icon': '//cdn.weatherapi.com/weather/64x64/night/143.png', 'code': 1030}",2.9,4.7,115,ESE,1008.0,29.76,0.0,0.0,0.0,95,60,26.4,79.5,23.9,75.0,26.4,79.5,23.0,73.3,0,0,0,0,2.0,1.0,5.3,8.6,0.0
1734991200,2024-12-24 06:00,23.8,74.9,0,"{'text': 'Mist', 'icon': '//cdn.weatherapi.com/weather/64x64/night/143.png', 'code': 1030}",2.7,4.3,138,SE,1008.0,29.77,0.0,0.0,0.0,95,73,26.3,79.4,23.8,74.9,26.3,79.4,22.9,73.2,0,45,0,0,2.0,1.0,4.9,7.8,0.0
1734994800,2024-12-24 07:00,23.7,74.7,0,"{'text': 'Mist', 'icon': '//cdn.weatherapi.com/weather/64x64/night/143.png', 'code': 1030}",3.6,5.8,111,ESE,1008.0,29.78,0.0,0.0,0.0,95,74,26.2,79.2,23.7,74.7,26.2,79.2,22.9,73.1,0,45,0,0,2.0,1.0,6.5,10.5,0.0
1734998400,2024-12-24 08:00,24.0,75.2,1,"{'text': 'Mist', 'icon': '//cdn.weatherapi.com/weather/64x64/day/143.png', 'code': 1030}",3.4,5.4,126,SE,1009.0,29.79,0.0,0.0,0.0,95,76,26.6,79.8,24.0,75.1,26.6,79.8,23.1,73.5,0,45,0,0,2.0,1.0,5.9,9.5,5.0
1735002000,2024-12-24 09:00,24.5,76.1,1,"{'text': 'Cloudy', 'icon': '//cdn.weatherapi.com/weather/64x64/day/119.png', 'code': 1006}",2.9,4.7,136,SE,1010.0,29.82,0.0,0.0,0.0,93,81,27.2,81.0,24.5,76.1,27.2,81.0,23.3,73.9,0,0,0,0,10.0,6.0,4.8,7.7,5.0
1735005600,2024-12-24 10:00,25.0,77.0,1,"{'text': 'Cloudy', 'icon': '//cdn.weatherapi.com/weather/64x64/day/119.png', 'code': 1006}",2.9,4.7,135,SE,1010.0,29.83,0.0,0.0,0.0,92,80,27.9,82.2,25.0,77.0,27.9,82.2,23.6,74.4,0,0,0,0,10.0,6.0,4.5,7.3,5.0
1735009200,2024-12-24 11:00,25.4,77.8,1,"{'text': 'Cloudy', 'icon': '//cdn.weatherapi.com/weather/64x64/day/119.png', 'code': 1006}",2.7,4.3,133,SE,1010.0,29.83,0.0,0.0,0.0,90,79,28.5,83.2,25.4,77.8,28.5,83.2,23.6,74.5,0,0,0,0,10.0,6.0,4.0,6.4,6.0
1735012800,2024-12-24 12:00,26.4,79.6,1,"{'text': 'Partly cloudy', 'icon': '//cdn.weatherapi.com/weather/64x64/day/116.png', 'code': 1003}",3.4,5.4,119,ESE,1009.0,29.81,0.0,0.0,0.0,86,36,29.8,85.7,26.4,79.6,29.8,85.7,23.8,74.9,0,0,0,0,10.0,6.0,4.7,7.5,7.0
1735016400,2024-12-24 13:00,27.8,82.0,1,"{'text': 'Patchy rain possible', 'icon': '//cdn.weatherapi.com/weather/64x64/day/176.png', 'code': 1063}",3.8,6.1,108,ESE,1009.0,29.79,0.01,0.0,0.0,77,71,31.5,88.6,27.8,82.0,31.5,88.6,23.4,74.2,0,45,0,0,10.0,6.0,4.8,7.8,6.0
1735020000,2024-12-24 14:00,29.0,84.2,1,"{'text': 'Patchy rain possible', 'icon': '//cdn.weatherapi.com/weather/64x64/day/176.png', 'code': 1063}",3.1,5.0,126,SE,1008.0,29.76,0.02,0.0,0.0,70,52,32.9,91.1,29.0,84.2,32.9,91.1,23.1,73.5,0,45,0,0,10.0,6.0,3.8,6.1,6.0
1735023600,2024-12-24 15:00,29.6,85.2,1,"{'text': 'Patchy rain possible', 'icon': '//cdn.weatherapi.com/weather/64x64/day/176.png', 'code': 1063}",2.0,3.2,165,SSE,1007.0,29.73,0.01,0.0,0.0,67,52,33.5,92.3,29.6,85.2,33.5,92.3,22.8,73.0,0,45,0,0,10.0,6.0,2.5,4.0,6.0
1735027200,2024-12-24 16:00,29.2,84.5,1,"{'text': 'Patchy light drizzle', 'icon': '//cdn.weatherapi.com/weather/64x64/day/263.png', 'code': 1150}",2.5,4.0,219,SW,1006.0,29.7,0.47,0.02,0.0,71,80,33.3,92.0,29.2,84.5,33.3,92.0,23.3,74.0,1,100,0,0,5.0,3.0,3.4,5.4,6.0
1735030800,2024-12-24 17:00,28.2,82.8,1,"{'text': 'Patchy rain possible', 'icon': '//cdn.weatherapi.com/weather/64x64/day/176.png', 'code': 1063}",2.7,4.3,225,SW,1006.0,29.71,0.77,0.03,0.0,79,81,32.7,90.9,28.2,82.8,32.7,90.9,24.3,75.8,1,100,0,0,9.0,5.0,3.9,6.3,6.0
1735034400,2024-12-24 18:00,27.6,81.7,1,"{'text': 'Patchy rain possible', 'icon': '//cdn.weatherapi.com/weather/64x64/day/176.png', 'code': 1063}",2.7,4.3,217,SW,1007.0,29.74,0.83,0.03,0.0,83,77,32.0,89.6,27.6,81.7,32.0,89.6,24.5,76.2,1,100,0,0,9.0,5.0,4.1,6.6,6.0
1735038000,2024-12-24 19:00,25.9,78.6,1,"{'text': 'Patchy rain possible', 'icon': '//cdn.weatherapi.com/weather/64x64/day/176.png', 'code': 1063}",2.9,4.7,190,S,1008.0,29.77,0.71,0.03,0.0,88,82,29.1,84.4,25.9,78.6,29.1,84.4,23.8,74.8,1,100,0,0,9.0,5.0,5.4,8.6,6.0
1735041600,2024-12-24 20:00,24.9,76.9,0,"{'text': 'Patchy rain possible', 'icon': '//cdn.weatherapi.com/weather/64x64/night/176.png', 'code': 1063}",3.4,5.4,156,SSE,1009.0,29.79,0.65,0.03,0.0,91,88,27.7,81.9,24.9,76.9,27.7,81.9,23.3,74.0,1,100,0,0,9.0,5.0,6.5,10.5,0.0
1735045200,2024-12-24 21:00,24.5,76.1,0,"{'text': 'Light rain shower', 'icon': '//cdn.weatherapi.com/weather/64x64/night/353.png', 'code': 1240}",2.5,4.0,166,SSE,1010.0,29.83,0.73,0.03,0.0,91,86,27.1,80.8,24.5,76.1,27.1,80.8,23.0,73.4,1,100,0,0,10.0,6.0,4.9,7.8,0.0
1735048800,2024-12-24 22:00,24.5,76.2,0,"{'text': 'Light drizzle', 'icon': '//cdn.weatherapi.com/weather/64x64/night/266.png', 'code': 1153}",2.5,4.0,146,SSE,1011.0,29.85,0.29,0.01,0.0,90,100,27.1,80.7,24.6,76.2,27.1,80.7,22.8,73.1,1,100,0,0,2.0,1.0,4.8,7.8,0.0
1735052400,2024-12-24 23:00,24.7,76.5,0,"{'text': 'Patchy rain possible', 'icon': '//cdn.weatherapi.com/weather/64x64/night/176.png', 'code': 1063}",2.5,4.0,132,SE,1011.0,29.85,0.09,0.0,0.0,89,100,27.2,81.0,24.7,76.5,27.2,81.0,22.7,72.9,1,100,0,0,10.0,6.0,4.7,7.6,0.0
