time_epoch,time,temp_c,temp_f,is_day,condition,wind_mph,wind_kph,wind_degree,wind_dir,pressure_mb,pressure_in,precip_mm,precip_in,snow_cm,humidity,cloud,feelslike_c,feelslike_f,windchill_c,windchill_f,heatindex_c,heatindex_f,dewpoint_c,dewpoint_f,will_it_rain,chance_of_rain,will_it_snow,chance_of_snow,vis_km,vis_miles,gust_mph,gust_kph,uv
1735488000,2024-12-30 00:00,24.1,75.4,0,"{'text': 'Mist', 'icon': '//cdn.weatherapi.com/weather/64x64/night/143.png', 'code': 1030}",1.6,2.5,41,NE,1012.0,29.88,0.0,0.0,0.0,94,49,26.8,80.2,24.1,75.5,26.8,80.2,23.2,73.7,0,0,0,0,2.0,1.0,2.9,4.7,0.0
1735491600,2024-12-30 01:00,24.1,75.4,0,"{'text': 'Partly cloudy', 'icon': '//cdn.weatherapi.com/weather/64x64/night/116.png', 'code': 1003}",1.6,2.5,61,ENE,1012.0,29.87,0.0,0.0,0.0,94,47,26.7,80.0,24.1,75.4,26.7,80.0,23.1,73.5,0,0,0,0,10.0,6.0,2.9,4.7,0.0
1735495200,2024-12-30 02:00,24.0,75.1,0,"{'text': 'Partly cloudy', 'icon': '//cdn.weatherapi.com/weather/64x64/night/116.png', 'code': 1003}",1.6,2.5,63,ENE,1011.0,29.85,0.0,0.0,0.0,94,48,26.5,79.7,24.0,75.1,26.5,79.7,22.9,73.2,0,0,0,0,10.0,6.0,2.9,4.7,0.0
1735498800,2024-12-30 03:00,23.8,74.8,0,"{'text': 'Partly cloudy', 'icon': '//cdn.weatherapi.com/weather/64x64/night/116.png', 'code': 1003}",2.0,3.2,75,ENE,1011.0,29.84,0.0,0.0,0.0,94,50,26.3,79.3,23.8,74.8,26.3,79.3,22.7,72.9,0,0,0,0,10.0,6.0,3.7,6.0,0.0
1735502400,2024-12-30 04:00,23.6,74.5,0,"{'text': 'Partly cloudy', 'icon': '//cdn.weatherapi.com/weather/64x64/night/116.png', 'code': 1003}",2.2,3.6,76,ENE,1010.0,29.83,0.0,0.0,0.0,94,52,26.1,78.9,23.6,74.6,26.1,78.9,22.6,72.7,0,45,0,0,10.0,6.0,4.2,6.7,0.0
1735506000,2024-12-30 05:00,23.5,74.3,0,"{'text': 'Partly cloudy', 'icon': '//cdn.weatherapi.com/weather/64x64/night/116.png', 'code': 1003}",2.2,3.6,68,ENE,1010.0,29.83,0.0,0.0,0.0,94,61,25.9,78.6,23.5,74.3,25.9,78.6,22.5,72.4,0,0,0,0,10.0,6.0,4.2,6.7,0.0
1735509600,2024-12-30 06:00,23.4,74.1,0,"{'text': 'Cloudy', 'icon': '//cdn.weatherapi.com/weather/64x64/night/119.png', 'code': 1006}",2.7,4.3,60,ENE,1011.0,29.84,0.0,0.0,0.0,94,63,25.8,78.4,23.4,74.1,25.8,78.4,22.3,72.2,0,0,0,0,10.0,6.0,5.1,8.1,0.0
1735513200,2024-12-30 07:00,23.3,74.0,0,"{'text': 'Partly cloudy', 'icon': '//cdn.weatherapi.com/weather/64x64/night/116.png', 'code': 1003}",2.5,4.0,65,ENE,1011.0,29.86,0.0,0.0,0.0,93,60,25.7,78.3,23.3,74.0,25.7,78.3,22.2,72.0,0,0,0,0,10.0,6.0,4.7,7.5,0.0
1735516800,2024-12-30 08:00,23.9,75.0,1,"{'text': 'Partly cloudy', 'icon': '//cdn.weatherapi.com/weather/64x64/day/116.png', 'code': 1003}",2.2,3.6,53,NE,1012.0,29.88,0.0,0.0,0.0,92,56,26.3,79.4,23.9,75.1,26.3,79.4,22.5,72.6,0,0,0,0,10.0,6.0,3.9,6.3,6.0
1735520400,2024-12-30 09:00,25.3,77.5,1,"{'text': 'Partly cloudy', 'icon': '//cdn.weatherapi.com/weather/64x64/day/116.png', 'code': 1003}",2.0,3.2,64,ENE,1013.0,29.91,0.0,0.0,0.0,86,45,27.9,82.2,25.3,77.5,27.9,82.2,22.8,73.0,0,0,0,0,10.0,6.0,3.0,4.8,7.0
1735524000,2024-12-30 10:00,26.8,80.2,1,"{'text': 'Patchy light drizzle', 'icon': '//cdn.weatherapi.com/weather/64x64/day/263.png', 'code': 1150}",2.0,3.2,52,NE,1013.0,29.92,0.23,0.01,0.0,80,61,29.9,85.7,26.8,80.2,29.9,85.7,23.0,73.4,1,100,0,0,5.0,3.0,2.6,4.2,6.0
1735527600,2024-12-30 11:00,28.7,83.7,1,"{'text': 'Patchy rain possible', 'icon': '//cdn.weatherapi.com/weather/64x64/day/176.png', 'code': 1063}",0.9,1.4,336,NNW,1013.0,29.91,0.13,0.01,0.0,72,54,32.5,90.5,28.7,83.7,32.5,90.5,23.1,73.6,1,100,0,0,10.0,6.0,1.1,1.7,6.0
1735531200,2024-12-30 12:00,30.2,86.3,1,"{'text': 'Patchy rain possible', 'icon': '//cdn.weatherapi.com/weather/64x64/day/176.png', 'code': 1063}",1.8,2.9,286,WNW,1012.0,29.88,0.15,0.01,0.0,66,77,34.5,94.1,30.2,86.3,34.5,94.1,23.0,73.4,1,100,0,0,10.0,6.0,2.1,3.3,7.0
1735534800,2024-12-30 13:00,30.8,87.4,1,"{'text': 'Light rain shower', 'icon': '//cdn.weatherapi.com/weather/64x64/day/353.png', 'code': 1240}",2.9,4.7,282,WNW,1011.0,29.85,0.18,0.01,0.0,63,62,35.2,95.4,30.8,87.4,35.2,95.4,22.9,73.3,1,100,0,0,10.0,6.0,3.7,5.9,7.0
1735538400,2024-12-30 14:00,31.1,88.0,1,"{'text': 'Light drizzle', 'icon': '//cdn.weatherapi.com/weather/64x64/day/266.png', 'code': 1153}",3.4,5.4,281,WNW,1010.0,29.81,0.27,0.01,0.0,62,83,35.7,96.2,31.1,88.0,35.7,96.2,22.9,73.2,1,100,0,0,2.0,1.0,3.9,6.2,7.0
1735542000,2024-12-30 15:00,29.6,85.4,1,"{'text': 'Light rain shower', 'icon': '//cdn.weatherapi.com/weather/64x64/day/353.png', 'code': 1240}",4.9,7.9,255,WSW,1009.0,29.79,0.96,0.04,0.0,70,100,34.3,93.7,29.7,85.4,34.3,93.7,23.7,74.6,1,100,0,0,10.0,6.0,6.6,10.7,6.0
1735545600,2024-12-30 16:00,28.0,82.3,1,"{'text': 'Light rain', 'icon': '//cdn.weatherapi.com/weather/64x64/day/296.png', 'code': 1183}",5.1,8.3,248,WSW,1008.0,29.77,0.92,0.04,0.0,81,96,32.3,90.2,28.0,82.3,32.3,90.2,24.3,75.8,1,100,0,0,9.0,5.0,7.5,12.1,6.0
1735549200,2024-12-30 17:00,27.3,81.2,1,"{'text': 'Light rain shower', 'icon': '//cdn.weatherapi.com/weather/64x64/day/353.png', 'code': 1240}",3.8,6.1,256,WSW,1008.0,29.77,1.34,0.05,0.0,82,82,31.2,88.2,27.3,81.2,31.2,88.2,24.0,75.3,1,100,0,0,10.0,6.0,6.0,9.7,6.0
1735552800,2024-12-30 18:00,26.7,80.1,1,"{'text': 'Light rain', 'icon': '//cdn.weatherapi.com/weather/64x64/day/296.png', 'code': 1183}",2.2,3.6,278,W,1009.0,29.78,1.48,0.06,0.0,86,83,30.5,86.8,26.8,80.2,30.5,86.8,24.1,75.4,1,100,0,0,9.0,5.0,3.5,5.7,6.0
1735556400,2024-12-30 19:00,25.7,78.2,1,"{'text': 'Light rain shower', 'icon': '//cdn.weatherapi.com/weather/64x64/day/353.png', 'code': 1240}",1.8,2.9,317,NW,1009.0,29.81,1.77,0.07,0.0,89,92,28.8,83.9,25.7,78.2,28.8,83.9,23.8,74.8,1,100,0,0,10.0,6.0,3.4,5.5,6.0
1735560000,2024-12-30 20:00,24.8,76.6,0,"{'text': 'Light rain', 'icon': '//cdn.weatherapi.com/weather/64x64/night/296.png', 'code': 1183}",2.0,3.2,333,NNW,1010.0,29.84,1.89,0.07,0.0,92,83,27.6,81.7,24.8,76.6,27.6,81.7,23.4,74.2,1,100,0,0,9.0,5.0,3.8,6.1,0.0
1735563600,2024-12-30 21:00,24.5,76.1,0,"{'text': 'Light rain shower', 'icon': '//cdn.weatherapi.com/weather/64x64/night/353.png', 'code': 1240}",0.9,1.4,356,N,1012.0,29.87,2.08,0.08,0.0,94,64,27.3,81.1,24.5,76.1,27.3,81.1,23.4,74.2,1,100,0,0,10.0,6.0,1.7,2.7,0.0
1735567200,2024-12-30 22:00,24.2,75.6,0,"{'text': 'Patchy light rain', 'icon': '//cdn.weatherapi.com/weather/64x64/night/293.png', 'code': 1180}",0.4,0.7,39,NE,1012.0,29.89,2.29,0.09,0.0,95,52,26.9,80.5,24.2,75.6,26.9,80.5,23.3,74.0,1,100,0,0,9.0,5.0,0.9,1.4,0.0
1735570800,2024-12-30 23:00,23.9,75.1,0,"{'text': 'Moderate or heavy rain shower', 'icon': '//cdn.weatherapi.com/weather/64x64/night/356.png', 'code': 1243}",1.1,1.8,50,NE,1013.0,29.9,2.56,0.1,0.0,96,82,26.5,79.8,23.9,75.1,26.5,79.8,23.2,73.7,1,100,0,0,7.0,4.0,2.2,3.5,0.0
