time_epoch,time,temp_c,temp_f,is_day,condition,wind_mph,wind_kph,wind_degree,wind_dir,pressure_mb,pressure_in,precip_mm,precip_in,snow_cm,humidity,cloud,feelslike_c,feelslike_f,windchill_c,windchill_f,heatindex_c,heatindex_f,dewpoint_c,dewpoint_f,will_it_rain,chance_of_rain,will_it_snow,chance_of_snow,vis_km,vis_miles,gust_mph,gust_kph,uv
1735315200,2024-12-28 00:00,24.9,76.9,0,"{'text': 'Cloudy', 'icon': '//cdn.weatherapi.com/weather/64x64/night/119.png', 'code': 1006}",2.0,3.2,90,E,1012.0,29.89,0.0,0.0,0.0,92,74,27.8,82.0,24.9,76.9,27.8,82.0,23.5,74.2,0,0,0,0,10.0,6.0,3.7,5.9,0.0
1735318800,2024-12-28 01:00,24.7,76.4,0,"{'text': 'Cloudy', 'icon': '//cdn.weatherapi.com/weather/64x64/night/119.png', 'code': 1006}",1.6,2.5,115,ESE,1012.0,29.88,0.0,0.0,0.0,93,65,27.4,81.4,24.7,76.4,27.4,81.4,23.4,74.1,0,0,0,0,10.0,6.0,2.9,4.7,0.0
1735322400,2024-12-28 02:00,24.4,75.9,0,"{'text': 'Cloudy', 'icon': '//cdn.weatherapi.com/weather/64x64/night/119.png', 'code': 1006}",1.6,2.5,112,ESE,1011.0,29.87,0.0,0.0,0.0,93,73,27.1,80.8,24.4,75.9,27.1,80.8,23.3,73.9,0,0,0,0,10.0,6.0,2.9,4.6,0.0
1735326000,2024-12-28 03:00,24.2,75.5,0,"{'text': 'Cloudy', 'icon': '//cdn.weatherapi.com/weather/64x64/night/119.png', 'code': 1006}",1.6,2.5,93,E,1011.0,29.84,0.0,0.0,0.0,94,78,26.8,80.3,24.2,75.5,26.8,80.3,23.1,73.7,0,0,0,0,10.0,6.0,2.9,4.6,0.0
1735329600,2024-12-28 04:00,24.1,75.4,0,"{'text': 'Overcast', 'icon': '//cdn.weatherapi.com/weather/64x64/night/122.png', 'code': 1009}",2.0,3.2,76,ENE,1010.0,29.83,0.0,0.0,0.0,94,90,26.7,80.1,24.1,75.4,26.7,80.1,23.1,73.5,0,0,0,0,10.0,6.0,3.6,5.9,0.0
1735333200,2024-12-28 05:00,24.0,75.2,0,"{'text': 'Partly cloudy', 'icon': '//cdn.weatherapi.com/weather/64x64/night/116.png', 'code': 1003}",2.5,4.0,83,E,1010.0,29.83,0.0,0.0,0.0,94,32,26.5,79.8,24.0,75.2,26.5,79.8,22.9,73.3,0,0,0,0,10.0,6.0,4.5,7.2,0.0
1735336800,2024-12-28 06:00,23.8,74.8,0,"{'text': 'Partly cloudy', 'icon': '//cdn.weatherapi.com/weather/64x64/night/116.png', 'code': 1003}",2.7,4.3,72,ENE,1010.0,29.84,0.0,0.0,0.0,94,28,26.3,79.3,23.8,74.8,26.3,79.3,22.8,73.0,0,0,0,0,10.0,6.0,5.0,8.0,0.0
1735340400,2024-12-28 07:00,23.7,74.6,0,"{'text': 'Clear', 'icon': '//cdn.weatherapi.com/weather/64x64/night/113.png', 'code': 1000}",2.2,3.6,77,ENE,1011.0,29.86,0.0,0.0,0.0,93,21,26.1,79.0,23.7,74.6,26.1,79.0,22.6,72.6,0,0,0,0,10.0,6.0,4.2,6.8,0.0
1735344000,2024-12-28 08:00,24.2,75.6,1,"{'text': 'Sunny', 'icon': '//cdn.weatherapi.com/weather/64x64/day/113.png', 'code': 1000}",2.0,3.2,93,E,1012.0,29.88,0.0,0.0,0.0,92,25,26.7,80.1,24.2,75.6,26.7,80.1,22.8,73.0,0,0,0,0,10.0,6.0,3.5,5.6,6.0
1735347600,2024-12-28 09:00,25.4,77.7,1,"{'text': 'Partly cloudy', 'icon': '//cdn.weatherapi.com/weather/64x64/day/116.png', 'code': 1003}",2.0,3.2,94,E,1013.0,29.91,0.0,0.0,0.0,86,27,28.1,82.5,25.4,77.7,28.1,82.5,22.9,73.2,0,0,0,0,10.0,6.0,3.0,4.8,7.0
1735351200,2024-12-28 10:00,26.8,80.2,1,"{'text': 'Patchy rain possible', 'icon': '//cdn.weatherapi.com/weather/64x64/day/176.png', 'code': 1063}",2.5,4.0,81,E,1013.0,29.92,0.53,0.02,0.0,80,87,29.9,85.8,26.8,80.2,29.9,85.8,23.1,73.6,1,100,0,0,9.0,5.0,3.2,5.2,6.0
1735354800,2024-12-28 11:00,27.9,82.3,1,"{'text': 'Patchy rain possible', 'icon': '//cdn.weatherapi.com/weather/64x64/day/176.png', 'code': 1063}",1.3,2.2,78,ENE,1013.0,29.91,0.6,0.02,0.0,76,75,31.6,88.9,28.0,82.3,31.6,88.9,23.3,74.0,1,100,0,0,9.0,5.0,1.7,2.7,6.0
1735358400,2024-12-28 12:00,29.3,84.7,1,"{'text': 'Patchy rain possible', 'icon': '//cdn.weatherapi.com/weather/64x64/day/176.png', 'code': 1063}",0.7,1.1,319,NW,1012.0,29.88,0.3,0.01,0.0,72,70,33.7,92.6,29.3,84.7,33.7,92.6,23.6,74.5,1,100,0,0,9.0,5.0,0.8,1.3,6.0
1735362000,2024-12-28 13:00,30.1,86.2,1,"{'text': 'Patchy rain possible', 'icon': '//cdn.weatherapi.com/weather/64x64/day/176.png', 'code': 1063}",0.9,1.4,295,WNW,1011.0,29.85,1.43,0.06,0.0,69,77,35.0,95.0,30.1,86.2,35.0,95.0,23.8,74.8,1,100,0,0,9.0,5.0,1.3,2.1,7.0
1735365600,2024-12-28 14:00,30.1,86.2,1,"{'text': 'Patchy rain possible', 'icon': '//cdn.weatherapi.com/weather/64x64/day/176.png', 'code': 1063}",1.3,2.2,219,SW,1010.0,29.82,1.4,0.06,0.0,70,85,35.2,95.3,30.1,86.2,35.2,95.3,24.0,75.1,1,100,0,0,9.0,5.0,1.5,2.5,7.0
1735369200,2024-12-28 15:00,29.8,85.7,1,"{'text': 'Light rain shower', 'icon': '//cdn.weatherapi.com/weather/64x64/day/353.png', 'code': 1240}",1.1,1.8,268,W,1009.0,29.8,1.45,0.06,0.0,71,55,34.8,94.7,29.8,85.7,34.8,94.7,24.0,75.3,1,100,0,0,10.0,6.0,1.5,2.4,6.0
1735372800,2024-12-28 16:00,29.5,85.1,1,"{'text': 'Patchy light rain', 'icon': '//cdn.weatherapi.com/weather/64x64/day/293.png', 'code': 1180}",2.2,3.6,297,WNW,1008.0,29.77,1.38,0.05,0.0,72,88,34.3,93.7,29.5,85.1,34.3,93.7,24.0,75.2,1,100,0,0,9.0,5.0,2.9,4.7,6.0
1735376400,2024-12-28 17:00,28.5,83.3,1,"{'text': 'Moderate or heavy rain shower', 'icon': '//cdn.weatherapi.com/weather/64x64/day/356.png', 'code': 1243}",2.7,4.3,290,WNW,1008.0,29.76,3.19,0.13,0.0,79,75,33.3,91.9,28.5,83.3,33.3,91.9,24.5,76.1,1,100,0,0,7.0,4.0,4.7,7.6,6.0
1735380000,2024-12-28 18:00,27.3,81.2,1,"{'text': 'Moderate rain', 'icon': '//cdn.weatherapi.com/weather/64x64/day/302.png', 'code': 1189}",2.7,4.3,292,WNW,1009.0,29.78,2.55,0.1,0.0,86,78,31.8,89.2,27.3,81.2,31.8,89.2,24.8,76.7,1,100,0,0,7.0,4.0,4.3,6.8,6.0
1735383600,2024-12-28 19:00,25.9,78.5,1,"{'text': 'Moderate or heavy rain shower', 'icon': '//cdn.weatherapi.com/weather/64x64/day/356.png', 'code': 1243}",2.0,3.2,296,WNW,1009.0,29.8,3.58,0.14,0.0,90,85,29.2,84.6,25.9,78.5,29.2,84.6,24.0,75.2,1,100,0,0,7.0,4.0,4.2,6.7,6.0
1735387200,2024-12-28 20:00,25.3,77.6,0,"{'text': 'Moderate rain at times', 'icon': '//cdn.weatherapi.com/weather/64x64/night/299.png', 'code': 1186}",1.3,2.2,317,NW,1010.0,29.83,2.79,0.11,0.0,91,70,28.4,83.1,25.3,77.6,28.4,83.1,23.7,74.7,1,100,0,0,8.0,4.0,2.7,4.3,0.0
1735390800,2024-12-28 21:00,25.3,77.5,0,"{'text': 'Light rain shower', 'icon': '//cdn.weatherapi.com/weather/64x64/night/353.png', 'code': 1240}",0.9,1.4,10,N,1011.0,29.85,1.74,0.07,0.0,90,80,28.2,82.8,25.3,77.5,28.2,82.8,23.5,74.3,1,100,0,0,10.0,6.0,1.8,2.8,0.0
1735394400,2024-12-28 22:00,25.4,77.6,0,"{'text': 'Patchy rain possible', 'icon': '//cdn.weatherapi.com/weather/64x64/night/176.png', 'code': 1063}",0.4,0.7,17,NNE,1012.0,29.88,0.15,0.01,0.0,89,100,28.3,82.9,25.4,77.6,28.3,82.9,23.5,74.2,1,100,0,0,10.0,6.0,0.9,1.4,0.0
1735398000,2024-12-28 23:00,25.2,77.4,0,"{'text': 'Light rain shower', 'icon': '//cdn.weatherapi.com/weather/64x64/night/353.png', 'code': 1240}",1.8,2.9,65,ENE,1012.0,29.89,0.31,0.01,0.0,90,100,28.1,82.7,25.3,77.5,28.1,82.7,23.5,74.2,1,100,0,0,10.0,6.0,3.4,5.5,0.0
